-4167.87372157555
-3193.0918519625943
-3376.300993393489
-3394.111830840875
-3119.3183707647477
-5106.24312415322
-5195.124609107439
-3788.5643409415884
-3543.8063069506898
-4934.596263561784
-4077.487804676016
-2404.219087699374
-2666.72274964996
-1889.034356324761
-2402.736269752415
-2516.8888537810594
-2162.261933684145
-1994.9354516736873
-2019.9818374099655
-1996.6224832369037
-2171.6220911888863
-1812.4540491865741
-1793.7447520134813
-1632.4365815508374
-1776.8070482201838
-1751.0972780789316
-2208.8303127100594
-1751.1551380871376
-1742.5884362558454
-1916.6489575619496
-1866.490797333795
-1643.7286218561283
-1714.8314850190527
-1774.3126088975916
-1943.7856199825742
-1553.6153411002372
-1947.1700547312032
-2146.9872313946166
-2064.9575748801035
-1710.8503987091224
-2076.0572156663816
-1571.2971321216676
-1844.103956371028
-1791.9747230013463
-2067.2884625845813
-1823.2196509308856
-1719.8326304744216
-1862.8087719203813
-1694.6155713915127
-1677.2805406870978
-1541.177537339526
-1782.0979800771977
-1560.7223826511752
-2086.4025534591574
-1430.2181774897358
-1793.0857870021077
-1726.4681873762659
-1629.3362609838318
-1625.5404256859022
-1961.919723891969
-1725.7772665331258
-1500.9480047624324
-1926.657808004183
-1463.2310172161563
-1608.8735427135216
-1525.7478763815168
-1701.439982363736
-1773.420514617647
-1631.311896667107
-1733.9848708775885
-1808.3253139482335
-1625.151893851582
-1460.7491302896149
-1647.3849542905857
-1953.362021271831
-1389.3822429663182
-1638.4069425547445
-1829.096945707422
-1667.3213843336896
-1784.0637386193307
-1632.3919779451774
-1688.2375112914142
-1618.0020202754424
-1864.97681290571
-1392.109724501321
-1703.0464420043534
-1463.3110805913796
-1869.4156511164679
-1833.3576033472687
-1516.5217517428994
-2001.7450330416975
-1506.617779596747
-1787.3609687075773
-1545.451455754443
-1666.9101920415544
-1538.158151379185
-1501.915450753392
-1529.6291052141767
-1910.0750901938547
-1777.4160053566625
-1692.807202404377
-1778.8146181803047
-1514.7306752096847
-1531.4857615184396
-1752.1900146073058
-1821.7372850807678
-1702.166739668435
-1588.1853446739372
-1457.936955742988
-1755.6780976007394
-1580.670232061956
-1813.310873699924
-1844.9195186854467
-1516.683294870208
-1490.3212654238189
-1477.543486186273
-1686.879862972549
-1652.7837907978378
-1507.0898182955068
-1609.8970393365387
-1481.095647413584
-1605.9370158056238
-1521.1287681018525
-1660.1285160692944
-1725.4447502036041
-1572.5448262362227
-1865.1614999047076
-1626.5430968956282
-1589.048404182983
-1569.539186375129
-1810.8517300049436
-1622.430003417116
-1559.0133767392172
-1540.5810417485645
-1536.7590455755574
-1721.9924299990407
-1688.5474345306031
-1558.5162917415262
-1524.1210431859508
-1957.855266204889
-1717.9713954611723
-1456.3636924381558
-1611.8054985106385
-1532.3211398980643
-1632.1024795332173
-1526.3475480130242
-1560.496161791854
-1477.9188393263353
-1658.913267824396
-1508.644677903005
-1621.0569689450772
-1482.1596316023085
-1707.4169130698365
-1456.6878360820922
-1468.942411313784
-1598.2903539531817
-1713.2129389633837
-1488.133416177485
-1467.184861779701
-1516.139486503258
-1709.8115789833953
-1955.275957400062
-1667.0091553851337
-1527.735650777824
-1723.7869311011666
-1473.1146131435653
-1834.4070942275155
-1717.3754725960011
-1693.6721845603868
-1522.8488365330463
-1424.174353597169
-1604.3290826888463
-1646.5209141571713
-1519.0729427646922
-1592.9794663608802
-1499.4236451912318
-1627.5699639009345
-1542.2938217723768
-1702.2239966215834
-1647.2438757308591
-1394.4320369183627
-1679.9989694376152
-1534.2074924023402
-1744.7336107940023
-1629.2632040498784
-1445.1476913586293
-1591.3611128110667
-1817.357377845046
-1583.2346314132487
-1617.1629406883676
-1676.8073643733308
-1644.7541355206629
-1515.207416354654
-1535.9598717316667
-1709.4147537029583
-1643.300777043935
-1782.4906360554978
-1401.2407036259851
-1576.8909680022407
-1724.537884917599
-1506.314494430278
-1424.3954601303658
-1487.8255215568086
-1505.5848267428942
-1604.7454167459098
-1571.354139600159
-1797.1480320302344
-1500.542312457742
-1415.9112174751097
-1667.601894418685
-1479.1724647760661
-1955.4458295556117
-1564.590451158486
-1530.8667311486363
-1793.345122186418
-1447.6088787262995
-1410.640966226532
-1523.14280037239
-1550.3952991135293
-1596.1766041878027
-1572.4849753785022
-1869.9737766008816
-1571.922997582279
-1592.4981980080372
-1457.8800343546297
-1438.3377977037426
-1874.453406207216
-1671.1485755909769
-1652.0806721815518
-1538.0373615037663
-1529.9717673665411
-1693.3581709294676
-1650.41132090796
-1662.4514216233458
-1635.6551248478274
-1766.6277368566307
-1512.6476019188917
-1604.2967556602637
-1630.611976743569
-2015.0814966669714
-1527.2980965284962
-1598.062165151097
-1267.7783323154315
-1566.3250566722127
-1731.8095221410572
-1793.2488897945545
-1674.2175141604748
-1680.3931397611527
-1650.2349474836956
-1624.8963387595347
-1485.7134478985647
-1627.3941830675687
-1525.6988257208309
-1595.3481267130117
-1639.3970974044823
-1802.034318809706
-1468.8473135290333
-1470.0897363557815
-1389.1707173702684
-1641.2197697688057
-1412.8517049223333
-1579.557569694132
-1659.013794975233
-1678.610501268065
-1377.0821709943084
-1904.7982748358988
-1659.4495833999376
-1639.3818888144829
-1825.8925881759985
-1593.0258239824504
-1569.2057592661497
-1578.9765199560804
-1609.8131616869734
-1346.885028571554
-1547.1645451548122
-1653.9341154497797
-1722.3961131686913
-1594.2846728320908
-1559.5252731887456
-1548.8790375679223
-1558.5941910919214
-1526.2775088898536
-1383.9903662631818
-1588.5370164338876
-1668.1167559173616
-1542.4844201818883
-1514.6916964570198
-1335.0793612621246
-1480.6790828460287
-1488.6211369470436
-1698.1986566043306
-1637.8693468038311
-1613.3747717043286
-1479.5172196589556
-1539.1808921537893
-1726.381789452641
-1781.6934919976268
-1548.786157568945
-1455.1191994761393
-1672.713203207575
-1652.1045892176562
-1598.9268261132584
-1484.6594566012254
-1836.7063922614507
-1638.4570758198693
-1459.90046947862
-1401.4376903505845
-1818.9731131928406
-1902.5115447912758
-1583.9993825675424
-1708.9209411481636
-1643.3781071152325
-1651.432122003306
-1490.2168156203763
-1552.5904200629498
-1491.9647006356736
-1517.7301790150682
-1468.8641013571498
-1552.075820828772
-1703.1011109318122
-1552.0677031594234
-1543.0502408232096
-1641.072282194971
-1629.5908111768017
-1661.7681787133995
-1408.2049469446329
-1716.5974547505116
-1481.6766478285454
-1560.2489232952723
-1359.5376623673246
-1485.150351372987
-1645.634687921156
-1507.8159196010336
-1414.4797678519062
-1684.7651299163606
-1774.6592120400499
-1488.1384836499328
-1776.0856470220035
-1791.750113422523
-1518.6199384897952
-1680.917205820829
-1345.3460616458588
-1597.122515065298
-1452.7015717552288
-1640.2160746818972
-1527.5739980498379
-1547.994050218883
-1784.7077976826713
-1617.0696318350306
-1532.9460536364895
-1566.796020597807
-1538.6552527070853
-1511.978894710963
-1584.6366713262182
-1654.1539480757635
-1395.0827820463069
-1519.1285530262644
-1696.059548782951
-1300.3778382140902
-1661.1584521307861
-1641.3363531704872
-1548.9236215439948
-1506.4103896664162
-1428.2818428198018
-1649.2322923848747
-1467.4015983773602
-1509.5252877813134
-1413.7256791512273
-1574.8052532288452
-1342.784447073982
-1566.131938310781
-1484.5159003417202
-1504.8812569210909
-1530.416762340143
-1703.7186853275552
-1737.7457042580609
-1571.1793140800376
-1724.1385374880394
-1470.089763944147
-1457.8079306717818
-1378.977454364047
-1625.0780815031308
-1652.5380433855382
-1404.5419785897486
-1387.0466103251465
-1685.84061063897
-1684.9110100754497
-1656.5670849586033
-1663.5280208222055
-1454.9296037848285
-1584.5042991696944
-1518.9272467324379
-1379.3592200168855
-1390.7898220049383
-1556.3069053518198
-1698.9776817005763
-1478.8310238696504
-1499.0853588101336
-1576.497576395066
-1583.622985067185
-1782.5856967334707
-1903.9895590739518
-1782.592609655151
-1665.8673812891016
-1704.1331700250096
-1605.129385932816
-1505.8594369625964
-1433.563144476836
-1573.406249189246
-1432.806442845859
-1537.990133628109
-1539.1581430752135
-1667.2704117908615
-1616.892073939692
-1565.8426814160773
-1669.025077083884
-1697.771800615908
-1752.7793303392314
-1552.8166726234726
-1383.811144786489
-1565.7650526803104
-1538.0595637096035
-1527.4799770589339
-1522.7165699919033
-1706.7669569359623
-1508.816212965524
-1439.189199839186
-1405.2894297268365
-1579.445860364278
-1498.2491671770774
-1576.7608744380382
-1612.88961336255
-1725.1725911071505
-1595.5504002746586
-1275.4413555518224
-1729.6269497459427
-1496.927729164596
-1476.413443165428
-1440.8101247718719
-1606.665757780867
-1395.989619685833
-1489.650579261482
-1619.2402736287295
-1680.6050892239048
-1525.1047657168624
-1517.77757406781
-1740.6397606985024
-1344.4049704081665
-1551.2273108390661
-1453.5225554449087
-1503.8742664672195
-1489.5120398386127
-1408.1548995099115
-1713.0892415440255
-1760.6956453313974
-1331.6934771778472
-1611.522228838336
-1482.985813466771
-1568.4493153535989
-1556.1637007125184
-1348.584512961066
-1578.826667640255
-1505.85825603524
-1412.4638498204274
-1487.497069731754
-1726.1914799838269
-1409.1453663947862
-1643.696654992949
-1547.8855814859692
-1534.1670765829952
-1631.3029367075103
-1470.7523133259094
-1740.7011334890844
-1524.451205864491
-1507.216842624049
-1496.3046155210395
-1489.5334678110476
-1767.0290185495462
-1423.148308032902
-1496.4438351621332
-1466.7458750399612
-1585.8076093247419
-1497.700921146493
-1378.3326148384617
-1552.6662817117185
-1557.1371843338256
-1386.6574799188506
-1459.9522675361754
-1513.7780757099492
-1385.3620688495619
-1338.239464645826
-1479.0390605392347
-1440.9328473171647
-1465.4898377074128
-1496.5747484285846
-1677.0488681394854
-1702.9411777405019
-1473.342383170705
-1475.5487253660676
-1629.9093353388564
-1430.5929190206639
-1494.2184254969966
-1442.9662904125696
-1398.1826401268095
-1469.1172705351464
-1428.7804450349586
-1653.6727753162927
-1538.0187855699808
-1470.108568394443
-1591.2543749343865
-1410.0759101827384
-1589.0907524934844
-1625.6988334576608
-1660.7918508576365
-1366.2424503684242
-1494.8591313495695
-1714.2666889731158
-1411.676296944306
-1446.624683870635
-1428.6852258702422
-1274.448420311742
-1567.882915208836
-1725.7240494170082
-1580.3422863357341
-1572.5216596857456
-1730.504393405619
-1622.1872442206568
-1499.0263702659502
-1618.8320329988962
-1533.624044680839
-1409.6415773419515
-1403.880029178182
-1432.2096035204775
-1236.5900288272633
-1412.0799606051196
-1432.3787637017763
-1583.6561322431562
-1537.0573745571364
-1719.690712693512
-1532.6380930601322
-1356.4463051037947
-1507.4588738975472
-1457.1909086678875
-1370.3141940438177
-1569.8643667566535
-1472.165005723127
-1445.634755525135
-1390.0469511039153
-1647.044403385757
-1609.0906936658098
-1571.641019505098
-1577.3224561110453
-1340.9705157665173
-1413.7915103983746
-1608.2030226409015
-1802.5146289419738
-1455.1499640355185
-1508.188326972536
-1548.5578240231498
-1559.76815805795
-1272.9978797508456
-1409.944946150707
-1402.8200857059792
-1417.0766547640128
-1490.2629180160186
-1491.286295332391
-1480.3884427695011
-1455.2853019888096
-1318.6491337250334
-1587.7806639198216
-1312.8397686102544
-1432.1209917824592
-1713.2372018387878
-1624.1333036694562
-1388.5024356126225
-1689.8778211640401
-1453.4491040419284
-1546.8993975696703
-1775.0472226466982
-1376.3257727403748
-1493.5394140245735
-1432.3307466620952
-1840.7693046978582
-1552.1336189686685
-1354.6464867612888
-1511.9707357261152
-1461.7950263117039
-1478.3425847238143
-1636.1659882110744
-1516.0987861411659
-1423.0807264893233
-1558.6863844430923
-1649.5326563191634
-1511.1574568791718
-1414.7967175460342
-1528.2614079033694
-1504.2041403991484
-1367.6531816588674
-1591.4135986938477
-1466.488452225621
-1542.9313136795022
-1569.3216231349752
-1511.4394144968821
-1462.0737219308353
-1678.6293211846269
-1545.8049459739811
-1716.833902023071
-1379.500963482273
-1701.8786830301224
-1462.9769619043195
-1554.9173323464956
-1620.8346332462497
-1439.761916730783
-1669.0216297142053
-1740.3209046843142
-1531.7283288752842
-1475.689687351234
-1663.1710095900155
-1624.591900135997
-1603.9035623759366
-1488.2831819402754
-1640.0991712711611
-1443.566616890064
-1490.6426607922695
-1486.7087490558188
-1471.9217104207464
-1498.173249046783
-1451.8321363223715
-1582.3495502440803
-1470.3976644739196
-1467.5565590540045
-1337.7464685551338
-1432.6501759974262
-1526.229118344989
-1416.5711117144317
-1541.0465240386427
-1417.920490825441
-1380.9553045086584
-1547.4166779085404
-1642.1398868325584
-1416.7100114900927
-1443.2403226243978
-1357.7448401313475
-1537.3524433736166
-1429.0097555013283
-1442.8604120979844
-1631.0524815170802
-1391.0087267409629
-1635.6589094325925
-1638.2126556419707
-1552.6012678381544
-1426.3974140732278
-1559.2273090283381
-1491.0443742209384
-1388.3553876673855
-1640.9965603623612
-1654.40858107679
-1815.1487404041407
-1634.6772126506212
-1393.5379412861107
-1442.8421927430943
-1496.4484003331875
-1568.4925484784328
-1789.9426146069652
-1494.5171647310394
-1441.8834501303832
-1495.1436300948667
-1501.2113611531156
-1570.479020089698
-1451.0884482240629
-1365.82426211661
-1553.2524662483645
-1470.6569222811804
-1585.9520045943489
-1408.091020345004
-1567.2356371134185
-1448.053956616705
-1559.6328301856952
-1383.5072084413732
-1520.8989558458188
-1476.1382409549742
-1425.3158497503603
-1635.6845516535652
-1487.2493563909145
-1369.850016062611
-1570.8222164695837
-1508.0885887200782
-1411.8050069444466
-1418.9498205352838
-1420.5813834286373
-1480.4808869734075
-1603.125832867137
-1449.4697511584152
-1383.869904342589
-1377.0508466246613
-1509.8800060423137
-1609.1825377095652
-1516.2591615144343
-1457.9711238010123
-1453.6093625631152
-1330.5409361093427
-1580.047468855687
-1352.6031592591116
-1413.7039705796933
-1529.147090747773
-1393.4402317338784
-1553.1184317789034
-1546.273931700839
-1565.402688952306
-1442.0750490456614
-1467.4401327739738
-1645.8863449966118
-1472.5947870179673
-1553.8189803083878
-1552.4360686744305
-1340.1029066384694
-1558.2198894622124
-1458.6475688085284
-1684.7397170993006
-1483.1376664569361
-1472.6356349075231
-1648.4140423993626
-1480.165966935668
-1329.3206322851577
-1389.9238024712477
-1563.1468579309173
-1365.4721494161754
-1589.3912250318076
-1614.8095364881804
-1405.0418717310874
-1575.0927461298402
-1429.0463168617107
-1534.072456164672
-1479.68653307452
-1612.130158417031
-1488.8772125746175
-1523.0926817389582
-1505.0007701431778
-1499.0859286220702
-1544.1523516837685
-1514.7875134081073
-1582.1271137179767
-1586.9338926227936
-1617.3249323619825
-1224.5858613009148
-1551.265188134873
-1520.7935438883778
-1365.5011447999937
-1441.0315787245877
-1428.735541486641
-1529.8137518450105
-1631.7399663791518
-1546.9530818375788
-1466.497352175724
-1378.2002536432838
-1451.3417463050985
-1492.9839120581757
-1404.6399290219217
-1521.5457925493085
-1297.229982089064
-1570.732580057572
-1432.0595025996424
-1536.0636047621392
-1687.3660718280398
-1791.8330663405043
-1516.3780950718967
-1691.3444758858057
-1639.2713436795455
-1722.6596280431102
-1451.0849346570506
-1467.1743916359922
-1418.85558258857
-1364.147003361487
-1321.5666846877791
-1529.228588089915
-1594.2763804433712
-1537.1763058117601
-1285.769757035664
-1464.6530995641251
-1433.7085337833335
-1561.6419251858142
-1591.807803236436
-1389.042561718631
-1274.8393423448667
-1558.73634246219
-1646.8065937069655
-1462.5806423559902
-1586.9896246876863
-1401.5232424139874
-1264.1879149259853
-1460.6801646536594
-1503.4633370539018
-1308.729742931018
-1466.221901692807
-1388.4970313676904
-1509.7177379045024
-1502.6453955138147
-1339.0146639704355
-1503.6679735148996
-1561.6837600082708
-1429.0444324166356
-1398.9877118066602
-1402.6097860795471
-1463.4745621225077
-1258.709840068345
-1454.4606014883207
-1437.079067965034
-1754.6596851179827
-1297.2834295710966
-1385.6635775836912
-1484.0400320674814
-1573.9014379190664
-1360.4316206127241
-1592.636998718217
-1430.3721070527208
-1504.2105272127524
-1589.5777583758318
-1419.2523035430183
-1347.4236401805624
-1585.1497240644562
-1358.7343015463591
-1370.8734368167768
-1565.1216875552527
-1738.1430817514572
-1478.3164722210133
-1301.9450115610623
-1413.1292083613268
-1382.5475807763323
-1630.1440954414043
-1410.3075404631284
-1353.3814662764205
-1536.0913230389147
-1349.2906567065972
-1471.2457588015923
-1305.82123288237
-1483.7204900048653
-1451.5955505111804
-1382.5296278743133
-1405.2471492734305
-1457.8714777260955
-1436.3064469675705
-1572.854923651648
-1550.9517420182929
-1513.6428301658718
-1600.5634642899836
-1584.5239595237279
-1683.3800605731753
-1623.5728940202441
-1571.461278858751
-1599.5099193041528
-1515.081000114616
-1490.5072010638976
-1435.4784110986275
-1218.1873587787795
-1493.9767915410705
-1588.5464976079859
-1379.1654864356951
-1622.5195952280537
-1397.074313284701
-1430.7326432894354
-1500.1639022776296
-1236.6106553713644
-1553.926712006856
-1229.4216645220738
-1485.8675968480209
-1356.8007337839904
-1355.792084859091
-1477.8935271236744
-1374.2669475814262
-1579.6250916069357
-1487.978038591185
-1462.7463913400027
-1353.1905613444542
-1437.7708030737388
-1581.8987347759994
-1408.2393512146177
-1365.7335221559092
-1546.0861663027806
-1430.1600631627439
-1506.7897672888478
-1580.7304904810378
-1467.3832332922934
-1457.5693956070797
-1533.3637428378888
-1391.1215347860707
-1774.0918150989976
-1360.3539401249159
-1459.316711511491
-1363.0746538178935
-1525.811109525732
-1479.0392312328484
-1329.3137642026563
-1376.1388118645723
-1459.0071177196123
-1270.6617029960155
-1284.3422983431867
-1375.3886645074574
-1308.3471632207284
-1563.3272270769112
-1427.065804264884
-1474.4403093773253
-1488.3096598479085
-1342.7251860930353
-1493.6186671844566
-1468.5066350623608
-1568.937000791822
-1534.49265464458
-1510.2457169976085
-1426.185121110403
-1354.9209447540427
-1347.3789613674314
-1377.1121822945022
-1574.7861188367085
-1388.0910877334386
-1411.0448241091367
-1510.9768307788568
-1388.890477951834
-1425.2230367031232
-1422.2378682233236
-1452.08545337681
-1398.805205170772
-1559.5697288875072
-1270.8965253691763
-1440.330860558636
-1324.4175558387608
-1489.4324362127857
-1416.511623390608
-1410.6010518083929
-1633.6033639675643
-1444.2717638349143
-1517.5754772241137
-1445.598306228986
-1696.4154816654025
-1493.69807811398
-1378.4007500009823
-1572.7755528505961
-1338.351932029578
-1505.008116580315
-1575.2779400744957
-1451.914746355167
-1413.6555135140704
-1447.2639401358863
-1234.1287501645697
-1411.9458601977326
-1393.854613642717
-1383.1300144113632
-1577.4492662879181
-1374.0936401070499
-1362.9731821224584
-1526.367897494552
-1362.4730720859716
-1324.6951692304006
-1566.446960026178
-1468.0503008389705
-1427.291779337648
-1465.1124096505378
-1406.1578231468134
-1560.7043857920635
-1335.7064464846037
-1489.8085028441676
-1402.17844903215
-1494.8611569325374
-1482.130482257955
-1393.6742543930773
-1412.5808485154214
-1426.6036527271547
-1595.032713453519
-1617.8365321288902
-1600.2885611277652
-1441.1767111435404
-1444.273930942372
-1449.876337876395
-1441.8618781361026
-1396.5993183978785
-1437.7302287261373
-1574.1684551838937
-1478.6420262946108
-1192.480107272537
-1264.9388144861218
-1530.4325826986765
-1535.5111353955338
-1440.5518000655927
-1483.3136980504974
-1201.5051084358925
-1407.1520927293936
-1446.1510235571275
-1441.3990714634729
-1462.8620828394685
-1380.432509930364
-1596.0440240099283
-1518.8870035583718
-1286.951804516002
-1328.4103775136703
-1411.4993315824788
-1689.3467770827153
-1428.713347589278
-1524.828772289047
-1507.2408745890198
-1455.2242453112183
-1580.1598696574338
-1655.9887597647491
-1530.2483751212565
-1500.8430256616782
-1311.694966887597
-1419.4868274983107
-1485.8968506962572
-1416.2090857567134
-1281.9485891592246
-1586.9932071747317
-1423.5973887087769
-1344.9350423672922
-1332.5606542736239
-1786.0526997966579
-1506.9625048841551
-1310.9332291981088
-1491.642968946037
-1499.9762018679978
-1379.7880218452951
-1307.8236728681156
-1508.3016354244064
-1579.389641759376
-1631.5291668243603
-1542.262061178138
-1330.9499986911158
-1524.7745936544459
-1415.9681848391983
-1295.468684080893
-1583.5515893512754
-1509.562706946027
-1248.3828586892485
-1480.6297308964201
-1520.9796328887528
-1413.412396429782
-1374.3833976055553
-1463.241702731832
-1348.6124532127048
-1390.9383176452116
-1568.258741540523
-1507.2898013096271
-1412.5024664140965
-1438.8983379739618
-1490.996443659801
-1414.6094806816736
-1572.4049443426898
-1475.8790593594963
-1704.8659118028354
-1373.0499858839742
-1486.8686234944978
-1329.8987163985466
-1405.6769525533405
-1334.1028261674478
-1387.4558133667251
-1461.9508483869333
-1570.8255074613714
-1414.657386740633
-1595.574574486023
-1447.7863966254793
-1444.1288394338164
-1371.503804733451
-1569.8442733503564
-1503.2398638120924
-1334.7599273878795
-1432.2869813159537
-1539.9857487294164
-1488.1485747510594
-1322.913249789004
-1402.266951254252
-1341.8796038892347
-1658.959133853464
-1332.0816328830688
-1322.387949983135
-1299.4074606562071
-1304.0627257606272
-1500.8538723941824
-1513.7673470341992
-1342.7585726577504
-1641.4864575259335
-1327.43469917705
-1426.455778102134
-1365.7253116106817
-1542.7618576887085
-1554.7712770162118
-1618.7275942969245
-1579.6968589309727
-1410.5507915017413
-1538.3289827793476
-1499.5338700828295
-1344.8272177330111
-1401.0480576481114
-1355.8200288865803
-1604.6097747350482
-1486.0826369048586
-1360.07960982344
-1681.7242227512313
-1470.068715744918
-1371.3192551024356
-1369.0956784808068
-1549.1736021141799
-1457.1966506833332
-1496.4310960238436
-1579.0637158191614
-1604.3390770807969
-1313.5471193854373
-1333.6927358019582
-1363.144463013124
-1407.0271667970653
-1504.0249592083037
-1401.754554701328
-1541.5684366259754
-1754.2321783211491
-1556.267566211449
-1606.5239604389592
-1487.6361364050658
-1449.1848039317779
-1494.1434084849486
-1641.2573947645978
-1528.7786877307376
-1402.7336813038978
-1255.7749358270494
-1569.028560662432
-1325.9553809791853
-1630.4271408102288
-1505.2261185610942
-1487.1707938272546
-1478.849895167407
-1390.2602978605366
-1356.8997657766085
-1452.028162270999
-1446.447480910699
-1332.9286353216082
-1428.031746768288
-1358.227094499615
-1415.7777478171863
-1448.8544743716259
-1647.1263025565117
-1505.741603093954
-1469.65196074397
-1411.4575435638492
-1552.3904292607767
-1486.7838004322641
-1367.9837133710703
-1467.7378148723208
-1407.77260770904
-1517.0930316141828
-1313.4437297439358
-1433.6683068753514
-1434.5064454254239
-1446.29433506627
-1430.1817854207864
-1347.1190617711486
-1541.2852136612682
-1416.5937611893023
-1376.735332901906
-1322.6088571492246
-1523.8458452685688
-1499.2620075272932
-1293.5463010484762
-1446.9129978050908
-1378.2689325760737
-1461.475002734428
-1587.5336093152116
-1488.3059542040953
-1525.4029018648598
-1620.514797079368
-1502.8949137661211
-1431.9175142151678
-1267.8076118403233
-1589.4553112780575
-1571.0204572849857
-1538.0803960806245
-1472.7025916124308
-1528.65573521644
-1540.9411004239114
-1369.0700351394705
-1381.5365662614456
-1248.2803923062097
-1461.4611406741687
-1536.1178867158264
-1561.184425730215
-1405.5958315619441
-1760.383326479329
-1339.2169897430333
-1604.3056898101847
-1529.1334721487697
-1473.526473760484
-1482.790047827381
-1461.0143428414117
-1420.40637038139
-1463.1299690706235
-1402.5323059233062
-1575.9507208971838
-1245.8533367157672
-1497.3471076156943
-1423.954709983594
-1409.6369337277972
-1418.6998173075779
-1493.916183262361
-1486.8024604082561
-1387.0306942658015
-1320.2514935916524
-1454.5672925590657
-1497.0199113722138
-1467.6922800973866
-1646.8115717500807
-1331.6639700456635
-1506.0145551552298
-1374.0746885170417
-1555.7351155474857
-1394.2502831617896
-1570.935046534448
-1502.831556840994
-1335.4720039243603
-1528.839854855218
-1396.153521686671
-1364.9506270198963
-1533.9262582221847
-1345.464531734444
-1339.6970292635783
-1329.294020456549
-1269.32739583452
-1352.846305326731
-1504.292640559492
-1542.1668120687257
-1339.3619188209493
-1425.3761928872693
-1327.5703288284078
-1693.9639088964764
-1520.623662598503
-1615.3205725107753
-1559.5633896727725
-1482.6544419840786
-1395.0757424287538
-1447.4893218081268
-1583.458185132022
-1444.5207738652184
-1476.8947811144353
-1514.5436320076556
-1466.2911303430908
-1461.1459998759574
-1500.1080635277483
-1517.423581422928
-1576.1930685405573
-1383.337206006976
-1272.6342619967359
-1418.3672105282267
-1381.9361177503922
-1403.0780603373964
-1390.7472648528374
-1530.8723997214315
-1601.8830194995758
-1558.8040610198786
-1544.2348043052016
-1748.0441676068108
-1479.5046607578427
-1317.1684135284395
-1501.8985541886784
-1393.9874263356292
-1588.9740193750727
-1240.4287595675344
-1614.728389279331
-1446.4594803334396
-1304.5029273767311
-1555.2377676812393
-1448.614284607529
-1424.9598844415873
-1489.817051886326
-1525.88270760761
-1351.4302854792475
-1601.719865437924
-1452.529940859676
-1496.3919142161149
-1477.4415316828656
-1480.6677451542384
-1459.3448938330794
-1417.1060924816259
-1353.385604949163
-1666.0850645955602
-1474.923558640154
-1272.5934621156077
-1407.2313243121623
-1405.0399360871213
-1602.1454522933404
-1405.9855221621203
-1473.0442654977726
-1333.820460037183
-1412.8713476048554
-1353.3923440198125
-1376.2013857399359
-1413.2422981966056
-1347.7617408624626
-1317.4775798792716
-1351.148490226611
-1683.9712536673362
-1427.9497396412698
-1447.148540590839
-1569.1322236679855
-1300.9756088393638
-1364.1849299826786
-1607.1575686822393
-1411.7712014369743
-1520.0738736054461
-1345.5658767939547
-1658.7201732770886
-1456.7442793979028
-1444.3803907729882
-1455.3750260730087
-1528.339265162705
-1411.446888407519
-1484.6149461820946
-1592.2345096577235
-1434.1320018063868
-1370.8082771885493
-1306.5519124725295
-1380.3589133666308
-1464.2802135229113
-1467.0072414374756
-1462.322862820502
-1568.1005714718594
-1531.634852421253
-1742.7644757632352
-1453.4126753356813
-1433.4385388905184
-1247.8815689393446
-1396.5143001259116
-1451.652186382883
-1434.607862347852
-1523.5149185195294
-1321.1724732574612
-1347.5684742821977
-1540.839746050724
-1401.0688447130449
-1388.1087319400615
-1425.0225556673215
-1544.5501365227599
-1348.9759690107085
-1435.6464460310422
-1363.3771845864574
-1548.6529352770228
-1189.0935988717965
-1506.2751366819089
-1546.145177238302
-1377.2681692033482
-1471.7153447946264
-1432.0913658180225
-1354.2425029114024
-1276.009234335712
-1351.5673579258732
-1368.6771706662933
-1412.7558091048684
-1514.4653065542411
-1533.7304264750853
-1423.8917476109189
-1444.8519335467522
-1343.85475798065
-1479.7814001683414
-1352.4207292488577
-1431.868405939532
-1292.2569607822447
-1276.410069070748
-1473.0022872047844
-1468.9002540435001
-1460.6924789711825
-1483.8177495341918
-1571.038048568749
-1335.266930767842
-1554.4084901031488
-1343.8042533340658
-1510.6556464751466
-1425.3329121796567
-1543.3745820887336
-1704.3143340970905
-1447.567050968875
-1503.0084006227187
-1544.3886341727264
-1536.26563325045
-1592.1338294317663
-1431.0689887379604
-1505.6016367316333
-1482.731887736185
-1684.1487866795555
-1445.111081357236
-1583.3189114578422
-1395.0208076876293
-1503.4493837402838
-1440.9133747134795
-1396.624807201696
-1365.236147021012
-1475.1137872942168
-1450.943179101821
-1479.9207268397806
-1516.2166709293706
-1363.3372220830906
-1393.8994532542667
-1539.3327147867676
-1412.4847728114048
-1390.6815678529006
-1576.3617664395206
-1474.4090181034094
-1477.3033867732843
-1465.9100461391647
-1404.2376160597016
-1592.6475745102089
-1498.6683465991773
-1457.8909780451468
-1409.6421805236293
-1588.403634854228
-1396.5354028413287
-1427.1422378370958
-1422.9846205643025
-1460.8177087519305
-1322.3350337776985
-1478.5867640195186
-1397.8960312669517
-1417.9739870235335
-1592.3759842446025
-1493.8973150308977
-1387.8804393678254
-1444.3942473198408
-1476.3983711991025
-1496.1856323629509
-1382.2851404461219
-1497.2696605862072
-1406.0419575956573
-1390.7576189065144
-1517.6516735047228
-1344.369378892324
-1299.6451238625114
-1497.004282571986
-1449.9717963646938
-1510.06519694418
-1400.2604427026333
-1397.014325405689
-1514.5454389281258
-1485.4120175461867
-1293.4011496664414
-1512.0237978709943
-1512.7775917361778
-1499.8307723004991
-1377.7794565124113
-1438.3064723332413
-1429.956575867893
-1378.3932423238298
-1443.5777393202795
-1511.800800045544
-1364.7548596956874
-1635.889474379754
-1477.3850636273582
-1482.9811781392866
-1427.9337345258482
-1421.3806745004313
-1501.8599537165337
-1517.7609993836177
-1501.6631981358075
-1436.9998270486888
-1625.4449188098374
-1406.7808022213146
-1259.3714216681462
-1307.9287625230943
-1375.4034808956433
-1442.7519689824187
-1365.5189790397053
-1347.0860841809592
-1705.2518868265245
-1419.920024247447
-1308.4079464364577
-1466.829824203586
-1302.090726312197
-1363.0950195702364
-1470.02175753623
-1455.481761768612
-1469.4913466237278
-1382.441505947361
-1348.8324797796279
-1497.5587986325102
-1408.2101513172763
-1418.0585607408643
-1469.8392291578352
-1437.9873237030436
-1349.654122176065
-1429.1753988397797
-1388.04206975457
-1505.9112232281157
-1407.0584394301568
-1397.4624987661093
-1406.5912529429909
-1478.7837431711132
-1443.1639915034891
-1450.1930804798071
-1271.3406385219353
-1251.152615710792
-1409.069639152923
-1488.6253202481728
-1528.0709452673334
-1295.755873496879
-1377.3569865674585
-1471.431526829276
-1429.2753794130517
-1320.5156518686413
-1413.052010869334
-1566.7485400390494
-1573.365876318719
-1497.9006678488508
-1345.5207740073406
-1663.367714810917
-1378.833716918633
-1417.4564478086859
-1401.3449145554764
-1251.8576193971633
-1536.6265974375515
-1468.583072394049
-1392.6784926299322
-1389.2091995909695
-1335.8553166863082
-1329.9482504971954
-1502.31038059115
-1410.2905223924377
-1653.7456659320032
-1347.7766291235814
-1546.2616096078216
-1549.286427409971
-1506.7373862053598
-1551.3724634287103
-1501.6626200060332
-1540.1804880682932
-1443.042169057657
-1391.9423271195672
-1355.706699474575
-1448.8079717491319
-1587.930872169835
-1401.7725934392283
-1368.358852407648
-1400.5265684334724
-1214.035008824567
-1420.9611920712582
-1585.9097833949181
-1581.6718870431666
-1386.3260897280675
-1463.137739853765
-1574.2499796209722
-1374.4451402278157
-1494.8816633625781
-1538.599860900689
-1347.9056390401147
-1546.5309631498258
-1412.2725185002948
-1631.9829160905526
-1529.3328988425094
-1455.1479221500458
-1461.7772165633785
-1502.3983980348924
-1633.0514957708808
-1348.5562216946898
-1478.2540738597631
-1538.105725916187
-1306.8614031441032
-1496.7437976477995
-1537.5604089184842
-1610.6217435823041
-1534.4661056093623
-1484.4845513215055
-1346.6986884692858
-1557.5832690239602
-1655.5486377637365
-1325.8094078763497
-1461.2116288270604
-1500.2983970298526
-1539.3937028530725
-1322.8158519673605
-1438.1641082834994
-1461.6669039885721
-1507.0687268912639
-1448.8023564593425
-1491.1832163526312
-1428.7086987210632
-1392.896445359417
-1522.2715682597102
-1317.130788113577
-1240.195648577509
-1413.382584591613
-1389.5060012534236
-1471.9923406010469
-1379.0180368291813
-1370.3833632993208
-1506.1776894208074
-1358.6757053574831
-1473.8761762206054
-1644.9035658464074
-1435.1358571474445
-1455.471934134669
-1335.751213478059
-1492.3216133377587
-1338.1102065394166
-1309.4824411991385
-1397.6899852364115
-1482.832521160283
-1457.3286329465723
-1473.607575203101
-1522.587416740921
-1459.6588950937348
-1374.542611870848
-1350.186886569175
-1563.487082763969
-1458.4840791442214
-1522.2981518593976
-1379.8155810349062
-1413.409196557848
-1423.2627592788992
-1511.6905481759914
-1462.7919316906457
-1362.196619092214
-1315.4083617993108
-1348.4390261437895
-1376.1148487674832
-1378.358179921337
-1531.9749213196883
-1437.3890441723522
-1432.6723199897049
-1525.5553543274507
-1344.647027384019
-1334.932391588767
-1403.4326704757964
-1380.4096325698094
-1434.205331997045
-1518.4196196352634
-1290.1078080163024
-1393.730430907442
-1476.6467298996092
-1760.900518560341
-1334.116344870689
-1498.4180819757944
-1380.5216682387793
-1305.1690886876565
-1401.2165842860568
-1403.893493089747
-1447.194558511328
-1572.086595041543
-1329.7938697511381
-1437.0033834870972
-1455.9445322976694
-1433.632503261879
-1389.0603204099557
-1331.308510851167
-1370.2616501366444
-1238.280188574441
-1538.6386857130778
-1613.7443511108343
-1395.1683845906873
-1464.9690085430761
-1422.9507832929692
-1504.884864541848
-1546.0253126510272
-1354.6740465672094
-1526.4683792248732
-1440.8656660469676
-1533.3279190916812
-1631.9908570382618
-1428.5017829836238
-1435.598876859449
-1324.070417388491
-1440.3158813084813
-1331.0760266409025
-1749.6432838404316
-1659.486870998734
-1547.260108644523
-1292.632991842954
-1395.1328630885698
-1435.7556412756694
-1401.6095706726453
-1403.9758955479203
-1310.0827993419027
-1509.7062731859808
-1496.0249181622464
-1569.3382303462033
-1456.2266633023576
-1528.4996525552713
-1600.3473046549466
-1487.7834874313323
-1604.4404182796736
-1528.67907765322
-1417.908511106753
-1487.8578992649514
-1518.538115735777
-1610.9589444329902
-1365.901661755876
-1602.0203160682609
-1347.4326667386233
-1307.3229404366202
-1400.6362739397823
-1628.015012550172
-1464.9324092986533
-1589.3704546648837
-1364.2632515001403
-1436.1014969948606
-1528.9084270079384
-1384.2129623582243
-1513.942826521485
-1491.4106506154799
-1517.8114182853294
-1456.6037730302626
-1465.4645409215038
-1413.36231225472
-1553.5920231796968
-1475.8854546894033
-1529.3392431259322
-1263.452287097434
-1470.3155024239663
-1418.4782863362404
-1376.5313725927422
-1679.788786132425
-1433.8105602280514
-1428.2645143138209
-1375.8708790655405
-1530.0311526332475
-1424.99529267119
-1249.6666602975934
-1531.7399059510155
-1610.6949014850697
-1467.73350476213
-1307.7046340315774
-1335.9267322509386
-1471.4557531175367
-1346.7073216951783
-1654.2372025659063
-1327.9270294439937
-1457.3714013206081
-1629.636877221138
-1525.494396837746
-1258.655343362144
-1368.6618430728786
-1406.4177944768667
-1410.562999744244
-1386.4833332131186
-1642.8372965515703
-1462.6162152062566
-1484.4705562177064
-1697.9614263513292
-1534.630247763579
-1504.6144315355566
-1373.969250117926
-1398.3829928419636
-1388.5624355684788
-1379.6602034118125
-1513.82950488875
-1493.017311710339
-1420.9707407894446
-1202.2566114269837
-1453.9540867507683
-1402.2385058976702
-1633.1340654997189
-1202.0348902148687
-1523.1015654728028
-1366.2730614164846
-1426.5188831394848
-1348.0822543933346
-1398.6268170259846
-1463.851142786729
-1515.0667104897532
-1566.160670991879
-1465.719246898713
-1346.7604915980444
-1524.0798838534206
-1413.1493160163172
-1341.9536099377415
-1381.3398309404647
-1533.7142294783894
-1409.9543739406304
-1262.5819888172232
-1545.9621168269416
-1393.9463652070929
-1411.8235957236254
-1390.2524066919034
-1690.297695692467
-1443.5140342879313
-1405.3169944847773
-1500.1121361358857
-1455.7688829724384
-1376.0530082117994
-1540.411365724927
-1420.7404155980864
-1633.0482331722333
-1573.2441016211667
-1501.736014157545
-1464.5936513560328
-1466.9587261358863
-1514.6982794247917
-1305.2583804595872
-1495.194649713528
-1344.7604665738027
-1427.4400700251047
-1495.8251264182
-1580.05331100244
-1485.1168597310684
-1382.1241721526035
-1473.0976309780785
-1385.6238272600174
-1435.662747592437
-1476.7042141242482
-1493.6579941096845
-1458.2513058503343
-1531.901480658538
-1434.3120715791297
-1492.8270967059245
-1336.0246323948522
-1573.2587329255537
-1492.9751806577394
-1552.347589261424
-1539.2642433122053
-1539.470767322338
-1557.2568976415778
-1761.6449141901094
-1394.1756168196468
-1461.348057743804
-1469.0108099953068
-1640.9918102153845
-1475.2937456610898
-1417.247155894856
-1340.054147437912
-1483.4442304154738
-1487.5560848092387
-1392.5741488213937
-1489.8751806407058
-1443.087736317314
-1335.9208494736897
-1471.7164455410273
-1420.5284909966524
-1133.4525485986635
-1349.9064126408232
-1398.2243157728515
-1446.984988308135
-1419.4477888087408
-1508.7058056831975
-1434.986542837446
-1514.3767893589527
-1484.8847332276755
-1448.9400603043543
-1496.8123193944032
-1481.6196124574171
-1505.9778434582163
-1414.9881700071621
-1631.3813729769452
-1584.9276712582412
-1391.1667169582856
-1315.686247577462
-1384.521572634882
-1477.0546026447469
-1392.0943060993466
-1433.0063343716604
-1441.6757111017603
-1467.8641214355787
-1360.2632725818762
-1547.3609260211388
-1447.5000468531352
-1410.6925112698311
-1389.376671184601
-1452.9777913101127
-1391.7933240985908
-1358.0916173560072
-1596.8261202545011
-1376.1446105521295
-1382.697375401185
-1484.4307781048362
-1393.03219693876
-1522.908397288012
-1438.830379682346
-1580.5775546682808
-1232.4920026642374
-1449.2812502856393
-1296.2096850701405
-1577.7534765203006
-1432.5040644217324
-1576.0639096180682
-1463.1523338396505
-1447.1625954531407
-1562.1923500788362
-1511.3638032269419
-1417.9632018972463
-1369.3411240163855
-1318.850198059418
-1363.46674754964
-1588.8633056342812
-1347.9944399549436
-1338.2296136919513
-1481.4743187397405
-1451.5449210776073
-1476.2328124016408
-1551.0803663318138
-1526.5038806020527
-1477.8910270350957
-1408.4644299533734
-1423.7256498626912
-1490.6555011847026
-1527.7060970896061
-1499.7219340411762
-1557.8091914505637
-1432.4121027775143
-1460.078373991814
-1529.9662733860387
-1553.0089753348489
-1544.819260955735
-1441.9214941281234
-1381.3979256555497
-1492.661406120089
-1328.6579557913776
-1596.101026059913
-1558.9584616372301
-1311.544224156612
-1304.2884465443562
-1367.5583647288918
-1343.2471723664382
-1454.655548684823
-1423.0661940843318
-1253.6497160744716
-1696.32483417416
-1409.8738532373136
-1497.0020707769386
-1450.9948806835796
-1488.3263739683593
-1527.7466544173576
-1503.6859707262408
-1377.4996902965242
-1411.2048053968826
-1334.409911531005
-1297.0224823529436
-1414.1189296835655
-1409.007258444464
-1486.8836704486168
-1586.2449663489224
-1206.5441486644806
-1344.0635657407488
-1458.4386302412179
-1394.5731092092828
-1197.0508220160752
-1433.1851653163026
-1323.9123136836943
-1438.2857504262086
-1392.8807521798592
-1418.6113933142753
-1456.1033371509
-1418.3290797775308
-1528.502759210596
-1390.2744779238533
-1666.1881521012826
-1545.3943541568522
-1336.7204941991308
-1325.4009177027522
-1462.9738694327411
-1323.8490820949037
-1378.3258164730369
-1496.4263562354583
-1411.0735417981675
-1425.646444606663
-1459.0302217293404
-1417.0359840662231
-1468.2440724813687
-1312.5386116280322
-1403.4976282749903
-1504.5594691153383
-1387.2113551163952
-1306.099278869152
-1445.1085109453163
-1508.0962099074884
-1355.6956354710642
-1540.7315612866541
-1461.6827269184655
-1559.607835983437
-1296.239976315636
-1467.5974244251413
-1568.4617740620863
-1424.361859538113
-1659.1122637147935
-1511.5875385055026
-1535.4397409003827
-1422.548531191161
-1512.5394191302405
-1430.5146967844735
-1557.713625053821
-1428.2728533625582
-1420.6081689197015
-1476.925517381323
-1402.2649859474177
-1463.9024818465577
-1398.902166367439
-1608.4556086789469
-1432.1566438769116
-1399.4475453472091
-1470.5978231488045
-1308.0456467895656
-1483.7919999359933
-1609.0131173091288
-1474.3261323581153
-1425.7684665827148
-1456.2463071600891
-1508.9080564564197
-1491.5452978912854
-1378.1889490923659
-1399.116514593867
-1305.96609433734
-1535.668233762155
-1458.8621307418512
-1583.2545557228166

