-2237.045368555045
-1920.6278509688325
-2190.0633627651996
-2062.6104465813337
-2048.1705726013647
-2018.4041163042536
-2181.2621638700557
-2446.7855145481676
-2154.895776097069
-2228.628807171189
-5920.62499158228
-2638.1569589891683
-2290.717188266779
-2224.4903553230242
-2140.6049882184802
-1984.972155315518
-1900.791874051537
-1995.8688721235458
-2222.7175385434807
-2041.2022144093276
-1825.714332569319
-2157.315559436722
-2235.367521263907
-1933.9855357907088
-2367.687605867146
-2347.3989920767203
-1851.7860591704664
-2028.560515690187
-1865.7744760776689
-1876.6677823599284
-2030.094937317216
-2215.775610795611
-1872.7904690458602
-1826.0411976753583
-2151.020424718747
-1804.957506555106
-1925.719837934338
-1820.5158004084008
-1786.033374963372
-1736.4412595196277
-1847.815090917964
-1865.5165348091118
-1968.4524263872763
-1980.7361512207185
-1797.159781327255
-1992.1254463809187
-1909.413073829158
-1806.9906683975846
-1869.6082370906988
-1849.2813358486699
-2052.159248928294
-1927.323619575936
-2039.1921816954589
-1933.2787028052521
-1811.1494624715979
-1769.0923370426183
-1855.6710556552484
-1688.6566691171477
-2001.646925248249
-1895.4301150546858
-2161.1512331271424
-1887.9072552580903
-1537.1187308543185
-2056.6377544081724
-1854.7411479264736
-1898.8052135521932
-2209.848083722618
-1772.7390132306869
-1820.1577487035643
-1920.6039069287608
-1569.92297906385
-1886.7528966958798
-1799.8953498911833
-1811.0967734026617
-2024.2543970878814
-1972.8747109999772
-1826.4522082638262
-1682.9229806486599
-1867.4384941403905
-1595.8521444820228
-1746.2147471700066
-1766.6643413542565
-1872.4174613679097
-1897.3829186665553
-2005.4883521803824
-1877.4558595385315
-1802.3920352462005
-1706.7490793483198
-1787.1085277387826
-1841.8606013796048
-1794.8619830374143
-1699.1437306456662
-1890.4688022318633
-1936.5669490190094
-1795.7294853891062
-1767.5020133673227
-1808.2627706450571
-1832.6280877860836
-1983.4534235201222
-1788.8610544080677
-1830.1592697159417
-1753.7216764916977
-1842.9857295808254
-2067.188026484518
-1927.1588207320126
-1746.237733429987
-1616.9652104847457
-1728.5325096236145
-1996.5259153983552
-1707.4120119985018
-1731.515321154512
-1828.4101375156506
-1798.8221891022745
-1724.2918196840722
-1952.8855766316879
-2053.9285894429268
-2019.6332874112418
-1925.9735818921285
-1967.8089130440962
-1819.4749247980035
-1942.5856906003783
-2006.4062353543384
-1803.1427827439697
-1857.651237662565
-1774.5508666198746
-1844.1852562814333
-1789.5978139864524
-1870.0197378391292
-1865.1030107637296
-1740.7309274786066
-1835.0898945446245
-2130.999495188892
-1853.076853274969
-1808.8765007208162
-1474.1715396127508
-1717.0027656043146
-1667.6569389796725
-1702.5109854735379
-2029.5876469860718
-1829.5975681875605
-1821.0337635650883
-1719.8957633178854
-1798.3145727561807
-1654.7293646223543
-1590.030107687443
-1973.8046340213075
-1603.351872240097
-2127.739730482506
-1947.341017095845
-1772.3857373050744
-1573.3405198742294
-1744.5557617999496
-1793.2436137498037
-1567.3628022876776
-1649.2042358241986
-1733.450564113325
-1714.914951456077
-1497.019561199982
-1825.5286958826891
-1945.9141516179075
-1916.6285558775762
-1919.6177658510287
-1660.6599088623805
-2007.6199467035603
-2058.668318170648
-1759.0788540433596
-1838.1984819949832
-1568.0259564307296
-2235.2430839206568
-1786.9384039715542
-1513.8663144378545
-1714.0417465543323
-1881.004239390436
-1699.0552212969476
-1785.0424157877535
-1829.0145878213561
-1739.7668867925975
-1848.7837836262931
-1557.8786216122696
-1822.634028363629
-1711.9696060586757
-1696.0767286590187
-1671.8840923383468
-1743.1192738474822
-1672.8320517770671
-1718.6722698344533
-1656.289280345942
-1808.6084791257629
-1875.1254829741204
-1915.6752448879442
-1670.2128380739334
-1832.2020467658756
-2027.2768700225356
-2018.6518820514875
-1689.540912779703
-1757.6331047853546
-1652.760265894138
-1918.7660187789975
-1927.268641109291
-1821.0194817936022
-1633.6477376602552
-1769.3565928698895
-1923.2239332079416
-1729.253629530988
-1751.7541118440174
-1914.175129929596
-1688.822050895799
-1802.398660633422
-1671.597669428218
-1545.8482812820982
-1802.929771673949
-1563.821435180187
-1729.957780466307
-1631.986326173472
-1725.0912004242077
-1866.3880921438185
-1794.188269546126
-1783.2782509638807
-1651.074405304754
-1607.0743882770012
-1817.9207628593465
-1677.3306337586077
-1854.349754465839
-1640.7841349228577
-1718.2194336197615
-1885.8436832674272
-1610.9393475596598
-1859.336534562625
-1681.7910224552672
-1874.5206443290963
-1635.5041554059917
-1660.4692119947265
-1868.8003937963576
-2216.1891982908464
-1830.7843114539667
-1657.5652927580938
-1748.7098463211003
-1864.1189894231102
-2136.8969706452044
-1776.7299009350743
-1770.2768261200397
-1824.3850316270227
-1651.0372576179784
-1851.1984876077765
-1711.7070424330425
-1755.2174794447367
-2101.0594165663956
-1654.2968441512055
-1805.2102487728566
-1805.7810881845155
-1745.5801532262221
-1833.3299901646717
-1913.3015012320332
-1631.4630703158512
-1746.0471271169156
-1681.504748470754
-1860.613718372952
-1656.1681782601688
-1613.176600600549
-1817.7687032869173
-1444.4562226766486
-1807.330586699582
-1793.7844981669214
-2358.9491137748287
-1656.9710795786812
-1630.4252476366535
-1719.9867472763326
-1636.893169607972
-1694.7786548546626
-1875.1252231056517
-1719.336728366063
-1709.962886115788
-1940.337642205916
-1986.807179805282
-1826.7397262546344
-1839.6087027068902
-1829.600759582288
-1984.4730178062318
-1786.6230405805616
-1914.8890127279628
-1647.2890918801745
-1952.1246136105883
-1684.8947644710413
-1915.3299103561858
-1720.0618101219159
-1724.6474941553622
-1767.3739276531446
-1713.17107339395
-1519.0666852271834
-1743.983387709394
-1553.9062620824232
-1890.7221666945352
-1575.3845933501188
-1645.9484139661347
-1534.8194590205944
-1656.0565837196846
-1543.6575653055775
-1905.0032886520469
-1662.6408633902859
-1907.513267497565
-1953.8404458257305
-1586.292803947051
-1797.4109139580542
-1709.3271475032661
-1721.0073631367711
-1707.406863613452
-1663.9278568463144
-1683.4681582337632
-1920.845922047364
-2077.4642021085288
-1837.133991779523
-1558.9473235563798
-2098.896143404145
-1959.5154383945028
-1702.169693024287
-1562.6206357091655
-1921.648389401577
-1858.504104666587
-1485.3804626041099
-1803.1959971670835
-1747.9549644259844
-1801.04662903743
-1807.1639103230877
-1859.7475922410297
-1622.7213814153133
-1667.9415403626415
-1690.6235970841471
-1660.0310922418205
-1826.1957075402195
-1770.490387357335
-1728.6647709125104
-1817.8697691453021
-1599.029071449474
-1632.457706052195
-1653.5539026622191
-1675.6276251014233
-1679.1580469953994
-2042.9858974471942
-1739.507486739305
-2058.921755995269
-1871.0779773615145
-1678.1072901973077
-1732.7894928808594
-1687.7264782412933
-1632.7114636249164
-1692.4892483048175
-1686.4906082439932
-1706.7285604562937
-1481.9718957107825
-1800.4155170365855
-1642.1655991179516
-1665.3220650077471
-2045.1371675421635
-1701.219736169279
-1643.9700000033883
-1753.3773769479646
-1867.8176261531087
-1814.032008670748
-1767.1460356929035
-1671.9669790831692
-1555.562611976139
-1805.5033583136935
-1881.4093540148654
-1459.9059818381893
-1742.5121215095548
-1871.9405175429902
-1666.381584289509
-1583.4568007178227
-1713.641080657784
-1835.770105926064
-1641.232516963456
-1641.4167461059217
-1942.5179318868913
-1816.5764441717329
-1697.3153006476282
-1620.7893484128995
-1980.1126029698037
-1920.6538913544216
-1607.6012320827808
-1476.8619559759984
-1897.6885916134067
-1825.8325354232948
-1663.926652928418
-1553.8287942078462
-1743.1042513826287
-1602.0643802074026
-1822.1113002883717
-1668.322596788602
-1722.7527843472076
-1618.3002991058095
-1851.9785381866263
-1870.4589966552237
-1756.9534969757015
-1974.0428446434996
-1874.9084774090077
-1721.845589366368
-1684.5816454988915
-1741.037939899046
-1741.338740461067
-1745.9050179288415
-1761.3447150181726
-1796.4802152102022
-1676.2505471213256
-1723.8173433905654
-1639.950483759273
-1677.561528462093
-1623.2176957171946
-1585.456697887734
-1718.4451472836483
-1757.83434164985
-1607.670025240022
-1553.542929165896
-1989.0715387885039
-1775.7800578213075
-1696.6616604376247
-1611.9599600139193
-1865.4365053524011
-1687.5422627680905
-1769.1845061800432
-1804.5753041906746
-1708.472591198516
-1590.1774691258597
-1668.0747154474036
-1547.9877925959543
-1765.390317873706
-1959.082617510066
-1947.0600593821678
-1878.860774550565
-1678.9505549607113
-1592.4534137238277
-1567.354907517113
-1543.8584228145528
-2043.5252408058082
-1659.7431282664538
-1555.6660724324988
-1613.203583064303
-1650.879571653825
-1695.3475321326243
-1663.231531667549
-1691.9794536461661
-2038.6225541110264
-1817.2540653640683
-1832.9997710320613
-1610.5226818590602
-1660.9856299379803
-1604.8358495478176
-1642.2411523160442
-1808.2069866092043
-1471.5017165664738
-1724.8673951753524
-1657.4555920042171
-2036.6720350892865
-1474.802123319157
-1650.0273882833837
-1807.34883040001
-1840.9135980752053
-1908.6152859641177
-1926.5038485947448
-1739.6649798049843
-1769.6958426193555
-1749.3942611698105
-1793.5940592753475
-1856.3398797987281
-1638.3724396621776
-1832.3908732079751
-1968.9852970648055
-1688.757667828452
-1607.286200211401
-2072.286357035642
-1626.2450524427668
-1746.624928066685
-1784.0960556659945
-1667.3694323356203
-1662.4407518878677
-1778.663422252257
-1902.5614883462433
-1767.1891001557676
-1709.6775530151547
-1625.0049032105371
-1947.8513977138182
-1646.1540097817663
-1891.7339122040255
-1685.3517611227164
-1829.9410229800162
-1906.3245632130352
-1885.727812850963
-1584.5551611241717
-1733.8153621663262
-1812.1304161143546
-1623.2800057511495
-1696.9932111970866
-1660.9864856501758
-1789.3447595630857
-1957.6095355905766
-1828.7883189036688
-2063.9795442913173
-1511.4989458473478
-1831.2583120909712
-1714.4548105555398
-1846.7203396461741
-1645.6896984709308
-1612.773886671974
-1607.8696125344068
-1676.5541155481803
-1797.518816529143
-1509.6962698599066
-1942.7039579299333
-1721.5743319121864
-1862.3250816930963
-1782.0814783338235
-1544.9428782878786
-1812.6122506386298
-1798.8334471019534
-1567.2328136275446
-1640.4097536104598
-1690.694491673693
-1740.8770308729233
-1709.416635833369
-1545.7817476222567
-1504.4606638703085
-1928.5191291335698
-1767.331699651302
-1598.2131512912904
-1721.6827656764358
-1796.8250764732509
-1782.767834503511
-1775.3191902732149
-1729.1530402664655
-1718.695760351379
-1575.0398273780083
-2034.6291597565005
-1610.6564809913832
-1775.755083762161
-1874.6938111129493
-1857.9448963375664
-1844.9940791522783
-1693.211273963429
-1585.2090090501902
-1763.085232645655
-1700.7756444575111
-1885.217318364296
-1615.666821407572
-1503.60923228292
-1781.0271364439134
-1879.4714568923791
-1919.304405014772
-1945.5199186459145
-1842.6140717915669
-1716.156517175002
-1604.5839180988376
-1784.9827983296586
-1746.4848486460996
-1744.845794029739
-1629.6394727335714
-1718.5551107703154
-1801.5162105857305
-1699.2212024851788
-1612.2752541156449
-1892.974398430577
-1881.7131672039297
-1569.3594461530668
-1647.6704907167134
-1742.580988530201
-1937.003702491504
-1657.640603076018
-1794.144608114236
-2029.1972333585716
-1546.1868323906917
-1615.7390622463672
-1829.6787398578472
-1799.4062222328648
-1515.1901159871695
-1761.3499177844433
-1810.2084955804814
-1582.5993294105645
-1917.8056697103611
-2116.9685937932963
-1893.6907400259465
-1801.513535466704
-1675.3875262267009
-1996.7139909425357
-1750.0665808390136
-1368.2990442303324
-1790.3537569228856
-1739.3836649901193
-1800.6510033920463
-2061.1461289053136
-1688.4898845836299
-1732.1749018417797
-1533.3030667201724
-1667.1465025525379
-1855.115639045943
-1463.2670694237609
-2187.2099738756133
-1656.5271987920628
-1883.0593876954879
-1774.866373554988
-1667.3482960967187
-1620.3771194882067
-1700.1635433892452
-1711.061985970467
-1947.0003524206154
-1744.0181039666293
-1772.2174042355675
-1772.1062259231448
-1767.6357377711518
-1657.011393692456
-1809.4876719451008
-1685.3749286833868
-2051.5447834252805
-1585.78767123785
-1647.9006456396023
-1707.43507571316
-1776.2649436283075
-1543.5480121756755
-1691.8474390838267
-1755.8467477919173
-1562.4078380163912
-1505.7007433440674
-1536.8310370987517
-1559.8139321537108
-1804.7609779276509
-1781.6617625590354
-1922.7429544480174
-1735.7998079831816
-1667.3514362517883
-1807.4861367766407
-1572.0558801220725
-1686.7649014705405
-1963.309034686709
-1636.2840452914475
-1798.7324808786987
-1722.2117045720395
-1723.6091667836952
-1683.1399974389108
-1600.026579428431
-1747.189200592163
-1892.0214019168584
-1609.7854439776963
-1872.0254749462188
-1578.91505770468
-1648.0015839696352
-1660.074964136553
-1553.273784032835
-1660.8189197596878
-1657.9502869253902
-1606.1118446500188
-1922.3384169173376
-1775.7472627752363
-1577.5120369254273
-1667.0607519457237
-1687.6309967818909
-1669.5131344191514
-1687.821262476166
-1706.329794965413
-1659.7154944490276
-2034.275136497939
-1758.2563802469053
-1690.192149002132
-1704.1218413461922
-1715.1157022337059
-1848.9791401403354
-1522.6348643420708
-1696.0579977544458
-1767.819688453624
-1612.0665547778524
-1767.512329200172
-1709.5211044499276
-1876.1803722396671
-1678.866206921335
-1732.8073458685928
-1595.3588257311721
-1955.707420347815
-1496.2752923814835
-1662.2331893001265
-1492.33347592612
-1738.7487389244695
-1513.3417871932272
-1900.821832020849
-1552.049612271489
-1904.903228632938
-1891.6382254787381
-1532.5023988967607
-1933.4757422411114
-1667.9251873114615
-1886.0851762221384
-1700.6474649592756
-1637.7265435612399
-1755.8060736776304
-1472.7824278504215
-1459.0220531142386
-1798.616177479477
-1749.3772639997007
-1691.9156734933488
-1883.3186287782523
-1565.013595605901
-1786.954958448465
-1834.493538254205
-1899.1363674519143
-1579.7546653376855
-1607.061020157384
-1680.7202784511235
-1718.447720532078
-1580.7553433197727
-1650.2530353298596
-1897.8559054899574
-1730.40386877216
-1647.5780667213521
-1608.702117164192
-1604.274296960391
-1568.9984147255443
-1644.239486433547
-1569.0637204655557
-1880.714009825036
-1944.1754734190638
-1560.2656407460256
-1713.0577993957022
-1601.1669379058087
-1540.5859620046722
-1698.909452493165
-1715.9159770893684
-1745.2268281551285
-1780.2869039449704
-1735.8988846193224
-1663.1798852485306
-1807.5882130356317
-1681.5759502188425
-1421.6562549792513
-1775.5175707388266
-1580.7688907811005
-1518.473935655316
-1656.3458762647363
-1857.0987151866884
-1741.1200927447794
-1614.6823913957176
-1682.964151678397
-1575.1030635614723
-1929.3928639487635
-1579.4704237627311
-1588.749372353428
-1526.746720245374
-1648.5413147397405
-1740.0937422370055
-1744.8888826194693
-1587.932674060455
-1940.2263930821105
-1861.7875508151023
-1672.2191251370703
-1562.0312229922877
-1887.7843803026421
-1736.6179399670602
-1635.8963356876086
-1864.848245294766
-1882.3524315115212
-1704.0073124292667
-1446.140527769473
-1993.7052044856898
-1519.0524354046538
-1709.900563259963
-1722.8541663093306
-1714.695090801367
-1908.5982329749513
-1608.6731848715694
-1677.3583914774983
-1653.9491306307234
-2004.102756578772
-1741.5458019009297
-1493.5171189509497
-1685.4597218845984
-1478.246050854516
-1481.1773615468055
-1693.9637053418971
-1809.625615996557
-1401.0290255092166
-1722.815264673828
-1775.0042810160944
-1904.647966963591
-1713.550240070964
-1612.2258978017064
-1661.3032101617289
-1421.2578721063105
-1654.9563337226195
-1629.9177422535988
-1595.5635776409074
-1494.4035103042095
-1827.887035392879
-1839.3362727641058
-1503.4844852274011
-1546.598180612276
-1615.5327412434
-1698.5814096425777
-1712.0547393957831
-1751.7226016712762
-1802.6412542340008
-1740.7746926580855
-1553.2345892333315
-1645.5267490734725
-1707.9009321282715
-1629.2358691840373
-1498.9064694682058
-1690.8854752869718
-1824.639919886364
-1758.0293488195487
-1661.347342980843
-2048.3609345921436
-1715.3454008854853
-1654.7813956015145
-1751.041299356114
-1633.199904173929
-1695.306889056344
-1795.7012755868361
-2003.7048889547395
-2133.728516259888
-1644.282795270774
-1644.8035630888655
-1605.1310213805898
-1612.1694190733194
-1686.2162201097829
-1774.5364097285521
-1634.7913540126412
-1618.1790858077543
-1639.650671834467
-1790.59470663594
-1927.447828443716
-1638.0950786229141
-1523.0637851814133
-1797.0307915359235
-1708.3099367204563
-1575.5111664180847
-1906.891678517565
-1739.164986731883
-1674.8435874669854
-1728.60383781675
-1941.459514248986
-1773.9677555341666
-1659.366834469929
-1635.9401994760608
-1715.5369574087078
-1590.8222175898384
-1580.860355009086
-1614.604726450246
-1624.827423646251
-2038.8406909310559
-1588.762809694673
-1859.9232160337217
-1623.9135676989752
-1738.0270407844243
-1721.4556038795754
-1720.2833170823722
-1838.016280681927
-1420.4802454507437
-1635.0885163116368
-1638.9048785826692
-1569.831461447863
-1719.353735238498
-1852.2268943830327
-1573.6325687957556
-1752.8816019867913
-1598.3366341420988
-1615.3412098116846
-1660.736668016623
-1449.0436929908983
-1571.263553732942
-1760.949188976102
-1705.9841534195054
-1565.1881173598204
-1672.968043856756
-1458.6806898015968
-1574.1476598923562
-1603.8700023910187
-1736.6688101422828
-1529.466773981101
-1730.8595595151835
-1823.739354538989
-1630.1290507976848
-1851.3836560282539
-1665.0469976419079
-1728.4968091478743
-1611.859182009396
-1841.5591476725313
-1677.764743558511
-1798.9891677415922
-1838.37363092232
-1612.0415263620641
-1626.6292430905728
-1724.8610457167622
-1658.2543708071587
-1427.3857307549474
-1545.949895241512
-1622.4184205602953
-1863.4478743994734
-1667.3620687315824
-1725.7272876171126
-1580.5344963968496
-1725.3567878558122
-1650.7934255387613
-1544.7074359145706
-1569.4365551068163
-1719.767012312011
-1814.145556096877
-1739.715593613872
-1793.139851800678
-1649.3563521133442
-1860.304096886691
-1758.3986029931373
-1514.4509966444898
-1762.714467616741
-1687.154441499442
-1672.0459527251871
-1639.6948575132033
-1510.4830198304587
-1681.7665481376098
-1531.0373700473012
-1577.0541117975135
-1863.8904105697943
-1737.7174221778987
-1708.8466373140957
-1747.04403647278
-1737.324316833216
-1569.0777420678635
-1958.5473002343808
-1938.5489115101504
-1735.8104153163767
-1844.1430892876765
-1770.1480809393247
-1593.9475638633678
-1843.6407361484116
-1946.7946077725132
-1822.1427405391416
-1427.602896421084
-1551.660000687523
-1698.7458711860434
-1583.397390116263
-1538.8394100560402
-1607.2088332633468
-1551.964587503831
-1787.233404519033
-1669.1131151140848
-1680.7421107729463
-1714.8964607327416
-1752.4661146908063
-1582.8980924366135
-1660.6063071382814
-1651.6889508320503
-1757.8007371991566
-1986.9104243486465
-1612.1112074745142
-1456.6700876427224
-1711.6383429439636
-1592.6867360070053
-1558.9127185094137
-1571.56453521791
-1461.0728306513358
-1560.9854257905572
-1692.4918070074987
-1772.7432767269117
-1743.2081390269652
-1743.0422375065118
-1567.9752161908148
-1740.5262578695622
-1653.7117335634189
-1680.7558353450718
-1827.5371437140263
-1814.7240287257578
-1963.6416565121576
-1774.2457571584896
-1586.8673655984546
-1698.0676514626957
-1464.9268419473763
-1813.021328326231
-1644.257542092206
-1637.6088750949916
-1778.5428460172502
-1693.1015218405187
-1466.247329768318
-1791.0648023962196
-1688.1999632422203
-1672.147202171005
-1460.339107326097
-1778.010401638256
-1549.8736126980343
-1914.2728436317052
-1568.8335010360477
-1463.4549215292652
-1921.6076907591332
-1641.6478069610214
-1569.8870540771086
-1637.4455890267925
-1633.4617822435112
-1740.042505045729
-1737.4098885565982
-1671.9518555663317
-1889.1111407605758
-1773.4032392141323
-1498.2087386633941
-1530.130287321987
-1548.228295618813
-1835.1257907738654
-1480.4057591053913
-1708.0297388284785
-1662.8135435109843
-1625.9877633811452
-1765.6928819663317
-1578.7790486895135
-1657.913476482191
-1569.0593031435978
-1582.687104826902
-1735.1255247963886
-1742.6664718512864
-1651.2188183491044
-1526.8375530171227
-1678.4049729901328
-1411.1371529426538
-1665.1608198682397
-1636.8095603239954
-1514.7560764789662
-1640.513761987525
-1725.8886002588042
-1588.6803031718748
-1697.8045734573286
-1919.0759209780567
-1658.9246662865214
-1702.2189299588438
-1655.9727119292747
-1723.1843589801201
-1599.8628785212593
-1740.6082389217518
-1715.1022745992732
-1546.116699235973
-1596.0835661171006
-1669.9125061153834
-1662.099902198427
-1658.7743247220028
-1817.2206056243688
-1671.919036644084
-1729.2285040611762
-1665.2514147024128
-1525.1998265939012
-1558.7716721705212
-1462.7151872480151
-1681.151905385315
-1469.1446504543567
-1719.085730296036
-1544.8351967806907
-1799.1159378080029
-1585.1657641538975
-1518.599747605953
-1569.8026217571246
-1591.313203927939
-1784.2790100550326
-1464.4299502231772
-1725.1852626631041
-1597.4577339971345
-1542.9327430185074
-1417.701368084521
-1592.5419530181143
-1495.3896796542185
-1594.8311559299264
-1708.4596850067126
-1288.8507418690306
-1513.4072253975405
-1625.5686968045402
-1752.5283920462493
-1546.1484503128113
-1559.1210758333373
-1613.0561439480343
-1655.458489097634
-1712.7547812324606
-1718.567697711543
-1973.006388089909
-1594.539179613232
-1752.4172066073927
-1590.967979550742
-1696.4521697051368
-1617.021681557709
-1650.1200820017473
-1833.6755592682175
-1580.7671799970724
-1552.4640871890758
-1608.0094746531415
-1791.366566548152
-1703.5200127302185
-1525.238712917457
-1488.7262307229767
-1641.3899432369042
-1709.4378188526869
-1671.341114461611
-1704.0386676703806
-1510.3142097517941
-1664.5936965252279
-1692.318355436281
-1634.5942954544519
-1651.680077284939
-1714.2768817819508
-1580.5204881768343
-1685.241751489965
-1667.7104694861791
-1797.126935312447
-1706.9431443539397
-1639.6507392913616
-1574.851456796907
-1697.7718099917288
-1533.1893351213346
-1643.1481810288649
-1730.6440859009717
-1720.89651507663
-1777.1925325583502
-1789.4923161329673
-1833.2930585106797
-1622.2728169399936
-1628.3834720889854
-1494.99017001573
-1620.2424585870413
-1672.979637418654
-1854.231794629484
-1630.968859301672
-1764.8420679242731
-1716.2660798231443
-1640.427748352147
-1562.8657033551126
-1476.6068496708203
-1570.94962840048
-1514.4473642955065
-1784.5758194518835
-1483.2626865469997
-1863.089198951292
-1640.1348199632487
-1611.8816043722468
-1525.7431210986645
-1718.6007024082628
-1605.1939039221713
-1630.9590690636064
-1670.4617694056612
-1609.9898271582235
-1703.5450611478159
-1778.3318561345684
-1553.966102825813
-1794.7003670769561
-1776.5762249824434
-1501.804502006479
-1565.681231351235
-1557.1246173407565
-1725.196840212787
-1617.3135727362114
-1673.2893981707673
-1621.9806691914457
-1689.2355844454316
-1474.262822870787
-1421.2153274292764
-1773.7101662610103
-1723.9421277028205
-1937.8698704419305
-1436.7630540042073
-1680.9479639337335
-1637.0588608047335
-1601.9069164411633
-1723.132172704242
-1487.359416877316
-1789.8251982333736
-1800.2352005607236
-1666.5696072290077
-1593.917272443774
-1638.171133774027
-1668.705866190176
-1719.363793270197
-1752.7211387617724
-1626.208978235057
-1786.9542311689204
-1462.4467390193224
-1705.4978059314183
-1584.9075382339852
-1631.0554387881043
-1717.2659031981766
-1604.7396544262217
-1801.9980620759054
-1620.5657790383837
-1832.3176457101058
-1756.8523974106718
-1550.8730339990072
-1747.6965593528496
-1755.1533401389988
-1817.0244798146182
-1647.5634856952856
-1589.0315730662394
-1666.8483284937954
-1875.028239128955
-1549.923768635903
-1637.1657485077396
-1772.96979377527
-1832.4181863979006
-1739.0623418874934
-1763.7991106018535
-1534.6349673172153
-1516.7564514958844
-1733.740294744665
-1556.9170270183347
-1598.0308383111937
-1591.0629209818105
-1563.5394311890798
-1736.0219486219587
-1589.9984022975602
-1422.5071437764516
-1623.2324336197064
-1533.6422317340284
-1710.6750105401243
-1496.2304931711121
-1646.1020339500017
-1787.2656945519163
-1816.7307834221413
-1633.8063343343672
-1607.7550098165036
-1541.9898487187108
-1787.116517233594
-1713.0639046080587
-1915.066215961002
-1687.157806285826
-1633.7715502828717
-1522.3455977323392
-1826.5634011948034
-1697.150933389926
-1704.9838057725865
-1617.5587765320763
-1609.587216559822
-1471.8178661141753
-1617.5450406606044
-1705.5900942014362
-1620.622859023281
-1694.3856118165177
-1621.2959718049242
-1954.4276330758544
-1748.719733537786
-1534.389629099656
-1655.4341540093556
-1513.5260605420008
-1699.960576418568
-1521.460102827062
-1750.8457451642923
-1493.6663988183443
-1884.2332215189604
-1532.185446798337
-1619.1825328330572
-1642.610234919108
-1730.413872620178
-1764.792903356862
-1551.7633310691042
-1650.0282321862394
-1565.7838011565457
-1618.5748882730802
-1765.5294221904605
-1630.6920484293817
-1595.0076889941822
-1700.4570249809856
-1729.9828337754427
-1644.2243703700883
-1842.745174953187
-1748.9193939449808
-1454.2886951987198
-1448.6292750274654
-1567.0153334612135
-1577.5385235837098
-1527.8789588962002
-1567.4794679845556
-1608.1787852859375
-1696.388754397433
-1801.5903718729967
-1583.4328702139367
-1476.2928440573635
-1694.4421002092124
-1702.9415998902311
-1680.1686481098245
-1613.5533697056144
-1611.9513259688117
-1594.8279754311643
-1511.4824628984334
-1672.2030038769324
-1572.1712640141272
-1534.3068523062573
-1622.6526507416888
-1585.4173920242915
-1699.9650033157648
-1874.0095350930292
-1643.2734016979964
-1470.40907443465
-1417.602018121816
-1514.987247732027
-1500.859908634078
-1561.4089552300297
-1624.5785484174237
-1543.4803468166938
-1593.9420312840848
-1654.171042683918
-1516.9836046373014
-1534.1396750347576
-1802.332215380543
-1688.8535540031971
-1496.2202751463285
-1864.476590869595
-1632.1928979733952
-1425.109814623867
-1499.4161625117126
-1495.7718389371478
-1472.545188543553
-1459.572526247228
-1725.0317570192751
-1818.2133655504388
-1530.220773099307
-1593.49775358453
-1439.5145687989896
-1507.414306644713
-1565.238140574956
-1481.8589072463449
-1635.6936205171025
-1700.7011875893197
-1651.7237273643457
-1817.7628274937028
-1542.424283930066
-1572.8662683073314
-1504.960882120477
-1578.0520790013613
-1729.0148710237659
-1571.0373130330654
-1616.320498610175
-1793.4281425274892
-1746.5245566720519
-1741.8486166877296
-1717.1255637336308
-1757.3618835530447
-1752.8697502539826
-1574.7869371343393
-1474.9441149250458
-1663.509703961286
-1632.2580740813135
-1568.8789217149742
-1643.2855266422787
-1625.4552807469013
-1630.9411718282431
-1524.290189564278
-1676.392867943654
-1695.9476048739411
-1720.7188242232492
-1442.724490060609
-1499.9793049409645
-1576.7152296192912
-1724.8725373572427
-1444.0511188571097
-1554.4943580480415
-1799.1088401405912
-1554.9559921227421
-1626.0134956218765
-1739.0172618355848
-1603.675605521719
-1576.5121921425136
-1742.6407650444983
-1582.7726826809394
-1512.0643417190065
-1539.034983518352
-1606.7093869007483
-1687.7903293273782
-1684.1586755053063
-1590.3647170855495
-1461.1102958980327
-1616.199826761154
-1571.434507945983
-1672.6699016502753
-1655.412665859339
-1555.192986963138
-1480.4264669784557
-1665.5722020282385
-1448.5816352851164
-1724.7835257499223
-1625.7803180908452
-1457.2397111020894
-1580.1523739835204
-1734.9791274237064
-1642.2184816272363
-1557.211589298027
-1577.3993127765714
-1690.326556475817
-1655.6295164346618
-1599.496103862688
-1550.8670679196425
-1563.4647830012286
-1468.6023779740424
-1818.364322414316
-1652.4862452918537
-1882.4658483274393
-1602.4575140629654
-1796.5053481816428
-1537.3985485546445
-1528.9160628474945
-1454.3436622053105
-1567.7254581894585
-1783.538284854997
-1601.4934527865214
-1659.3691079349296
-1790.179040101568
-1713.9907365408997
-1766.8135641478748
-1463.4637746742
-1408.1727006225162
-1749.8122844743546
-1696.988232019396
-1734.3540037511154
-1638.6540512270544
-1906.2556859436488
-1595.839233029721
-1646.132098659781
-1638.7897400443999
-1589.593154549013
-1727.4986665303702
-1595.7690715413823
-1727.431031538616
-1572.2551549701075
-1566.4344860963588
-1468.2671189846837
-1663.9822315127674
-1595.8352932360112
-1503.0209984945473
-1640.9806027518036
-1632.5898078545695
-1555.9509226180592
-1676.0656172842712
-1511.5623907781808
-1767.910581094748
-1714.652952223227
-1518.9203695453418
-1710.8192771335569
-1675.0544483797419
-1651.5048404179588
-1494.6225781024516
-1669.948897407808
-1636.2678754649523
-1508.40091246765
-1507.5856744267448
-1510.2145567570994
-1740.214620813437
-1566.0961121468547
-1675.019605365205
-1550.1971308099908
-1579.0951795791593
-1448.1210023596811
-1528.221690390066
-1621.7225386852735
-1706.6173293996178
-1489.1155964539032
-1517.783440746797
-1633.641676019283
-1749.653839057295
-1684.7170593532012
-1662.9169131701526
-1480.9897751783017
-1587.5669058297476
-1616.4986357820364
-1796.595694616112
-1608.2519832560529
-1654.3169312860489
-1663.2021812804137
-1618.4034668732384
-1659.863172047588
-1689.869443679905
-1726.0443119126116
-1690.686192227996
-1476.85451233272
-1595.4012173797646
-1629.167317670257
-1562.4103439843664
-1852.7921177504165
-1680.1159188347067
-1590.1493235307248
-1686.0412753307462
-1541.3070640372969
-1717.3671581546275
-1677.2526814379682
-1900.4463398877924
-1656.2148750567708
-1732.2680418888212
-1786.3702138114681
-1670.7440024035247
-1736.059127635367
-1619.0729755018608
-1743.9811568797127
-1702.5112645845481
-1544.9359963388142
-1615.8091612603862
-1726.5194778960065
-1697.4952624451137
-1578.6433340557248
-1513.2770792487772
-1659.7466384611548
-1716.5528290683023
-1718.5618031972008
-1743.3733669556746
-1801.222459679603
-1557.9893174066665
-1593.4997043539854
-1640.2389274558848
-1747.7421518053734
-1571.7808629546919
-1575.737377923381
-1615.374087705503
-1731.3343412219033
-1602.7615073189934
-1511.4331636136535
-1648.5767512709256
-1711.1533555661376
-1641.440004470466
-1732.929581040588
-1466.219498515187
-1649.285200676645
-1711.5118266571224
-1430.9978057802873
-1577.559416205953
-1687.5739982663104
-1581.6602727025465
-1610.5625942903519
-1658.1609954074152
-1472.7890238408188
-1747.9760438273292
-1614.4213050581284
-1599.9865977409954
-1616.3837717607034
-1623.543451270764
-1650.7406010091186
-1536.778089846338
-1466.4670561586388
-1445.2244416389653
-1508.8110266958226
-1626.293178145731
-1371.5116914257922
-1617.1478637075609
-1674.849435545702
-1595.6818696881785
-1805.0552125941779
-1655.3820256793658
-1741.0688964140204
-1544.7678138222427
-1713.0067531854247
-1486.2196929175425
-1450.773795303148
-1447.2931049452793
-1587.6708809159643
-1614.5424447389425
-1521.9147987768533
-1636.4124523536393
-1680.9713352104643
-1754.7035037546432
-1570.7941953849243
-1677.6921810389808
-1658.9983494224637
-1514.589597237046
-1694.4181608808483
-1588.357095148189
-1523.7380088129737
-1517.888022663094
-1434.2059809408972
-1469.272553782371
-1574.5740843353958
-1673.718190973518
-1608.8213023355377
-1646.2032092165991
-1488.8374448879736
-1764.5179133398199
-1282.480507259488
-1624.319395098983
-1541.9790376935985
-1508.404431451586
-1715.9681469323552
-1736.7246805870639
-1411.7059047018413
-1562.3619018350294
-1602.653987074915
-1624.0558537866552
-1679.7670949682026
-1471.9396017998413
-1612.9828971442928
-1745.870343418712
-1740.736051646388
-1590.1004051109965
-1739.436318899676
-1684.927101603979
-1681.4242864272383
-1581.3996421842658
-1692.7945476122134
-1563.2731097537019
-1653.9803999759197
-1603.977968846115
-1696.2331063954719
-1749.4006612495637
-1472.256324594861
-1645.4492081398585
-1466.732301895854
-1369.4955932975338
-1730.4761866399535
-1694.6496352605395
-1636.1030301827457
-1652.4363690761354
-1417.9345924152806
-1690.6441788326197
-1604.1020477719326
-1468.9091064323409
-1784.0394245209027
-1672.4952390721576
-1733.1981427697187
-1665.4851834937128
-1518.948537609474
-1561.9476937036047
-1696.4884982111769
-1543.6170199096146
-1612.7639233695415
-1715.7967678508396
-1557.7537936839467
-1725.7759407799083
-1449.3931117457917
-1484.8641593572356
-1604.8468529080592
-1732.0866524319872
-1589.0422320994087
-1532.0343586582208
-1710.917565328132
-1708.9561896774096
-1564.6981012109168
-1567.4851248969871
-1635.563912262178
-1541.4826075788435
-1607.5324374821523
-1726.7119279236704
-1600.3686878354195
-1769.11989370844
-1568.4206859458268
-1555.0976963231935
-1635.3297869862386
-1530.1579305575488
-1805.721198544844
-1502.1646510261287
-1464.9358832487349
-1732.2981888432919
-1440.5330982454477
-1608.5380782302252
-1730.4493498752993
-1498.5704597751578
-1613.4706344004517
-1636.701308358281
-1567.4234319811396
-1454.618603043992
-1596.5555071075023
-1529.5314419906579
-1580.7810149636512
-1515.8941853744134
-1541.6342644619785
-1804.3970564592419
-1607.1695371685457
-1537.771596830202
-1612.487353689464
-1519.2889292123511
-1414.449758454962
-1569.0781960227223
-1516.5918536629595
-1552.6272888099982
-1572.4379814222166
-1667.1803947722965
-1628.207404136054
-1711.5307466264817
-1561.580786204189
-1550.9603515738486
-1467.7038242318704
-1600.4370184316842
-1448.5252936631373
-1666.954360779848
-1613.2879214115228
-1746.167827184462
-1739.7373704195213
-1529.6386634057822
-1597.1951898769576
-1830.5099570784898
-1529.4983354031322
-1583.0256333376888
-1543.98712848123
-1510.6884141621501
-1686.6284375553769
-1710.983013918138
-1724.310208921386
-1571.692285112049
-1321.7479339225288
-1804.6537722603557
-1472.943445933719
-1573.512521480857
-1636.2852343475015
-1599.2358958597035
-1770.8090142400952
-1568.8681957719925
-1569.6482883783838
-1680.7362808534638
-1692.29869724844
-1730.9762869747253
-1639.4481794536425
-1570.4728561325016
-1528.1972830641334
-1705.919537487348
-1581.1863443275506
-1655.1098067760495
-1497.0237648934453
-1642.7191912964954
-1675.6622547187883
-1620.4525635827117
-1663.142076205036
-1678.947590329983
-1645.981842917333
-1682.0233187217148
-1641.686278820816
-1752.2080151672428
-1471.1782289590233
-1570.8324647740726
-1536.6517516678573
-1490.965156105161
-1607.2208359891288
-1888.2366380045407
-1732.8067903472027
-1552.4102569658876
-1687.71396999603
-1640.0983398079375
-1437.0744370383322
-1689.2935679347495
-1738.8784758544546
-1742.7459851406818
-1546.4842833614982
-1654.2135715586542
-1637.0112979573514
-1454.768357981596
-1864.613544448941
-1499.3546231270252
-1478.5752853069027
-1585.0918510533966
-1449.3534222825192
-1480.4341989399024
-1685.1425770556732
-1737.0609920587567
-1469.474420766854
-1633.8851604355457
-1653.3509494886214
-1663.453660159421
-1507.2420497912653
-1596.6234281503837
-1873.4078022158021
-1822.8999836211244
-1531.7345817021358
-1724.0295198969554
-1597.1367212305665
-1650.6018363811502
-1532.845981103716
-1500.2293103565069
-1682.266729589641
-1591.844914163965
-1671.8580092474865
-1759.9811911862187
-1395.4869229493347
-1613.3898545035486
-1738.7548080583074
-1672.4049761241067
-1674.1548761793322
-1441.9410894572277
-1471.4291373856831
-1461.9057574779804
-1623.9200292872126
-1503.9697804019172
-1677.6783769493215
-1461.3502682502296
-1734.562408191387
-1581.2891358614868
-1683.4947724549725
-1473.5169046615588
-1790.5141294511513
-1810.4858267706102
-1596.2616833021766
-1852.5336660702524
-1515.1542295541929
-1481.8095259277986
-1601.710458085567
-1535.8928623616523
-1648.196118807239
-1600.6876477636285
-1598.3456389737678
-1721.5091240326012
-1650.6761001218279
-1533.880709484373
-1569.164745964866
-1395.6693439572157
-1761.7001786007293
-1639.4734583165998
-1696.2473992701425
-1674.821782720059
-1622.2530088247406
-1676.9573243550906
-1570.697999201265
-1643.4121599133964
-1824.4954347502442
-1596.5207368573065
-1650.8165890768482
-1707.958141671211
-1518.9533268228379
-1537.8530343110765
-1505.8814858785254
-1660.2708833414702
-1583.6433646686914
-1610.4169866239981
-1632.9914198829892
-1644.0038877150587
-1878.7190107349384
-1609.1882140346358
-1676.7834825395116
-1534.3563303791416
-1655.820246512001
-1718.6609407008461
-1493.4494062382812
-1473.7475574065554
-1547.828993331062
-1346.5780778818644
-1392.5361676122068
-1638.712342159937
-1557.895643758557
-1554.269289457661
-1658.9835657876858
-1549.1817637877386
-1674.0138695238295
-1536.2485573946408
-1470.6555743447993
-1585.598761501002
-1650.068575798065
-1670.787113896258
-1654.2285860598774
-1639.7932804451061
-1740.3837999920881
-1506.7961589112815
-1637.1629115604703
-1540.2689869765736
-1680.664888554882
-1659.2417678259594
-1697.4875101764105
-1654.5697963486248
-1682.569413601564
-1568.8999776439955
-1511.6251830629787
-1682.4627905621426
-1384.2741199650036
-1543.882609358579
-1712.5057979905816
-1491.846940060047
-1652.918016783931
-1623.7021765987154
-1818.3376441928888
-1513.3557786290737
-1495.3372474613154
-1642.4730064704947
-1735.0134288965594
-1681.453668224954
-1899.0062906145856
-1738.8933841280198
-1663.9528983290752
-1898.417352212521
-1752.9763006418445
-1855.7629678766443
-1573.8720375951832
-1540.8470077726615
-1718.430202882086
-1604.2682545127561
-1644.4619675938463
-1455.572691929135
-1790.409863807158
-1754.1780262108343
-1598.1310231532984
-1697.9833426098246
-1635.923824476636
-1441.227204723771
-1531.5087944634845
-1402.1279854343907
-1781.0414207775952
-1572.497450816372
-1523.3695908815862
-1613.1852634338054
-1570.2842032012286
-1788.1824383313158
-1575.3034373295682
-1573.7824471104243
-1661.7353427684984
-1698.7258956536198
-1448.1483372683133
-1586.6255321956935
-1629.8941207610667
-1607.552761775087
-1531.582480816528
-1603.1167064160459
-1723.280679376428
-1764.5292679402735
-1614.575576326449
-1702.6999885156035
-1645.0403327734145
-1728.9892958861747
-1847.3604268862312
-1500.5442513006108
-1576.4692448645794
-1643.681251148559
-1532.7095720609705
-1615.8646392612357
-1635.6255225183968
-1642.907331395991
-1735.3978202427604
-1630.5435361839825
-1615.6025738079372
-1608.4233631537074
-1678.6885925616964
-1670.0368323912544
-1615.4951150595714
-1548.921361447885
-1505.9454751925794
-1619.8538954864014
-1579.0064166032787
-1627.315224987808
-1666.4605999534888
-1494.7057777481566
-1555.2018514249964
-1794.9848668679313
-1672.7841089119486
-1854.8535141754355
-1608.4985117665317
-1780.7717395319874
-1539.0575367475017
-1599.9749087074954
-1455.1082140277447
-1661.6418675714604
-1599.287496519679
-1760.6012917601627
-1570.012283314529
-1597.570996607533
-1809.9978084946943
-1785.2795053511647
-1508.0674979624373
-1580.216744840841
-1643.7395649884345
-1426.1227703348397
-1460.5844315488664
-1676.6850227438263
-1542.3029081604693
-1611.6442135880839
-1513.105940455479
-1722.7069200962949
-1537.3814195098557
-1562.82221563903
-1582.6835818175975
-1757.5204756997662
-1581.662175018699
-1719.1775208350195
-1616.092532595316
-1466.3031387659626
-1760.513441108648
-1662.1208335950157
-1701.2224264271058
-1560.777723425239
-1580.443786511701
-1746.749844504103
-1602.9789603982294
-1619.6417545053855
-1687.7527917304033
-1656.6387705542306
-1671.5429389048209
-1706.155242324877
-1732.9007556082981
-1459.8333162548847
-1557.4008150682835
-1681.4742476727681
-1682.9954077508853
-1735.3326814733703
-1594.8792324821602
-1958.301945583224
-1668.4752439014314
-1818.9466487682162
-1881.934159159045
-1544.8439596434966
-1619.7321611613067
-1658.738591984474
-1680.5718515628505
-1592.6282085302291
-1503.23296751342
-1685.9319562455196
-1574.3779802267625
-1725.4609449840905
-1578.9294055885168
-1794.5023930146185
-1696.1997908522876
-1519.531462420708
-1628.4446814193468
-1657.8989804485504
-1699.3107845583822
-1714.7361195535925
-1727.5358932843076
-1771.5104111821104
-1617.0503640114146
-1498.0825626198236
-1680.131140183474
-1471.0929298158014
-1441.60537395789
-1576.3724951897677

