-15.17693447425456
-10.091322370046164
-9.53970833333331
-13.06150140169603
-10.70911760440207
-10.817359700972055
-7.2469223585641
-10.50222335849926
-9.855736449108036
-8.63353102716518
-7.3827137209629585
-6.5569335811757385
-9.00482659616039
-7.343283315187811
-7.459777031661707
-8.23323296577509
-6.211864213862573
-7.340226761747109
-6.913978399412
-7.223092478382418
-7.885962560702975
-7.418944619852286
-6.339540033236972
-7.071607790360878
-7.2373454301147015
-6.628040301372879
-8.139708773560379
-7.3332078731334835
-6.880086255149393
-8.685616482458782
-6.8506782424403765
-8.151499467109781
-6.788223578088377
-6.159922392801811
-6.511692137005426
-6.427383673970205
-7.266002327180462
-5.876100662135085
-7.096305380640413
-6.7843848718145905
-7.0133003138310634
-5.983900709817114
-5.91238419422549
-5.74675845006579
-6.192177543812832
-7.867218537675453
-6.009505447306019
-6.963166546261641
-5.9324491908641095
-6.622209482638321
-6.099040525859452
-6.288884965431121
-5.925600650106255
-6.230053763221331
-5.629693536211741
-5.880005607593403
-6.354262761290724
-7.125201761205017
-6.834996654661086
-6.94650667081922
-5.854401984222759
-6.090765212963557
-6.300312045059043
-6.26399610845725
-5.703342103262546
-6.483779551653234
-6.372931787479964
-6.361349174136671
-6.542355472652745
-7.25279819355895
-6.6531788208928
-6.208708960749362
-6.6558614459894105
-5.617009455828277
-6.04657441492638
-6.725354283520897
-5.324766665526114
-5.4325338539541965
-6.271418505097331
-6.824684606373545
-5.933770583408834
-6.411959225541867
-6.767765830792648
-5.9002645097313655
-7.1502849171325
-5.87808490486494
-6.507299893952851
-6.630119403310247
-5.512945911144171
-6.678004486104451
-6.572129387370813
-6.833954476708106
-6.204360251548221
-6.299657252028699
-6.099065736864086
-6.601749255139983
-6.7136012379415035
-5.899877036271165
-6.475265772217926
-5.855160343175139
-6.7866887675991645
-6.434689367876189
-6.031435382455721
-6.334953057542802
-5.941880006105814
-5.745330203559467
-5.803616269726149
-7.049582710861668
-6.009015969639997
-6.263940522177753
-6.893479753070262
-6.043677180567219
-6.609710899948841
-7.155402052635168
-7.050134146880693
-5.893477980608877
-6.748735516355984
-6.445791411312784
-6.497029701497005
-6.243842751855023
-6.436977426358882
-7.132197300420935
-6.41319564835868
-6.281007088944693
-5.624430134572441
-6.810586596377139
-6.6852214270751515
-5.716839500115135
-6.387041218029347
-7.605410805468386
-6.148701482378954
-6.716719789228392
-6.3953259574636485
-6.304146524229407
-6.29792171893269
-6.333167600617688
-6.34876166916541
-6.395865673400562
-5.87848012868054
-6.248654799237784
-5.918158244948442
-6.224578796052281
-5.831420339869468
-6.611920675637066
-5.712773770516782
-5.724440938249721
-6.166866550516044
-6.2149078590367255
-5.515196217164883
-6.517203741056706
-6.1829903894341145
-5.681383301933184
-6.414648811688474
-5.649550037889213
-5.927726162544189
-6.22381040762717
-6.069527360763524
-6.81462340002921
-6.607777887586063
-6.087200402129904
-5.627295625953271
-5.792033422896713
-6.5683746473899465
-5.675253113045521
-6.540641111152003
-5.715221156002164
-6.9286068297013585
-6.3111975284386626
-6.406171643379354
-5.8145081256205495
-6.51934588907802
-5.868579516255514
-5.887005535915221
-5.624072979792465
-5.666742424685111
-7.289138014453738
-6.397483202028154
-6.256021395931508
-6.666962160708355
-7.046419643126547
-6.26834713560916
-5.913466225337594
-9.743549288241965
-6.218281627724066
-6.557338549210247
-7.126873076641592
-5.7778286690228144
-5.645060229441332
-6.150759309249078
-6.219086732645777
-6.3860983494262875
-6.5884554204366195
-6.412537950369466
-6.218160152744543
-5.406616487335969
-5.816094067118877
-6.310023674636003
-6.106007128830291
-5.5121578530465225
-5.488527274299356
-5.727264229599037
-5.775408659535696
-7.463665610236993
-5.718686539278604
-6.834307846409534
-6.226510996517188
-5.87320068276455
-6.251987069634788
-5.439847982547421
-6.058747663072519
-5.318840318026751
-5.9835941894843385
-5.97905593024053
-5.975547938596907
-5.869197528765749
-5.4977474263639445
-5.163714025785389
-5.71275387766391
-5.818028297631172
-6.049526074016585
-5.573826842340729
-5.841175929871947
-5.348889409423692
-6.140291124700342
-6.051847426967949
-6.2020429637695225
-5.8569896510210215
-5.786073474938317
-6.123444376243236
-5.893633591475405
-5.806592401916053
-6.567318029578289
-5.832262161355258
-5.7934016186612824
-5.0796835232721556
-5.313563514669491
-5.712599684202746
-6.262544883179149
-6.454257014633443
-5.815565982647051
-5.609257592560238
-5.48931281951598
-6.420479607847232
-5.612759243139863
-6.316294727999851
-5.9462671068008754
-5.481244686990382
-5.763122893202626
-6.0809306551051385
-6.4945655668532885
-5.610837321415289
-6.458929461981495
-5.899571726346534
-5.489985040455452
-5.562632072542221
-5.258144479995976
-5.875119379587438
-5.892303148268666
-5.805573351608172
-6.133943949976576
-5.935812232869494
-6.474847102912492
-5.567180000230839
-4.83867475770204
-6.680552799294181
-6.584173584257776
-5.781229689149564
-5.674449098627097
-5.732139442644187
-5.252498528451263
-6.732548962768565
-5.575376012243403
-6.379816177843164
-6.336534025601258
-5.364958500696704
-5.9056040017711044
-6.009646740958209
-6.415303831305119
-6.241365284435177
-6.04558112452261
-5.664475460932116
-5.917532409482666
-6.267483357875148
-5.978033137796945
-5.935825573272583
-5.359836286586199
-5.934901971663525
-5.664918275650267
-6.293527155118396
-5.934582016349553
-5.680063020813311
-5.598343378387204
-6.815358210764366
-5.694593899519218
-6.553413111742998
-5.888305551314216
-5.933939271448607
-5.632796280825127
-5.82475292702022
-6.183701857677284
-5.83302285962293
-6.559499145588695
-6.477344294682309
-5.550540128780685
-5.652082656951441
-6.134389926360079
-5.62658223099903
-5.505943666696921
-6.041499740583901
-5.615308924333083
-5.907589118315594
-5.699700820188812
-5.67584903694661
-6.429434261581435
-6.28362603932096
-5.817252479037304
-5.29900860104825
-5.303333308235964
-6.78342017046791
-5.935746251986456
-6.0292090822284905
-5.687006236082317
-5.290785223209386
-6.567728801847991
-6.60858489563748
-5.91967017252754
-5.725911787194211
-5.208696975584685
-5.715712331591216
-6.085331119338215
-6.141332330125795
-5.441136557170151
-5.761159264093377
-5.686626335821327
-5.926991510086943
-6.485078763781811
-5.868322997973617
-6.006089807516081
-5.571049946822848
-6.245175585364774
-5.624571786558566
-6.422924039763726
-6.065933464826345
-6.390816492879296
-5.89374227410888
-5.190658684863972
-5.501267044415701
-5.889829930378781
-6.220658480255355
-5.5934992957743255
-5.658317590040739
-6.239899005424568
-5.835860521184703
-5.483381070254118
-5.934547037417809
-6.235409155145557
-6.485536392981824
-6.069928948555402
-5.512455234876645
-6.257212375219886
-5.765607517603016
-5.718622609951675
-6.1256104121876795
-6.178701051152145
-5.854618877284285
-5.6078559244077
-5.5086153976963566
-6.323140327781032
-5.689624188769598
-5.642504154663013
-6.59396389984284
-6.832448747735759
-5.649471174013121
-5.867283475521419
-4.971432017235582
-6.278736164314687
-6.565224600382384
-6.198049422863458
-6.015062617279527
-6.3381342328393835
-5.533509920634997
-6.3072135427313265
-6.1286769505137295
-5.957465683597892
-5.630932146322917
-5.28863421236825
-4.6797672686868905
-5.336611118434901
-5.158965831537534
-5.351123717838043
-5.741629140627777
-5.535591166677643
-5.803058534430506
-5.450657151167526
-5.172582966779957
-5.891047425836725
-6.1700367688047475
-5.509589753700912
-6.076116590794771
-5.916205333421996
-5.83910580561079
-5.485944528304053
-5.421308146842835
-5.787256514189004
-5.709048930552389
-5.690796465534934
-5.650955819641895
-6.029498543866003
-6.09768354716391
-6.543469335575047
-5.958799107079384
-5.692614622113189
-5.895454484271059
-5.936597854464269
-6.497521283992668
-5.527132847189668
-5.191380073325771
-7.005921188653226
-5.122436222604604
-5.169782037994062
-6.375720944862494
-5.750923803355001
-5.01993151626452
-5.571656462412448
-5.535882583900597
-6.174456250177584
-5.872771992429667
-6.10463256437112
-6.585976463619837
-5.636587399542902
-5.699493501554028
-6.098171242749527
-5.684780161149382
-6.1252427912398755
-5.798049064857456
-6.211499191504
-5.333029134755012
-5.590738646897531
-5.312866841876627
-5.788082416545566
-5.898088839951023
-5.700898913086205
-5.323513061310638
-5.6720564743951565
-5.972810313810546
-5.563239598953175
-5.544678556662706
-6.138837547733388
-5.563124400915141
-5.876364131152892
-6.3875022269082296
-5.745911921933935
-4.973704510734708
-5.8422892331558325
-6.1769648986443135
-5.5812336102409725
-5.163217537386461
-6.271948784442151
-5.224898982780961
-5.772057902948757
-5.6848934303591445
-5.720876298821598
-5.0371418432445
-5.715987501355876
-6.061330992525817
-5.816658785310145
-5.616501113795519
-5.6395858724698344
-6.207114576319959
-5.727820582465411
-5.979349823538793
-6.039675561914882
-5.606284506673755
-5.485048181876189
-6.355254353443211
-5.234523989903683
-6.119903302558562
-5.968183564312052
-5.5701444909896916
-4.872828293569484
-5.820768410998537
-5.115224512866898
-6.339645540619585
-5.534953394759317
-5.9805510465926215
-5.941917938894442
-5.771562958007218
-5.943617171244362
-5.2409332804500215
-5.455057882039912
-5.735036735696591
-5.670718102668161
-5.687685874704894
-6.079316119245499
-5.467607181588234
-5.595468983181578
-5.806139885978246
-5.6151932928005035
-6.006293385257213
-6.104372010615788
-6.154585091842924
-5.418491973469171
-6.179175521232227
-5.360422433559738
-5.546509500345293
-5.383200757702027
-5.6371986458272545
-5.225079823329354
-5.507303144180157
-5.498278464652128
-5.213496054097283
-5.864261440514325
-5.728648175559254
-5.123186966425319
-6.397242528992275
-5.80188564672304
-5.960694096848203
-6.14984081414461
-5.555220107670469
-6.049339790195803
-5.357495548438642
-5.940361171588828
-6.197702978883058
-4.996508803752167
-5.198787776172034
-5.291215300416346
-4.938566340691087
-5.309474730881738
-4.782365298868219
-5.741544404205251
-5.569726788001777
-6.294237568397958
-5.920573632478892
-5.4569302255363095
-5.674609756845244
-5.724588571988405
-5.6063954725306315
-5.594152917297972
-5.859505821809595
-6.185625235951257
-6.098306958284546
-5.906796307440528
-5.507610276303873
-5.763538762287676
-5.465000810795272
-5.671020945057074
-5.966974893225369
-5.449967564992924
-5.774776778371957
-5.756771554434305
-5.6896963590009975
-6.082627570798817
-5.349731339255442
-5.510390501982972
-5.612011388082006
-6.670528348622068
-6.003712507787924
-5.301893898871847
-5.829804804122075
-4.886406344469286
-5.739224268211215
-5.041891506981984
-5.303623356334525
-5.129807009312021
-5.7315992620720575
-6.309286859574392
-5.4588600258939906
-6.089758956552028
-5.794450695675763
-5.835108830872518
-5.625294073291519
-5.740917576260353
-6.360682201103619
-5.547505029172431
-5.55649640445713
-6.1934228694886455
-5.9575266893464285
-5.7787008351071725
-5.718217871330799
-5.7305712292008355
-5.07488368264209
-5.64844682254703
-6.114426203583036
-5.619574850768258
-6.318853601758607
-5.042312627954061
-4.955358839253719
-5.1059781842251395
-5.993938011974978
-5.633481144251486
-5.26506463953184
-5.4823976259134755
-6.268438623585272
-5.440166336565502
-5.9102548138166675
-5.440373631584349
-6.067763456545168
-6.045906199871158
-5.398892721981204
-5.253488150641902
-5.999628274247265
-5.386705848923528
-4.929548967590333
-5.765188250831974
-5.154901725736057
-5.933582769278093
-5.2988014221768225
-5.4045409279796495
-6.014339964274381
-6.123248255473963
-5.398836550436634
-5.811217980411553
-5.484093833801944
-5.497356181006176
-5.806788230087965
-5.5618564241037065
-5.973836276406756
-6.020289107931336
-5.8832846602277
-6.2403820290609175
-6.389163735920941
-5.675139910791644
-5.538733932347947
-5.439367067101575
-5.757861228509592
-5.185178210374678
-5.414633338617328
-6.221811839369315
-5.38817884065633
-5.387288235329247
-6.029910549911434
-5.215852907860747
-5.550084758492369
-6.505736910096887
-5.42669526045661
-5.184015279082973
-5.5042253206092004
-5.060283930162093
-5.5328780762165515
-5.763088880026423
-5.309271600803941
-5.405176581066229
-5.482680621470925
-5.267152853209123
-5.77431588195762
-5.563452395529476
-5.829239026037916
-5.910294283837982
-6.045093493502758
-6.1682143344963585
-5.276998484640578
-6.1588610363653595
-5.6085254046138155
-5.466032869743073
-5.855444625099794
-5.45957201514042
-5.539662794265438
-5.889982505106203
-5.739811685577702
-5.8556781108023825
-5.938924743816093
-6.069031136591001
-5.693685679133197
-5.967358832967733
-5.607766867881255
-6.041433031031371
-5.742993708298027
-4.870165475226508
-5.694781717831828
-5.295127672904417
-5.96943800350568
-5.257118172999582
-5.9080392089623714
-5.814967906478287
-5.698882818822827
-5.2439604785295515
-5.545143934261929
-5.575267938210602
-5.322267418419172
-5.946541159984439
-5.47446264087914
-5.312263947297376
-6.045171820292567
-5.4557691313172745
-5.2937195831564985
-5.82668547160346
-5.938306549109731
-5.989726607668669
-6.172378192046845
-5.710088479382349
-6.242092752924203
-5.515793369582467
-5.505043790142316
-6.4840786120936995
-5.54961793533012
-5.785799176533864
-4.860915265344011
-5.288102919832506
-5.266306432330581
-6.144812729531774
-5.547784963107413
-6.222024021203835
-5.784087040015478
-6.13122820393866
-5.3901044125841135
-5.882016169149064
-6.060171107502704
-5.632122897501836
-5.806092290793567
-5.8275982679668745
-6.440151311409092
-5.558027032671801
-6.047718814410538
-6.076859201991299
-5.0632893445066065
-5.891129008795449
-5.865521246305161
-5.878462718825372
-5.96443536336853
-5.390580260982838
-5.834829786819922
-5.156751903117575
-5.361706548262173
-5.678516822604018
-5.416051866236243
-5.93189083826642
-5.85427111990333
-5.544100494247758
-5.547810991064895
-5.8150304954540575
-6.091562015241258
-5.675414163081964
-5.498935115896411
-6.118540146122102
-5.762382510244544
-6.217022074110477
-5.856164517538239
-4.897084448545512
-5.643875219576779
-5.27119894445911
-5.567744255603873
-5.777731602122347
-5.195950149518209
-6.0610797226836715
-5.996547512159596
-5.370670290070011
-5.976556600088149
-5.678590948734247
-5.5570528110784405
-5.569752040360843
-5.482255994086771
-5.087733359944008
-5.948185414242027
-5.306711652892689
-5.529675564752671
-5.444840447572756
-5.570500632740859
-5.618654933517457
-5.138895169167628
-5.489540862871392
-5.309514909918664
-6.293702282658016
-4.9767395342865735
-5.494307739446979
-5.7725067868223885
-5.889112340857424
-5.324033688311391
-5.559074832279421
-6.131207354188277
-5.881796631133871
-5.63352416195957
-5.816564704980327
-5.712466023155326
-5.6482510998031055
-5.088932079312964
-6.014549813392843
-5.750817418363952
-5.675744709957364
-6.090583840441866
-5.349843665935347
-5.929908878581231
-5.561763062003928
-5.150126460747575
-5.431542924073111
-6.077976513799862
-5.034107145973961
-5.785327094057071
-5.53781958857478
-5.330148061360402
-5.567586718017743
-5.480770040544863
-6.247853981904473
-5.768177828288704
-6.141272835415539
-6.237596636520619
-6.602255406824063
-5.340147741848788
-5.4465992659157605
-5.573268541221124
-5.522373524434648
-6.160274235723319
-5.7139157475442595
-5.83559451896267
-5.62595981710587
-5.428212266520488
-5.65245172104794
-5.79471642811187
-5.8578377675859405
-5.469209827073089
-5.027779725613853
-5.249576367140575
-5.404596506178864
-5.412859930248092
-5.124003055569785
-5.946112880749098
-5.904522785384802
-5.265877048589494
-5.979775845806603
-5.7797142913206665
-5.656063612071314
-5.306271847113356
-6.023828721475168
-5.317229148463348
-5.366924745049928
-5.768531414194077
-5.510218350589802
-5.369249824934881
-5.750576098229665
-6.102209747469851
-5.586988232486407
-5.728640471229872
-5.762166517778847
-5.563581097747408
-5.573245077198714
-5.574439561780896
-5.663895069321927
-5.6933309757597526
-5.603732891009567
-5.522780685124395
-5.470557841728843
-5.753502688364263
-6.038494410301817
-6.08258988161829
-6.079119351959824
-5.929026587382285
-5.0201191591552945
-5.811820085689185
-5.632461183016873
-5.6952223892778875
-5.629100764572983
-5.271224284462769
-5.863549714450632
-5.982591571942642
-5.745870726928229
-6.126898527269266
-4.836182635103382
-5.845101744988259
-5.596375265160454
-4.81019258286178
-4.89112877428685
-5.0635655766733025
-5.489941623762112
-5.733542813311367
-5.3933754919988495
-5.6527869540388345
-5.678361218872369
-5.946399980670371
-5.690511202771693
-5.486051818098275
-5.879895835438312
-5.545818947980068
-5.754711476053921
-5.566791446528825
-5.807775874704847
-5.045498944417593
-6.041507594848421
-5.619564049219953
-5.516687096433417
-5.5930685746619915
-6.1539501093621
-5.603593754170692
-5.607789256731673
-5.4787960856010764
-5.67960711337294
-5.438607018252106
-5.132875697070942
-5.3191981072574785
-5.671115444736082
-4.8300904110295395
-5.807886271435496
-5.256689730644567
-5.839184722771627
-5.19775355357425
-5.970913202237503
-5.76173626588561
-6.115531418324186
-6.38015428725762
-5.389168291992473
-5.2667323519987495
-4.6302696139104595
-5.680195155137517
-5.480690196823002
-6.596109534336755
-5.636434013227173
-5.60858242735951
-5.81697515906822
-5.54301348060407
-5.484069321354073
-5.782917576910011
-4.849886294563159
-5.992330262059826
-5.466219953184466
-5.781056064554368
-5.30314630473398
-5.247365056620061
-5.051079692478986
-5.493514776763208
-6.030286541521851
-5.570805181212296
-6.570806687530316
-5.507175721338142
-5.951290483919033
-5.3356496183972375
-4.979779092197697
-5.793940456861036
-4.866089203453495
-5.722968330886133
-5.662924063266567
-5.739639665575107
-5.846911408090974
-5.9170099361988315
-6.035444235241428
-6.297619689673834
-5.76897893981998
-5.337531197842815
-5.530651821837352
-5.609800702516452
-5.822914509265123
-5.165233660036133
-5.631304921437378
-5.670394175388484
-5.761445447054074
-5.428977217849445
-5.478886787270105
-5.044096323133766
-5.397402391951419
-5.415483462670886
-5.740223557510679
-6.058319197763405
-5.405114632648526
-5.553506071884444
-5.551776842890897
-5.608945429338216
-5.831993849394474
-5.3072625912896045
-5.52796048969314
-5.3169410739692005
-6.5567147699959465
-5.459652738395517
-5.436059322731579
-5.2205887280255165
-6.035759892851991
-5.4158191909829165
-5.491298171606904
-5.870273961522054
-5.447901659620948
-5.323239394582162
-5.411950189832582
-5.5804053142111725
-5.349981288732056
-5.573212722091713
-5.951725984431555
-5.6195705131978
-5.5776567614666455
-5.261903394062759
-5.1669143683304695
-5.895169614422218
-5.886550879244876
-5.971289392949307
-5.387126022273377
-6.189664463369418
-5.775946300036904
-6.062987889957914
-5.725067001872335
-5.218503084336756
-5.7094181926666225
-5.903719256809631
-5.439539744771242
-5.962451548115045
-6.5826122578107205
-5.575628170598578
-6.111675458276989
-5.2307909183150905
-5.079173836604361
-5.0691320354244995
-5.3557997648469176
-5.589035017806176
-5.186290943969406
-6.253501006270553
-6.15789243835506

