-3204.4785082326443
-2367.9297092337347
-3837.675109315575
-4627.496294805445
-2842.0242262409292
-3302.1324364451607
-3865.08152767807
-4247.331281074451
-2271.830316277424
-4487.7903912785505
-1914.312847375575
-1578.5097105666541
-1464.8640516220871
-1579.5850853752515
-1305.7329946537427
-1577.205199731402
-1244.4501437065526
-1479.529317566543
-1592.075037242381
-1394.0649806811762
-1291.5380144132016
-1470.3722561517347
-1494.6437684555847
-1571.9401512872091
-1670.1196492628562
-1370.5684237565765
-1308.2008439382344
-1762.0373574971884
-1682.9500392097639
-1266.4049720414255
-1570.0535043372493
-1582.5893879663822
-1437.24066346366
-1385.5838841008954
-1622.3580447488255
-1434.9387678777214
-1528.1218427755343
-1399.8324302391075
-1478.4858310114641
-1527.066505682301
-1281.1336776735864
-1412.2652649535862
-1450.9464596701914
-1386.394757681391
-1369.9136987098764
-1484.0266183086635
-1435.9570951711175
-1315.8642914423517
-1324.216999811239
-1569.3812718085912
-1337.960529106729
-1344.5304374306215
-1608.4321512120046
-1495.7285205203268
-1562.1500705922724
-1498.572533729091
-1291.900778295665
-1293.783949392535
-1464.144207634791
-1565.0369319826661
-1795.331978333732
-1275.6577172925029
-1419.8040182832622
-1491.6563053195318
-1419.1845991524217
-1507.6651619205004
-1480.8362397514338
-1271.2463163021255
-1230.4114211655908
-1430.8915032213667
-1234.719766592948
-1279.3851162587855
-1374.724966535556
-1493.4332026086104
-1576.5199057707316
-1464.1369757597179
-1261.847586559427
-1294.416073662072
-1355.8525661453857
-1221.7152543673872
-1579.1248435936204
-1339.4770980921794
-1276.5394294003222
-1417.639041983971
-1648.2813879928349
-1408.8082864631087
-1380.2440239458556
-1369.2750579922804
-1267.8377181017834
-1364.9374654405563
-1258.1509392692642
-1295.1229254017687
-1349.1952436344993
-1363.4964776346606
-1457.9612606520466
-1323.1530125736854
-1288.712137804516
-1449.853247996852
-1432.3229867005575
-1311.3198108790918
-1334.1129522295078
-1175.3654197601352
-1444.6309875393517
-1405.3599877764955
-1426.0906721074687
-1343.7024219325704
-1264.7502423636345
-1266.076863654942
-1436.956735963321
-1272.1146590449498
-1391.6010854644062
-1216.837954260212
-1351.495805407942
-1301.7297638328084
-1304.8114243616951
-1778.6426082647872
-1414.9277979863791
-1489.058244346238
-1516.047134866799
-1462.6216807639325
-1435.9521727848387
-1509.1379291327767
-1408.2833908452137
-1542.4141475596152
-1345.0315335822563
-1534.6077768070008
-1266.3155346220371
-1340.6570194989151
-1284.690104536482
-1295.1281242481946
-1373.7017944143233
-1382.6642636942072
-1293.5524880078312
-1270.5685518296089
-1300.1319914967762
-1237.4421041906467
-1322.7972580492567
-1343.217658516167
-1371.0058987293503
-1458.759745144232
-1487.907510178642
-1346.9106464269291
-1510.5608182235565
-1325.6282987525196
-1267.418435824635
-1369.8199047068647
-1194.0151368290535
-1433.4629315470966
-1537.7756187020016
-1483.8248369881794
-1340.9470400210093
-1438.397904621308
-1426.597920042799
-1454.4642867480745
-1247.4941560614889
-1460.23597766178
-1302.6958531575983
-1262.3820146361193
-1235.976240597832
-1466.9923104772752
-1356.0092107499079
-1493.0340736903977
-1314.904251223942
-1592.3654818476232
-1381.3187965703144
-1286.2195607148342
-1447.7469320330054
-1283.5276673808166
-1568.29627450676
-1392.3889766834254
-1146.767668219185
-1341.503802783993
-1629.5685009849294
-1326.3478496805383
-1351.299528404381
-1339.226533709209
-1539.0468667418827
-1305.6153336382597
-1134.0100446552658
-1273.53360343221
-1317.4274202145837
-1383.8814769455757
-1380.1557712184367
-1204.1525469868852
-1343.1078001845244
-1283.797234562764
-1385.8758248472757
-1453.1398227239251
-1182.8758792992542
-1308.392517098083
-1253.1779671435231
-1323.8138886250892
-1378.7229454821722
-1352.582292541124
-1183.8602517782333
-1293.4806877768365
-1265.374984808689
-1258.8024904266613
-1429.6629278131568
-1330.0498978577007
-1114.8214495853726
-1475.5912855392166
-1529.0183951821919
-1428.0096006866142
-1241.3298843607959
-1319.0051055590977
-1233.972322632624
-1452.5052953174004
-1259.0055862159154
-1280.2430117411657
-1318.795533466219
-1206.4473778276022
-1338.0499702851303
-1267.357539808616
-1291.7493261284644
-1363.213356734415
-1197.4662144367912
-1359.6343330662494
-1193.491405996276
-1291.9488253713703
-1250.8528420375328
-1244.2188163960934
-1327.296683118361
-1287.2962195653654
-1253.5834426258828
-1453.870444595889
-1356.3138854949118
-1328.818936162313
-1194.9995887874645
-1402.7941010317136
-1171.1081506951684
-1327.598495870734
-1317.3848360261936
-1355.8350982313748
-1382.4707689305142
-1388.4993438396668
-1373.3168512686807
-1430.3528694042025
-1448.9774278078337
-1394.0188512722225
-1338.1523442796079
-1373.2570842252562
-1200.4220006019038
-1287.8586631172911
-1155.0363406449435
-1325.9184200309155
-1332.7208572627385
-1252.1116662672562
-1377.3973057025205
-1273.562968257061
-1193.0971354999558
-1223.1872116728368
-1390.4152991114206
-1313.0355663909559
-1202.8588971629674
-1165.5719210937475
-1306.1384579628593
-1374.9905458809808
-1297.9084622155076
-1225.680012121052
-1136.66957546359
-1338.697786789644
-1313.4395107304267
-1167.2195057487959
-1191.7173023313856
-1331.1182748557837
-1314.4472798721572
-1136.2967785743915
-1341.9812630605254
-1305.166745966905
-1312.3103064170696
-1291.1646178513124
-1350.4501551321264
-1466.5536402480195
-1304.7639845733875
-1270.5613993934958
-1337.4563646704346
-1430.2920711235538
-1141.109448985227
-1323.3501751897766
-1216.9312051774357
-1284.3799044836999
-1213.6733942784645
-1335.8587996676488
-1222.0345529269769
-1320.969756732026
-1218.8240924903018
-1310.0184025011038
-1345.0532857548942
-1284.114077347661
-1324.0323504408261
-1344.3278527889377
-1247.1057181624112
-1283.8946477044
-1036.2621127429575
-1279.7945225960393
-1214.6397183931786
-1233.6973476495905
-1184.2445196866372
-1359.6123454238282
-1224.9875765941013
-1227.4987381312237
-1319.03331582672
-1279.4137148950974
-1332.3268738690354
-1356.709815720039
-1153.1940631794753
-1224.497370576354
-1290.8431780795447
-1443.9383701621564
-1346.925471271048
-1277.4859971417002
-1462.179105663917
-1303.598192529541
-1290.635660381447
-1262.8402475923558
-1372.4520740627618
-1403.617127476251
-1216.4893242117341
-1125.0518957471068
-1457.438239630694
-1211.1436164129664
-1277.4649190536043
-1298.2989124182309
-1223.8682904658363
-1323.2617880488015
-1287.96841323478
-1192.2877974586793
-1499.5060439344707
-1340.5638094647804
-1248.5783201871186
-1260.5925286079328
-1111.1622492452113
-1398.9398031599092
-1348.7907042475824
-1288.9278359858924
-1219.41159551905
-1258.0787411094834
-1329.181436723592
-1410.2937494776695
-1263.887312311828
-1237.2065520031422
-1291.775129308733
-1253.3725302873004
-1228.4190755367151
-1285.6216350209934
-1262.2086084512955
-1330.7984896371395
-1198.6647036832671
-1263.5388188341547
-1250.7294867021274
-1363.36088930259
-1570.3890512771216
-1289.3055901878533
-1296.3544212244117
-1325.4017162731482
-1271.9366740945052
-1245.1454749881611
-1388.6338544889336
-1376.9973056286408
-1254.6025738516262
-1463.0035374858608
-1282.2525458132027
-1081.6277553261089
-1206.4708922228533
-1263.1799330391023
-1283.6273161685347
-1229.672508071294
-1332.7196356261873
-1306.1869833600322
-1295.7156979260578
-1168.1309640486525
-1340.3310172549436
-1228.9815516573908
-1171.5655744496903
-1118.7194587826812
-1291.7329526768199
-1346.3436982348212
-1254.02954064618
-1214.1401299832776
-1131.1185978543479
-1312.335634604814
-1346.0933301176917
-1269.0172953261497
-1304.2538689244448
-1161.320929021452
-1362.064633215508
-1210.5972413224088
-1238.2781860682699
-1290.3756176288834
-1298.8883879920913
-1313.1858518981046
-1317.1849514478579
-1445.3403516867932
-1375.0160039828766
-1286.735860401516
-1192.203990133882
-1254.7582757367447
-1392.5512083683734
-1320.5381893653907
-1288.1319545092538
-1319.2981613682996
-1297.6052746850762
-1269.488657491286
-1130.9383727544282
-1188.3186290841084
-1304.5434015196088
-1237.1782764310528
-1260.7931498687997
-1160.1506292690287
-1121.2014719187673
-1194.8705021310477
-1343.7500476778669
-1242.2590304121757
-1242.8747477363086
-1253.5595815705483
-1218.1322460015056
-1333.8626219149837
-1223.1562757170668
-1387.9077752115984
-1224.7596742293542
-1129.4855942960148
-1236.1808955937809
-1284.9211104264305
-1290.7557585261925
-1324.9794812554042
-1276.317932482503
-1292.3415440354934
-1171.8964034451412
-1163.4551003019708
-1242.822086029901
-1256.8010909641628
-1395.5284428821878
-1240.7773000258487
-1100.0463428312792
-1242.5053864662468
-1290.409131239022
-1220.110432388424
-1169.3382450570589
-1183.459471738424
-1428.9427292759894
-1377.031344159624
-1396.7796418095054
-1203.070846461889
-1245.5556808539834
-1226.8658944250344
-1174.6794459427197
-1318.6556136675754
-1114.3030842469125
-1255.7881894546726
-1174.6580188683636
-1408.1434923311808
-1106.7654728958246
-1264.271506609376
-1270.430318002046
-1316.9047819554003
-1304.2302640846085
-1381.1916320412101
-1326.5157700985346
-1279.3599676697766
-1531.8258671498943
-1293.9903674086966
-1348.7113567430983
-1238.541021341205
-1248.816045072708
-1359.4868155013248
-1273.2176726716293
-1288.90019582083
-1346.7065194028223
-1221.0413579366739
-1118.5302407371264
-1253.4303169794966
-1288.9066848573605
-1435.1050564758948
-1323.103886343
-1441.9648263679767
-1270.1545955193817
-1279.583108990712
-1141.0343191724594
-1410.6882461289679
-1235.5978075834034
-1349.0528417691357
-1345.482359029807
-1265.2012375281158
-1275.254927714226
-1143.050943222909
-1101.3120766226082
-1258.107844892495
-1353.7020166769448
-1078.3272497204134
-1209.3579224829655
-1209.5358370848855
-1384.4746883328396
-1175.317385021091
-1286.0743775835026
-1149.2687757370477
-1151.2001271400202
-1242.8105069083053
-1345.2763905689862
-1324.900434541075
-1198.0820842212504
-1136.6087452530778
-1198.5415016672987
-1327.2893034817334
-1252.1661673820454
-1166.5103034868735
-1435.7507571580682
-1190.7289318185422
-1283.5885782731345
-1276.7084391570252
-1251.0647167761638
-1163.1746718139693
-1150.4660151637165
-1134.3070238868916
-1300.4440787136666
-1210.0164608388868
-1197.8022363787854
-1132.8989054076978
-1188.8747004890688
-1197.306793220219
-1337.1231434114422
-1257.8567094365198
-1167.1692194866544
-1389.041117591976
-1352.6217337082965
-1236.2007421382593
-1247.0482944857004
-1215.7264057379587
-1252.7505213458987
-1172.5229418692497
-1346.6897118967868
-1274.0968636719572
-1250.1016887529424
-1317.4663161381086
-1292.7707082043632
-1195.637792763969
-1184.2258202650294
-1134.640719467207
-1201.190543855103
-1197.353460457629
-1376.6487307983061
-1131.9416183995252
-1138.2703290925779
-1205.7191828313573
-1371.8505599814346
-1231.497538929878
-1250.6797652445043
-1164.262325844259
-1151.662323323032
-1149.3652616351742
-1177.656893413693
-1178.9774475664335
-1251.114268101268
-1226.3463797926197
-1368.77273424473
-1216.6681787997584
-1174.4595343573178
-1263.4154787696164
-1274.8933966345242
-1401.1285955909334
-1182.4695768400777
-1177.2274883307189
-1426.2520052670404
-1265.614793459421
-1241.3232182008667
-1335.149590080833
-1458.9767043446268
-1203.4797020705255
-1213.349799162552
-1383.6483414643087
-1410.1395901722278
-1122.067449543343
-1130.9535512130865
-1279.099049965991
-1216.3203662737699
-1243.0164348224253
-1343.7168014154295
-1361.7646042391725
-1296.9745295608946
-1295.0069906321244
-1238.6401895200288
-1155.33138753011
-1199.5040288143891
-1311.4554265497568
-1298.6782812630045
-1258.4009310312022
-1529.4414397858118
-1234.9785673086042
-1292.2160967326113
-1161.3088511321498
-1121.0196426206583
-1200.8339429291223
-1071.0471834808404
-1323.8312015138388
-1208.0032239203226
-1260.0353600539086
-1136.5432030241884
-1219.1254398251463
-1111.868194743203
-1304.4854535982254
-1236.712834423822
-1372.601244326979
-1271.3411354034438
-1339.1588946112515
-1127.7594984464656
-1263.3475379545634
-1220.8850923491468
-1282.425703805956
-1305.8093855537056
-1373.3469240970326
-1475.5643348624744
-1139.7868356682327
-1174.0929678106213
-1337.7568643859256
-1127.1082615617274
-1169.3480357997967
-1187.4841911977917
-1089.411159043445
-1040.053508467171
-1257.0420136721186
-1203.4352534172654
-1295.079993214113
-1236.530300261109
-1346.5531788130054
-1180.858213706885
-1232.2432453202846
-1209.624041017649
-1169.951747687437
-1182.7992025056233
-1316.291637554716
-1128.0239720235784
-1273.2861453180867
-1258.587392452315
-1228.6626592637122
-1196.0785495235039
-1245.7844636285845
-1486.2978225385343
-1281.3542599601008
-1377.495614445098
-1259.0402812234868
-1330.3023421371108
-1347.9147639802907
-1196.8327533739755
-1334.5060332475757
-1358.1853528292027
-1198.3019474206505
-1219.1082829421755
-1380.6830848682803
-1200.5298966360733
-1138.0861402625737
-1333.878297372669
-1238.289344749702
-1240.7924943837509
-1353.4201997028986
-1158.6805182664705
-1193.0562775399217
-1350.6121688202825
-1354.1545430157819
-1189.2698115139235
-1463.7356886718853
-1376.1586438299648
-1381.1527563559732
-1170.7087419921331
-1159.7264710872844
-1345.647590426313
-1242.1927429025534
-1166.8610461061446
-1250.1843620251148
-1229.0187398823844
-1275.8488933400586
-1236.6330471708325
-1107.4869139603325
-1339.1934077861742
-1221.068485385268
-1263.4780717521676
-1170.4797323493292
-1209.945709510464
-1169.797576588713
-1401.9614408925245
-1196.692038084374
-1202.5266451370123
-1338.538432318046
-1126.7643456802257
-1431.4882748400305
-1177.5504673924552
-1316.154110868959
-1304.771028844304
-1137.6262437832136
-1286.3222764457873
-1115.4290705672931
-1103.4359599087454
-1323.4647800118062
-1213.8659100072512
-1305.0958348514625
-1331.3667519393227
-1193.066523967654
-1225.6799474626537
-1265.9791100871707
-1206.0036602211633
-1132.9610414042202
-1300.7392911150919
-1192.2785064420934
-1400.4154946657434
-1182.900573041423
-1213.2482188318534
-1337.8716263152862
-1325.2075182852052
-1341.263529654721
-1206.968864984019
-1228.0776281193437
-1261.6896112388458
-1315.4630771829343
-1224.1484797555675
-1338.8685613452371
-1411.8535964323987
-1207.1853622449266
-1261.811381514602
-1244.9758429278834
-1144.30859892473
-1249.9214004247992
-1187.209723741071
-1409.2657321703832
-1312.6084741166553
-1261.1842602967738
-1207.8814291466313
-1207.0505183064113
-1171.8903730533154
-1232.5548593477395
-1386.764864798811
-1209.3891382886857
-1119.02749661802
-1302.348302195099
-1301.4515741704647
-1226.3190198562825
-1205.6647942075758
-1207.9238833119
-1199.5272464171546
-1354.1129048055573
-1159.9257106711882
-1204.589171903974
-1146.356694211887
-1285.9647989598866
-1371.2785079790588
-1215.1586796023603
-1262.8770168651363
-1294.2286026179183
-1296.094777510576
-1173.1013126872479
-1242.1340374179729
-1369.0929928152636
-1289.9987917216906
-1260.4184209615532
-1297.290251015787
-1396.165163459069
-1229.812975803383
-1105.0057265902494
-1321.5452666700494
-1187.5884748702945
-1238.1891213945837
-1301.7603400175533
-1169.3152612669182
-1353.1144586449423
-1228.0589496617047
-1239.0298844845145
-1209.6486988159104
-1498.0946242057285
-1273.3425492900806
-1143.2793302450762
-1240.5768591724318
-1052.9807610535486
-1070.197148923662
-1367.0731068619232
-1331.0304805779574
-1042.56739218624
-1421.592557544991
-1223.9510141273756
-1228.615819321322
-1232.3247781827959
-1399.7112361043305
-1185.4783945960296
-1010.0791606322614
-1281.7481321285577
-1194.7855075711027
-1178.8014824340403
-1047.2857318257434
-1181.206770616842
-1274.6363833347496
-1092.161316888513
-1311.6313566983822
-1149.946108562955
-1290.4659324551358
-1283.9694296713635
-1165.4709546865213
-1316.103850278759
-1273.2428168966253
-1120.0195367746592
-1341.4454704828413
-1221.8790048982128
-1197.5556035526567
-1100.5660957273085
-1336.7831648781266
-1338.980697629004
-1328.1668219414394
-1120.066552425069
-1363.2454267624998
-1291.7860121227318
-1187.3107702276045
-1147.7530001711386
-1259.7077150234081
-1306.5081981309422
-1284.236274955498
-1247.628293043814
-1448.9462166060289
-1319.4499017308228
-1241.7633288850109
-1234.0390678470899
-1263.3046610892418
-1204.5723829642122
-1289.0035208180489
-1149.7392935682462
-1253.4547104029634
-1190.4165916525158
-1290.490713782601
-1337.5804508733981
-1295.969553544577
-1235.452146714815
-1271.366163504824
-1301.6233943393029
-1213.3858866910907
-1232.3215447243151
-1208.881954656077
-1184.7794284905074
-1335.593053285881
-1322.2656647243145
-1291.8972768016747
-1240.9104252888183
-1150.8611003480503
-1234.4778269460728
-1171.4974357965668
-1125.9701042630059
-1209.2395947589348
-1300.8066324101267
-1340.705935849835
-1234.3270866693956
-1357.2672080451775
-1288.557671267893
-1298.4092653134794
-1213.070492269011
-1246.5783658227247
-1305.1457954989091
-1091.7939290577847
-1188.5521963037606
-1229.6587155097961
-1202.001261371712
-1278.2248465650516
-1290.195188806603
-1098.558496518818
-1291.1464015722424
-1207.8826211712867
-1215.2141997261435
-1247.455851457278
-1221.3781413081394
-1323.5821862001812
-1237.5059631477234
-1276.3555355298668
-1162.6679543416892
-1224.7885549547525
-1147.2164882875923
-1193.1464406347732
-1258.4197084401526
-1117.9628167523204
-1182.2100573481346
-1386.9898306510595
-1126.2341727442918
-1306.2117518984803
-1189.5853568093723
-1217.438155746708
-1281.6026430791974
-1179.312139817397
-1373.4107495000906
-1235.4860872736035
-1283.423954013232
-1184.3341317771158
-1276.732624857438
-1328.6992127499752
-1131.3642402556104
-1174.1899805486291
-1173.9101486320249
-1204.334176294588
-1143.7106723132188
-1248.8308573560207
-1185.6675283288307
-1268.510972670374
-1274.9733125663818
-1249.070729838274
-1245.720761421526
-1130.9008791125063
-1214.6565222716117
-1215.4396111270726
-1279.1561566797127
-1382.7201009100763
-1317.4390405913016
-1196.0042453092806
-1269.5991412001356
-1389.6416256663836
-1200.4914833586397
-1290.982534688779
-1257.6743794328643
-1259.1238087200318
-1143.0589278592968
-1118.940960877891
-1144.8179339909511
-1186.670147444366
-1136.2427192078014
-1256.7792430401937
-1330.5287210954348
-1109.8837292686019
-1164.8335642598931
-1292.9902422094792
-1236.8451312773987
-1260.7921159217453
-1366.1724626149164
-1156.354532217592
-1358.3766412625268
-1295.8251511104245
-1205.3519164372467
-1241.834881844344
-1319.3899699584524
-1180.8454579108422
-1098.6278286535826
-1187.930570983496
-1196.0379466321338
-1091.2058749712055
-1188.7598183885618
-1154.1677000249883
-1161.958930044498
-1293.9051953190497
-1186.6373537878098
-1200.0255983939508
-1379.6855043053965
-1138.6045965230699
-1165.2626826131684
-1211.1704416070447
-1333.3415378088305
-1335.7899409185613
-1310.1116414556268
-1286.872775663206
-1162.3908709629047
-1084.904422168905
-1140.5615050377435
-1233.537869817059
-1157.5037585038365
-1066.9431733374545
-1152.050425559653
-1197.0533708527114
-1316.6259389694071
-1410.7039534238756
-1296.2368485765169
-1254.0871269843146
-1346.7976566290492
-1144.0854397062233
-1250.4677066721742
-1318.775843054372
-1178.7503957896804
-1203.7400580589203
-1281.796215842474
-1206.1629420948059
-1229.1174355032567
-1063.379359881152
-1106.0920230153265
-1213.9626906114518
-1174.074502940409
-1245.9929511595526
-1214.0095445160036
-1124.4570798529633
-1284.8585515241998
-1161.8412388693905
-1258.3057402042032
-1140.0415950569825
-1210.5115444056828
-1197.6980723350705
-1212.3823574283667
-1252.9537948305813
-1296.106228669952
-1220.8624075409755
-1290.699214202241
-1147.9341177882266
-1189.6451732685164
-1212.1148477299093
-1127.1697830417654
-1248.7690799328188
-1227.6786345187315
-1464.7791816247682
-1166.9789943421988
-1159.9599043091048
-1152.3874398232226
-1261.1294907980323
-1236.6865341943148
-1059.5802025020444
-1201.1175749659283
-1305.6342368966148
-1291.5668523240533
-1254.364683320173
-1106.865294707016
-1158.871303454114
-1108.0417794959096
-1250.8559636087375
-1392.0327187825872
-1220.0320436060492
-1140.1654266027942
-1241.6185656112486
-1256.8951926012646
-1054.1969843428976
-1165.8931610115949
-1199.2128044801175
-1154.9964934322522
-1164.9191473115259
-1198.4582339183467
-1237.0671751855111
-1177.9028257858274
-1307.617525906001
-1249.8346084117218
-1169.0825676698535
-1284.4485890848428
-1329.8259898020838
-1083.0346190905032
-1345.6853047739835
-1317.5900148005073
-1194.785969730595
-1237.7249164271234
-1291.7607482397939
-1222.6400556359101
-1156.2922528635056
-1315.1889718823547
-1319.358378972965
-1263.0747030771763
-1279.3192914545998
-1173.400385818332
-1092.2861083944465
-1197.1126635848395
-1180.9723611167908
-1036.0596049809099
-1150.9909790790296
-1068.9003105358074
-1288.4895049162726
-1200.1928628501753
-1205.872030011421
-1177.9528544892855
-1148.6184725225357
-1130.4598498474322
-1224.4444581856703
-1378.132529597285
-1283.3378479148566
-1113.7378590663764
-1058.3445301356394
-1210.934498352729
-1162.8917584500778
-1230.3003502104395
-1320.4378409070728
-998.3874377265292
-1299.4137594188894
-1207.5273399762698
-1274.4567577432708
-1176.0982662612903
-1119.0778586847796
-1192.718014335033
-1145.273068691615
-1205.7678093504246
-1282.300089258094
-1264.5180030961114
-1123.1171470329111
-1278.6746714629862
-1290.3479214939973
-1331.5094239810687
-1152.5234567876441
-1260.9585825707572
-1283.2423887146124
-1164.3268707143868
-1142.439664038514
-1297.7421803490936
-1242.0719254198425
-1249.0414368141865
-1178.263300279375
-1197.222080708729
-1161.7647374410442
-1292.8497372042036
-1258.7469730566163
-1276.4187306302065
-1192.0652276754681
-1297.4411609021104
-1221.3789894340305
-1232.332611192977
-1211.8093091027647
-1201.5633958627013
-1133.7662967508224
-1191.67743421286
-1257.1391623448574
-1194.0293542083673
-1210.1503280129941
-1195.5085170346642
-1268.166316136858
-1256.232558394678
-1100.8889692164937
-1161.0320764596026
-1217.3293820846093
-1320.9613453872018
-1248.4693136181759
-1245.8774936098189
-1287.528482882789
-1229.0985089574278
-1239.6840761619096
-1120.173247052304
-1176.0322418138228
-1243.1245317443695
-1287.5654175082755
-1270.0149164685815
-1219.467483805984
-1256.9842906257877
-1192.7174571827509
-1142.3818449748012
-1271.3694892371977
-1141.4741238607603
-1159.1207337651203
-1292.1637317292023
-1209.938341774186
-1343.735311051512
-1248.6150573490502
-1217.3330057270023
-1083.948935459631
-1197.087402713957
-1163.4812874877944
-1273.2761404003716
-1330.974464179084
-1299.8422093278568
-1242.5726120687707
-1200.3300406660871
-1101.7606324201631
-1303.8309884655682
-1176.440805162277
-1156.7795125334385
-1159.6895577896114
-1130.3942415547265
-1154.1910769541273
-1171.6470871632762
-1119.4292129099883
-1190.3883311486948
-1253.370598819226
-1140.323727157523
-1056.640006514249
-1270.8941585365262
-1248.1145572852824
-1377.4645547205228
-1164.1954065530053
-1204.4931280044746
-1283.3698009922618
-1236.8085933106045
-1228.8446628824013
-1068.119284444195
-1269.5681346762174
-1257.6428508638608
-1265.0743421404043
-1150.3401198656911
-1334.8328164924524
-1365.785613580064
-1236.1766224133526
-1287.6935848231763
-1268.1562639164038
-1278.2126842928085
-1033.760762514722
-1256.090790531911
-1194.5379080034234
-1192.2599122145268
-1298.9812693919023
-1166.1524803507375
-1394.727456496385
-1172.2157947893138
-1287.140199035252
-1316.6289606692671
-1115.7288132388105
-1364.5895004017025
-1253.8985419738935
-1230.4928013532199
-1208.6874060936673
-1203.867587171885
-1261.0504448797878
-1338.3935170463728
-1142.3153897669522
-1265.5946484741694
-1330.7655298426835
-1268.0508930334709
-1272.5470044489357
-1169.8139233926668
-1151.5158327117385
-1195.0418887589487
-1241.8939631982194
-1182.5436292943866
-1224.5574916129997
-1184.9825330880174
-1106.15412216039
-1263.823939546363
-1205.3659037677314
-1155.6563046862518
-1117.5841655268378
-1186.4544722843657
-1320.0544287199032
-1109.9813220882238
-1249.7744121728642
-1274.465671548272
-1302.6241686175017
-1251.8525522900388
-1183.0668360392488
-1210.9667676190372
-1323.146250537482
-1277.6207327375648
-1271.408363538994
-1246.5867196801614
-1223.6715990664395
-1160.631231129356
-1365.621922186443
-1201.6475799706589
-1200.6329368216977
-1180.5169858902843
-1206.3006766042456
-1145.2669689270585
-1277.8134174030358
-1257.5592937710908
-1270.4576978607574
-1221.416777960184
-1225.8793308331851
-1297.7881916955112
-1287.197910823018
-1152.9398728484102
-1196.4953098166382
-1098.6148706789152
-1240.1148437078148
-1227.9007211469766
-1238.4579162451034
-1174.8342048703496
-1289.9095897440575
-1236.2478509538505
-1108.625915385347
-1294.0220303397336
-1262.34042631526
-1367.4714485643758
-1136.6046559444703
-1253.083344303157
-1180.9782910279803
-1204.943340865443
-1333.505774247277
-1317.1467083103278
-1195.4906622319852
-1234.7582398105285
-1215.772559624207
-1224.5935332469778
-1393.022230513064
-1228.860252388897
-1179.914123164016
-1046.52875825791
-1300.7045847986583
-1262.2369978845843
-1174.9041775456196
-1232.9022896896042
-1227.7507083274002
-1248.6726291719751
-1370.5853438217168
-1249.808924405797
-1117.8188353970645
-1248.5969741860736
-1329.4653178272176
-1265.0537527209626
-1356.376981309088
-1158.111935763003
-1310.9851347873798
-1080.4640507592324
-1205.8715868591325
-1188.7057096119233
-1171.8429568610477
-1160.0301298253132
-1180.0940042610719
-1231.2295495807157
-1317.2212163805027
-1219.0312756496091
-1226.220513187575
-1198.9560782900126
-1155.6770381491951
-1137.8635445358184
-1173.5002672810085
-1235.2164838375636
-1193.5354052684154
-1229.1296655204344
-1230.7716353614514
-1224.236081588645
-1135.2455314462575
-1356.7280006612646
-1330.4237858300714
-1181.2476079480023
-1233.0914286496354
-1289.0510917208003
-1149.334676760004
-1308.0750633587213
-1306.2159588391714
-1166.4029765397536
-1194.2653035495812
-1309.3806968545732
-1305.9780524198993
-1251.8162058346554
-1204.402262405071
-1159.461735322862
-1107.2475985232743
-1216.373317500227
-1175.3072656276288
-1214.09012555485
-1303.0216202815682
-1242.7097547056364
-1338.1945016273785
-1087.5556171410308
-1239.6159301162436
-1135.9041796985275
-1140.826312433482
-1310.784665633208
-1295.7901917913966
-1184.8375395057512
-1344.9855637624403
-1317.178830186477
-1315.2795763828742
-1203.9239663716812
-1221.1602398033056
-1329.7344932363167
-1158.1239494444117
-1253.4928512574788
-1231.0485405731063
-1231.2721355139113
-1195.6867198860755
-1306.784584987691
-1125.8175756618182
-1199.4849593661181
-1149.4883806045234
-1159.0245027672352
-1121.0208994950715
-1259.8090662274005
-1091.5048850375433
-1092.9818170695398
-1232.566401185323
-1393.5209603764724
-1107.2168905588092
-1129.8879597952077
-1227.0797709713797
-1138.1409591205975
-1285.81694153302
-1258.4740295703352
-1138.8528764597913
-1258.746983700488
-1241.679346702822
-1329.8723258040275
-1152.3981571096103
-1088.1100349634014
-1290.3870500379471
-1207.9849270504833
-1146.6589094898657
-1101.1927787088994
-1111.7256910310816
-1196.9965519594646
-1136.8581709045511
-1265.413125053145
-1178.3994133376973
-1125.9295783379052
-1161.2054658374898
-1252.369048336407
-1151.6873277350803
-1287.4814573496728
-1173.4846387334658
-1088.8652512817332
-1216.1679250168597
-1296.5420131046458
-1366.052104653737
-1228.405927884167
-1180.2547605200045
-1264.5699223004556
-1381.5785570416092
-1265.4812572390467
-1084.07652748247
-1258.0710737883853
-1131.7955250233965
-1194.9290240074001
-1264.901260806989
-1234.8975245186384
-1263.6505618016038
-1240.3029936109317
-1198.3106601515317
-1185.1360230366624
-1140.5046126257298
-1187.170923293626
-1270.54837734668
-1226.735660879753
-1293.927289422424
-1255.6747608049698
-1239.29833327307
-1356.1877667960616
-1150.2716299449237
-1066.66630060728
-1344.675333692075
-1171.9360859804633
-1312.2402906801053
-1196.4021266163315
-1320.789771389084
-1218.3516281032394
-1240.7409244221894
-1220.777432665446
-1189.9170353421014
-1363.0009152630869
-1195.1769805283436
-1097.427593989296
-1165.6563322909492
-1154.2296875528355
-1307.1833624567844
-1265.5987880196221
-1229.1957275292173
-1145.5706665345201
-1356.2999250204218
-1264.621725682713
-1115.2832030703153
-1210.867309141231
-1135.3903855662084
-1226.4598098793049
-1257.5169094455657
-1054.817718922919
-1181.5522758942604
-1172.9591802991008
-1247.2114284889003
-1180.1752706642164
-1130.6249126385346
-1222.4472471687639
-1105.5944058941766
-1117.0336680690305
-1193.9839075119594
-1323.965242474544
-1164.857170991757
-1274.4305661924332
-1214.2350984942234
-1263.9115068012588
-1127.3439796535804
-1233.0691848585066
-1209.152669746833
-1318.9471378522958
-1158.4219120626974
-1160.7449655258722
-1118.352086338398
-1466.67412255649
-1185.0355051426816
-1168.4908411786248
-1121.232622030339
-1191.6986430784762
-1215.3960619834343
-1248.0326351296746
-1164.9169805790054
-1302.7806968505472
-1224.3040147677789
-1120.2716266740647
-1243.1963161276892
-1331.8300846578245
-1288.6479173936575
-1303.2870231062661
-1097.3929643312104
-1141.4919331479155
-1273.3563151825156
-1252.740993253175
-1348.2754915171297
-1189.048548534515
-1296.4044008135613
-1204.7289964187144
-1037.145619763682
-1242.3736605885667
-1212.3520884648822
-1185.9174760983717
-1212.6899708530727
-1220.3023536764556
-1350.8872854946185
-1222.4130192136995
-1271.2292061407488
-1155.1643163534366
-1256.6315839741346
-1233.6262854951428
-1125.6312074801792
-1216.0847758846703
-1217.5478085716998
-1331.972872086598
-1145.814267928715
-1076.9385080242464
-1202.8255837940885
-1269.168251738204
-1296.6391233260197
-1230.7398574161464
-1335.8211550061026
-1148.0318348690853
-1208.55207200181
-1307.7732540059878
-1274.8365625346387
-1229.0921674561014
-1329.2169851833805
-1293.3919286570376
-1301.4255286758814
-1218.5394597444383
-1113.4763059661484
-1224.0757741375342
-1285.025932574393
-1356.2225512818104
-1269.0046934026525
-1239.9747835078851
-1219.2529824434328
-1328.4093077038729
-1184.2025506595946
-1175.2018268843065
-1318.7025223114151
-1122.212383253727
-1201.6068378334467
-1285.8661576315756
-1112.7198956136594
-1323.082367828812
-1254.8820065135933
-1188.567591898366
-1208.9571300612909
-1175.6362610637993
-1185.9600357199147
-1190.691898751993
-1146.866465105316
-1201.8222727776526
-1188.950803067653
-1186.7837517564874
-1028.3754783578208
-1279.751818046905
-1220.2014414168493
-1288.940057100568
-1243.7675767174733
-1267.4416937542264
-1218.587913671039
-1120.2828314796648
-1271.7398508933716
-1085.810796790907
-1083.367443824319
-1166.0827275711752
-1197.2990935521002
-1210.778770079266
-1194.5875494010768
-1299.0825733548945
-1153.830365454947
-1215.7309571949238
-1242.668260960326
-1228.7500862750069
-1405.781806266411
-1151.0121419659529
-1214.8877428370752
-1268.9838542669795
-1195.7104286945048
-1125.2606404227504
-1217.1503377013958
-1182.8092547955287
-1202.4839346932656
-1254.7718394863778
-1101.9287812638354
-1227.7647509814594
-1218.806989741896
-1338.1131087218566
-1065.144191470092
-1187.0124552704735
-1173.9424900939218
-1068.3309872430812
-1335.8397975369398
-1284.7073707187537
-1170.5368635100888
-1214.3404308517577
-1177.5315055348026
-1270.9295964606981
-1264.2495829334036
-1177.2420631654215
-1153.9427206813198
-1272.5403470138697
-1301.3891271458147
-1136.8103817163462
-1371.0016119899708
-1256.863041803926
-1340.176453492706
-1108.9725246477963
-1199.7798873587478
-1227.9098577390341
-1238.994840160888
-1297.3891879604928
-1244.8891101958588
-1293.8559631767148
-1216.5611938934906
-1259.991543928459
-1178.415784058602
-1096.4898518428988
-1282.8996426963477
-1254.2614829995841
-1196.6464602372153
-1235.6686962080569
-1128.8589676755719
-1299.7583414266414
-1226.6458591773637
-1178.3152870205192
-1352.8768430754756
-1240.4050566522483
-1230.4546478842558
-1257.8643251670164
-1150.2143221076037
-1122.0404767956552
-1237.5128913499684
-1149.3448818293461
-1252.8069047035265
-1183.316548971269
-1195.4583508245582
-1265.30336088975
-1155.0834999987
-1111.0048833595774
-1178.4597349404896
-1171.6334663562955
-1302.429539814836
-1158.3077287058138
-1229.1784687689133
-1281.3635113944974
-1215.7580949751489
-1192.4486593055678
-1200.484748422277
-1220.9603410290358
-1148.8392992000925
-1226.3024763422402
-1286.7602957785766
-1248.3512925243663
-1245.1715093198125
-1171.4299194628863
-1320.4464098327794
-1201.7885321139195
-1213.7181260036182
-1258.797030225911
-1099.5286720871934
-1329.6467400851338
-1162.5719199389562
-1259.4989200597663
-1259.5180781082001
-1209.894348805504
-1290.1030771399787
-1229.615171014695
-1163.9587847067303
-1092.6003465930396
-1215.44321830441
-1204.5388219995014
-1198.6914542973489
-1217.4208294857037
-1272.7440108603212
-1297.5101726140615
-1146.3229513118665
-1128.7756242851199
-1235.0141889300148
-1131.4938820481668
-1179.4109633324913
-1135.5592027527728
-1129.412090990443
-1304.4053041098068
-1271.095292209026
-1261.9072522667777
-1268.223799018783
-1265.0112875554132
-1155.176736119836
-1163.452669718409
-1190.7931335948113
-1207.776868081731
-1087.3550829001822
-1207.422054246588
-1300.625237885535
-1312.426230089167
-1395.192116882492
-1184.654506748618
-1260.1235776286248
-1229.8455747041694
-1167.1661950361577
-1258.4115481813928
-1186.547221878586
-1205.8311307842712
-1260.3918227966342
-1275.0732306630623
-1251.8706283969757
-1239.4591301545286
-1113.2141400198154
-1248.3586003743035
-1221.5689904898372
-1231.65972703668
-1199.477484260009
-1221.3679127960686
-1265.4544413029716
-1286.173829708494
-1224.3584003567637
-1109.4652486949792
-1157.6735787566106
-1220.8866569973877
-1185.226260068606
-1171.4574253356263
-1226.7162256337565
-1210.3271310546975
-1195.1009813491773
-1230.596359507692
-1250.9232102621445
-1212.667488709191
-1295.8916127000339
-1243.3002721762234
-1303.1969144048198
-1321.3754735118537
-1180.3682084123923
-1368.7833398662613
-1156.4938076747067
-1285.5212600877442
-1186.304097997116
-1144.0204670075561
-1247.2553547777488
-1223.9153866380584
-1293.5059706564782
-1328.514855633598
-1192.9463846912363
-1241.729743201163
-1295.7006731869178
-1305.1021267566318
-1102.6845812894069
-1235.2613165326036
-1304.72149498253
-1299.5606452784411
-1272.0474493051483
-1205.962960958549
-1288.2213526067058
-1165.3928819218802
-1346.4104438581817
-1147.8582103853028
-1085.2054415696095
-1213.958883087678
-1249.4801448911462
-1201.255822613987
-1173.433992990439
-1278.3720409395544
-1245.638558744544
-1231.0283367496766
-1256.1082111145108
-1316.9101174673215
-1141.3757632202178
-1230.8879503988203
-1235.631042850915
-1350.9962863347916
-1162.5803942259577
-1243.0967513137516
-1171.8019184819102
-1253.454014030055
-1213.0803813573825
-1198.9236660147228
-1276.039351180496
-1170.997963433733
-1246.1897128188562
-1293.4153382396364
-1015.2832155719427
-1203.900523813186
-1219.7046610373832
-1234.4557064113415
-1236.129208295299
-1097.3824427117654
-1136.3031544095315
-1162.1061512541087
-1353.9757444943086
-1209.4624707674325
-1286.5205089285646
-1088.491484445657
-1269.7665574707005
-1156.503609122981
-1174.6862312602923
-1103.0607002220997
-1384.465404935505
-1326.8294122929412
-1227.4354227781707
-1324.0557339580982
-1169.9941215802621
-1204.5193747988612
-1192.5264613787847
-1190.788421312741
-1198.1816714423915
-1240.140129796767
-1141.2519410505863
-1257.3479932999605
-1269.8530843251692
-1167.9539129655107
-1289.2024309672743
-1117.1334816676906
-1275.1365366898208
-1301.4996432897851
-1378.133032468437
-1334.6795995551274
-1162.8450672524405
-1193.7921377208102
-1226.3898269019448
-1127.902156818015
-1358.9110244309422
-1304.852176531871
-1119.491257076764
-1314.1182193510963
-1214.2487094102487
-1234.499078084539
-1229.793239316593
-1352.0183836534184
-1223.7131029222903
-1248.766745826224
-1238.9147829289038
-1237.9001258816115
-1397.5495781419513
-1107.521817568484
-1274.4987434663694
-1143.520591880322
-1196.4748526804246
-1132.2180579057137
-1183.912090708716
-1189.9082341928495
-1174.7167498062124
-1153.3651547522356
-1108.6415339489613
-1246.1573008030418
-1193.6141088774086
-1287.2795738559155
-1129.5011492634826
-1255.4551684327823
-1218.7841746338029
-1164.4142030147182
-1250.64674875162
-1333.2524402938452
-1198.4799800678854
-1320.3079830942604
-1259.2243522882673
-1284.2250918426441
-1353.0438777965646
-1275.6625285000139
-1262.710920391309
-1190.1032635256686
-1279.3142071603672
-1195.6284117045268
-1277.046312256529
-1287.3494897499288
-1273.1939839589731
-1274.0920844784682
-1159.6998079107734
-1248.7388766438512
-1142.0338790423746
-1115.9064527562603
-1323.0121755526632
-1200.8456663394863
-1309.7621421777726
-1207.9714463361295
-1358.6935063442827
-1100.1637753003902
-1140.5664115944244
-1300.6038767880011
-1395.506037920958
-1241.124241287337
-1312.80326899179
-1275.6113134096447
-1234.1961405477596
-1290.3274383590842
-1222.1870874451758
-1391.7338529288074
-1271.388333570666
-1233.8432250607066
-1167.3615441247769
-1236.683086222004
-1281.7746744143221
-1199.4456164365831
-1232.8526151669396
-1220.3606763846976
-1263.7605013339025
-1239.8244463855888
-1131.2481516433215
-1125.499524976221
-1177.659833676972
-1117.4364751522426
-1233.9591259278445
-1194.4145992616707
-1157.1044490281495
-1347.068077192711
-1232.5382881848775
-1351.7924241419435
-1207.2920038248387
-1202.7348507020813
-1278.5977779057366
-1267.8614198671985
-1156.5075754080626
-1211.624900191215
-1257.3995674696955
-1214.856379125358
-1241.0725703361834
-1192.2001363051402
-1127.212547216511
-1320.5113898798538
-1234.0179202602196
-1258.834652891347
-1134.2388767529394
-1356.8940432996333
-1413.6829247109783
-1236.9682599070723
-1209.088442648751
-1223.311880025407
-1256.7827357805536
-1187.9945311845713
-1161.014994283437
-1380.095300412366
-1276.1745880277708
-1299.6406659964978
-1156.7138409824418
-1137.1200788775334
-1277.559524608382
-1256.9360277675396
-1275.9556748288742
-1247.634281595623
-1177.8369071850323
-1245.1359667698616
-1287.5232411658724
-1215.2485367125337
-1251.9040092018715
-1101.981033345998
-1210.4325886949707
-1318.9040672939777
-1196.973428860324
-1345.9662148070474
-1204.710841287521
-1181.3151785516534
-1162.830502983547
-1149.7655734388445
-1171.2270719113276
-1216.3000223516372
-1368.7068622745464
-1343.7370981891843
-1097.5882474441723
-1306.8269815284345
-1350.3288337239537
-1396.340464175446
-1289.6150954764748
-1213.4462771133328
-1342.614801146719
-1104.140160152716
-1105.1810116321299
-1279.48724732105
-1135.7175705245068
-1136.528859767964
-1148.2019466062688
-1302.07680382133
-1100.129854672378
-1222.0623437241231
-1386.6608504324176
-1312.5179289516204
-1194.449701019536
-1297.2191830840513
-1183.5820178966485
-1184.630873336547
-1343.2304882974213
-1318.4449316391149
-1291.4410075480284
-1218.5460317591867
-1145.945591087983
-1251.440425599966
-1194.161600544774
-1117.3294988663145
-1299.2290400952627
-1327.2158899076658
-1252.4130219306498
-1252.4827800286103
-1209.4372894213284
-1314.4431345298553
-1255.1324933940268
-1191.464812207254
-1302.5329416916065
-1236.9001449439136
-1326.5743459556527
-1328.757261584802
-1200.4052814000909
-1396.852392517974
-1449.1105223053728
-1218.2668446021446
-1212.097767996224
-1254.9001093796699
-1227.090075813476
-1210.328311478525
-1097.1387067468286
-1279.9287024217692
-1246.8666635763147
-1368.2275526504432
-1221.4732290057023
-1369.1328481428673
-1328.5006036152784
-1102.748304419346
-1384.3296494547012
-1264.789983099625
-1295.2014797668767
-1220.3643589127157
-1321.5388772309902
-1264.5659908789648
-1284.5347389936815
-1219.059326248527
-1247.103390063842
-1190.3441728288533
-1195.2734861933866
-1184.8005011700752

