-3546.3981837622628
-2755.876269364618
-3355.8164013925207
-3771.5896350323756
-2412.519572659684
-3121.3204127778954
-3183.9081433061783
-3972.3119974117562
-2118.9556915325547
-4304.1673365522975
-4803.640536817456
-2572.0807499555062
-2164.4137422801023
-1601.438255282485
-1717.65879405237
-2033.4305205154037
-1539.2847744372857
-1798.2163905831796
-2181.629187006044
-1615.9915656285903
-1764.8800090646837
-1696.3476145278792
-1838.2658799866124
-1857.1735643809843
-1731.7404581560215
-2034.91041869429
-1617.0452441591028
-1618.9289009070535
-1827.2102005735815
-1489.3899401931121
-1871.9444409140285
-1730.1269762354889
-1573.427293842964
-1694.299604928164
-1512.1189028990093
-1415.9576727126437
-1403.1263587532903
-1487.5950492279508
-1545.8896176126402
-1408.1443548491939
-1487.4208509997861
-1637.098419045721
-1499.7984752883067
-1522.692758103944
-1426.1468266847187
-1618.948538730666
-1720.032280341534
-1404.5257798623777
-1625.1700089580572
-1578.745939812074
-1439.1932604952444
-1543.2312794799552
-1540.635240435422
-1622.4236548635088
-1444.2912256343816
-1426.2055548686428
-1560.4863113111933
-1419.8188568352887
-1480.0446853421581
-1602.5923116487545
-2105.52835137612
-1379.3524254278893
-1222.7692662470379
-1671.5768121990634
-1264.376727702432
-1491.6537205341665
-1585.015827825076
-1268.7392565980888
-1274.3544873219719
-1431.8827139564194
-1262.2178075432626
-1587.7961534911883
-1389.2953339215117
-1476.663353066066
-1491.7274406988663
-1387.9261992949175
-1510.3282209745075
-1445.3492993596578
-1493.9427743983197
-1236.9769742467142
-1672.8123021310487
-1401.9500360099728
-1351.5244120662965
-1529.9667019937979
-1599.494503338919
-1420.215538805211
-1375.2781202599767
-1274.5400385460368
-1367.9244585661352
-1511.7045743235153
-1372.4944408150768
-1306.8935871679062
-1399.1233551144996
-1508.3323412859672
-1307.3907169843505
-1297.4648379486625
-1411.6416280212104
-1300.136871732987
-1314.8318130057626
-1447.1478179656947
-1366.3620031100172
-1389.3231358466492
-1343.979495638594
-1444.1198417881405
-1397.5063520556246
-1348.855235335907
-1346.2009272494543
-1378.335322573603
-1465.630872225055
-1351.7728917457541
-1447.5799857691648
-1223.0806349678126
-1381.3532607358302
-1249.6757708146372
-1443.6890421139776
-1817.3092294107519
-1247.7379718534116
-1438.9909046368239
-1307.3775561932416
-1307.629625984541
-1330.0788038582677
-1647.6778314253
-1337.7781745115385
-1526.7627644051695
-1339.9582292527236
-1396.5037976909089
-1299.1196210035218
-1307.2942448394842
-1322.298500362209
-1374.4683036616477
-1334.8617628898182
-1408.5337812602313
-1405.0119641760914
-1377.8579108349666
-1372.0143388683184
-1355.0347947901055
-1456.4965293359894
-1332.9902460117053
-1324.2665931426059
-1349.7076638974997
-1556.7295297227402
-1430.2141744719847
-1411.0179812402864
-1378.0088324437277
-1342.011069937061
-1459.5393201871948
-1269.7973422807654
-1602.7569251768246
-1604.1584782426537
-1554.8842933184405
-1256.969766812501
-1484.138302264444
-1632.4746766552075
-1205.2108287607314
-1331.1218669888542
-1281.667598960011
-1334.5253388007206
-1419.8173073622165
-1305.9868570787216
-1293.321517117466
-1402.8356569870996
-1469.3372292834051
-1384.2508336886103
-1525.9121749559495
-1401.075799392104
-1323.3250698999527
-1379.7854676750417
-1217.8098298577604
-1705.4419265900972
-1570.670949965527
-1139.439588757385
-1250.960158147701
-1453.189071239719
-1414.6699141380257
-1454.1490144508884
-1285.3085935981849
-1454.7421344619693
-1445.9795572978528
-1224.411308949202
-1260.2085312273955
-1248.19217404108
-1283.2995009866663
-1365.94224343185
-1296.7480090997121
-1313.2772246880575
-1291.2557578459846
-1279.968712070976
-1234.9598351368695
-1207.0036116945437
-1495.0442295543644
-1392.2989310013725
-1445.7079446270452
-1515.685441165092
-1486.1634200119884
-1241.2006012896857
-1305.3053783736027
-1207.9826265345189
-1371.6988514515908
-1490.553632823336
-1329.4747546676508
-1153.0063045535233
-1553.740754886685
-1387.8333141256333
-1399.4706437851823
-1266.1605430238342
-1307.7179038976528
-1322.7593036338512
-1578.8084742828955
-1268.2652654406882
-1325.348242769041
-1227.4411100003742
-1284.556232810687
-1361.9672785213043
-1345.726995599302
-1403.5840312670375
-1498.3341460567926
-1294.1370384480017
-1396.0408928295806
-1267.7973883590603
-1232.3280174499419
-1344.3024569309664
-1388.3736933665155
-1420.8103944890777
-1437.6806034519736
-1311.6501206606774
-1435.4337161485662
-1504.7270163864637
-1368.602195816964
-1258.7021974052334
-1413.2646026765763
-1188.331753207858
-1365.5361432367934
-1370.059553766841
-1369.6696018820053
-1420.8927596347976
-1290.4105276897433
-1290.9365162451122
-1381.7742221291521
-1503.0436317851202
-1303.7254356926405
-1444.0678706882863
-1320.0040491325015
-1286.2805197298014
-1245.3303085502503
-1180.1978098906475
-1206.1132288038407
-1246.1977244619504
-1251.3883485296037
-1274.3525441515537
-1324.0608117578895
-1153.3772193496886
-1204.2312194300528
-1254.741157912082
-1330.5965837859937
-1213.8653311270148
-1198.4045351375216
-1365.0393607607762
-1298.3690006545316
-1397.5915834175048
-1320.806284933012
-1155.644139628257
-1361.6851819088545
-1302.519502119103
-1296.0668686852396
-1334.8321902174885
-1287.4145581086034
-1311.6426227291406
-1137.1772933304262
-1340.5400308232124
-1334.6798529992425
-1312.127422154598
-1285.0984361245446
-1266.0130416927475
-1582.2052051931955
-1378.3810363376756
-1272.8380922054887
-1530.232080675647
-1414.376588751577
-1193.1398418913443
-1308.5138979579951
-1297.4392725986918
-1237.0966675278253
-1306.8517036954534
-1276.101232342281
-1253.0782469061405
-1558.288588682207
-1316.3527972687045
-1266.078207166045
-1296.4178846519671
-1413.786348455633
-1243.037395988769
-1376.1406978086638
-1324.582070357159
-1158.3717359114025
-1141.943391467859
-1200.8305878082147
-1161.887192970031
-1285.0359583810496
-1189.9633173656018
-1331.082570799463
-1435.9682667868658
-1161.5054956974284
-1247.458291159229
-1232.272991785617
-1379.8570497076803
-1246.50145031538
-1167.7573757746923
-1301.2347090753738
-1390.0221821067582
-1442.4816828213384
-1434.1709981546542
-1373.766430286908
-1406.8659695233773
-1366.696501947625
-1375.2339313243413
-1168.3039090272807
-1475.678095149079
-1295.0812482565696
-1258.2112254800038
-1121.930292783452
-1447.607227931642
-1231.0598341212417
-1304.0016308847921
-1268.761078860741
-1167.203318827456
-1244.2330867375886
-1336.7597986865892
-1110.7641389524495
-1635.4879018101683
-1361.3614307921598
-1422.2138472049055
-1262.9107100444837
-1195.2552781940694
-1414.2073631205838
-1435.3267620000324
-1324.1430523577174
-1322.9568615434996
-1387.138986898078
-1296.3289271826543
-1485.3516951783297
-1377.2354674478008
-1345.8339632750165
-1277.6306228963076
-1391.497307123818
-1223.7004753533167
-1446.8857509975326
-1283.4858128240173
-1323.770884465788
-1300.5195176088191
-1376.1799335868159
-1352.6551887008025
-1297.577010542143
-1589.037997296044
-1308.7319013159847
-1310.0459480696945
-1378.9349110209678
-1305.283314604544
-1242.7800629935916
-1448.4284302054443
-1379.5416335662076
-1328.5186554844158
-1481.6986683647747
-1371.1080348486614
-1126.2979612207766
-1341.2251718133834
-1398.340411476709
-1255.7161564236044
-1211.6760865862163
-1299.405849827791
-1303.4875923956286
-1511.7588698495792
-1167.5484240336639
-1486.656203922869
-1332.7210370645817
-1299.9519317114682
-1172.7614486637947
-1367.5606351347697
-1373.7623102188843
-1380.3496630252296
-1160.76119085389
-1215.4751702550413
-1334.1022801469007
-1326.4844030605477
-1308.663095000945
-1380.6489074881492
-1268.1276843766682
-1710.7169809491174
-1311.2687867503564
-1302.4944341102346
-1331.095176632634
-1281.8704181018575
-1295.8963725499855
-1337.5731244098965
-1398.8939035295284
-1297.9194369804743
-1297.7608637156577
-1299.89584162198
-1359.6028416169288
-1325.5883630392118
-1347.820647396803
-1315.5584253867182
-1424.9002410751355
-1235.4978313124566
-1340.909667663377
-1201.8900422790753
-1240.3458328008683
-1349.9766513116965
-1295.2661077097657
-1368.8039225307928
-1182.170664930641
-1206.117292704577
-1354.3130091155888
-1406.2716375441353
-1343.9997673771893
-1469.4806669119735
-1217.4356461680084
-1249.383402026814
-1333.7131864558135
-1205.529607329365
-1343.3182015917591
-1320.0631867192956
-1162.164990113014
-1296.5509590622592
-1288.2241346524606
-1273.6455666419424
-1477.3151411830436
-1508.1137608915822
-1277.9067009375751
-1232.3256780559627
-1222.7176180080853
-1171.897365432106
-1196.8674635797006
-1502.9846091361844
-1294.0601600007858
-1220.3054778010649
-1207.3705057186598
-1285.292134545185
-1196.2218193592134
-1167.1636753340767
-1285.3080523852911
-1424.892814340543
-1226.7446719534928
-1544.4358898812177
-1266.6113033386623
-1258.467543732655
-1214.4806374402015
-1323.6987137715844
-1332.0068441498013
-1142.1280445938967
-1306.4074790777931
-1366.5721312908126
-1443.7044255291896
-1146.3457149071417
-1270.6492081829188
-1188.4435211009088
-1246.7389884455883
-1261.672075729317
-1353.6739242326942
-1396.1302805359303
-1274.0049320372284
-1292.6596327742436
-1274.7467997000117
-1485.8124489710876
-1279.048628858551
-1417.3440399798815
-1312.8365897998244
-1256.864585334869
-1170.5540287703768
-1373.1379211386575
-1136.7761072719227
-1198.3522729471515
-1361.8386322448566
-1300.1561224475236
-1385.3763909812515
-1293.2189559873145
-1275.5293451320763
-1373.7728646015776
-1270.8465672432521
-1172.300494808633
-1591.576121495965
-1263.2905620689644
-1411.1661841359635
-1275.1174729846825
-1382.4748057979346
-1369.396593188068
-1281.7823164987203
-1180.678099541567
-1303.563612834039
-1433.390919589408
-1173.035564740782
-1351.6080237551896
-1235.7387462839445
-1299.9653853267519
-1268.2263272729338
-1341.7725606142458
-1176.4223992366078
-1170.4391039608631
-1366.4613038062225
-1439.0496623476429
-1394.3101193387188
-1171.7054121389344
-1223.5291497946337
-1206.2929013654666
-1281.5798942481515
-1295.2470603214701
-1259.326715946326
-1468.8212422588529
-1297.9428067566548
-1336.2206990556137
-1302.2054149498563
-1265.7436914197083
-1192.7343913180111
-1320.3267434799009
-1221.441229109417
-1389.5268107197062
-1271.5840052794379
-1207.597554362758
-1237.061732982884
-1213.9512649829082
-1273.4792530642421
-1316.5255386609733
-1267.4624507046717
-1214.2063499564508
-1455.4675326048446
-1438.7938124564405
-1291.0603465352754
-1250.521505144437
-1371.1498827872015
-1363.3595229114421
-1177.4507782690043
-1370.35448586861
-1204.2812330427796
-1223.18952127306
-1372.243940777881
-1238.6509658599973
-1259.9494900912825
-1242.1508306018645
-1108.2779720127867
-1224.8685252394725
-1242.9429562967487
-1365.375435613444
-1271.7701776546849
-1229.1236311967532
-1187.8053623784551
-1297.641458389375
-1323.8643940925376
-1259.08471041365
-1178.1986545077305
-1248.110867937019
-1288.9002011161156
-1264.5352328002416
-1208.3090046511927
-1213.438223398706
-1287.7916016589961
-1460.0887380693532
-1345.1510623069616
-1251.4495048138235
-1269.373612664989
-1362.0614534177175
-1379.711463685505
-1359.9616253958154
-1225.2742241507017
-1430.0892157697756
-1282.1259734242064
-1337.531066216053
-1298.8231107591416
-1430.6951119094956
-1149.6741760966513
-1325.0598579585594
-1324.6990113274196
-1347.8386860001422
-1140.675567349106
-1128.05158623338
-1391.7265116683518
-1188.8999855863701
-1282.0767838781017
-1380.2658554469144
-1352.6617087812692
-1487.4822049175345
-1226.4844911055923
-1216.508620934405
-1223.406554715822
-1137.637226822712
-1296.4723763661323
-1320.714702558419
-1220.287871529436
-1402.288166322233
-1209.9412424190057
-1458.1153802921863
-1231.2221052934299
-1209.9918423151362
-1380.1982852261172
-1185.2040231455599
-1414.2737756450035
-1211.3852687659955
-1275.3381112671086
-1132.2245259371641
-1317.5838951760306
-1169.3097970792694
-1250.4746178671714
-1315.1777885367778
-1393.580451974725
-1244.603434310844
-1317.9402781373678
-1229.2637233453224
-1416.4552209482274
-1288.6056468191537
-1350.9649843980021
-1453.0990057468666
-1300.1713503914198
-1475.9468420405465
-1230.2278690122457
-1210.4885452021342
-1287.8680062931696
-1194.7851072027906
-1182.3319947369534
-1249.2692198645796
-1121.67418187824
-1161.4100211387467
-1239.3932936562442
-1246.6627017684145
-1337.2042221538732
-1311.4289691172025
-1452.9236373691685
-1352.6806932450932
-1172.8187469925103
-1273.8217842685474
-1261.2727249262389
-1216.8543694968155
-1330.0426256005258
-1117.3199926242398
-1425.0251744060083
-1244.7958389260016
-1251.3893193332397
-1355.5925316941855
-1253.4975479553532
-1387.9671723954857
-1294.0847781142395
-1204.1953797936876
-1338.4957091517817
-1375.3534471689948
-1202.34501955589
-1184.9054432296277
-1149.8306120762527
-1340.1355430882081
-1241.1999586462507
-1292.4928221333375
-1330.6441829527907
-1281.6855104102651
-1114.4702660320515
-1238.8105026527446
-1351.8063395510694
-1327.11154558696
-1312.7736743583089
-1232.794407783882
-1255.0004262482453
-1381.817307367684
-1276.9571692582404
-1255.7639696114338
-1352.5590413832147
-1419.5684838198858
-1331.0982274545745
-1219.2069098010804
-1308.2780623377594
-1466.010095813055
-1122.143969047596
-1182.778492387353
-1300.325374641755
-1235.9731400898418
-1220.6237280439818
-1394.6570326072726
-1165.3288813389927
-1315.2347065634885
-1142.5609555467568
-1290.6074682318474
-1395.450935555559
-1279.5744278162506
-1214.2682115873674
-1365.8167239480138
-1240.863837118456
-1192.7137182867862
-1457.1520105982029
-1121.7898063689681
-1467.8584891783632
-1189.023516463757
-1315.4500105765496
-1311.1612172386867
-1188.4312695899903
-1385.8200194446185
-1239.4598115939307
-1151.3192655804346
-1289.1926255124063
-1263.38118798089
-1208.7118866176595
-1455.287805173523
-1116.2291747795912
-1254.3456723662375
-1413.8337762932695
-1270.831173820456
-1143.830523124417
-1274.1204499330154
-1297.177201943376
-1369.020529787098
-1230.4223652146425
-1171.667542663811
-1291.0736887361618
-1284.166128261388
-1337.966855003935
-1205.1745622339547
-1205.5353237379945
-1291.3946861145826
-1218.4442874596905
-1289.5793654367747
-1360.155908923104
-1376.4628443791894
-1266.1558412366019
-1283.273526813224
-1230.7817583432739
-1137.4851077180172
-1301.797989139628
-1257.7934323960578
-1551.3501133965844
-1267.1070951196607
-1278.1090626754412
-1219.7769806470158
-1258.8091395767588
-1248.575266525555
-1183.3349329103894
-1393.141298775949
-1285.58289709993
-1146.7762186000862
-1233.8118313874065
-1331.6200069493898
-1270.428099848053
-1225.2306657086299
-1215.0586009323342
-1215.988325562389
-1329.5300222817862
-1140.5503794093947
-1237.6304653878053
-1252.2059228749222
-1255.8483869524093
-1393.9592778471651
-1293.9570776575783
-1166.3257191351788
-1301.5129539610036
-1310.340401616092
-1233.1776787168055
-1195.863879979646
-1354.1568138979947
-1224.9270475549863
-1299.4693357341064
-1280.927750201065
-1434.0308297071924
-1189.9800183675147
-1117.1455360677678
-1371.6586801791773
-1158.7626680242288
-1217.1951845184126
-1388.4387162340904
-1269.6655225398451
-1354.5931235349533
-1237.0773950532391
-1227.92844129025
-1210.3965044554004
-1456.175365409422
-1286.963808050551
-1225.0723561692748
-1249.2070935734012
-1085.6315039982287
-1088.9244402471534
-1332.192391688616
-1290.3852161977218
-1119.506956612822
-1351.4431296006042
-1202.1552921497353
-1237.542186906215
-1280.9438631135158
-1272.4447687077907
-1186.770157060401
-1018.2376219639478
-1266.6636899626283
-1163.5890860822992
-1221.9902684171263
-1180.3408074342735
-1166.069623498543
-1280.892797611743
-1164.0569511020485
-1326.0113884989335
-1215.4589840333483
-1346.81159436846
-1286.1756843142603
-1220.9280308478465
-1346.1152637200876
-1325.2179048866262
-1135.8810508615704
-1289.8254602141255
-1316.0996870579866
-1217.3703442309147
-1103.589663514048
-1632.4527392629311
-1369.7724454776699
-1326.9187749881385
-1163.70857877884
-1333.5398508372564
-1283.2215358542785
-1195.9490933933105
-1177.3377411353317
-1279.7793743951179
-1201.2746883356515
-1349.9437779240268
-1273.3858571995004
-1556.1209794137794
-1345.9521077642955
-1341.2186261003253
-1270.2479344237572
-1205.4258652935698
-1218.8818482976824
-1368.3341133057456
-1269.1849657305206
-1371.5550459281258
-1305.260658300808
-1294.9732065974226
-1363.568180511821
-1392.8342465867063
-1215.9486139703752
-1230.7807727828213
-1291.1766677155638
-1206.1132194661966
-1315.978026184751
-1310.4769531948778
-1206.24216043975
-1416.6004568748904
-1312.907514051617
-1292.0894192035953
-1313.001365701064
-1162.9404009024472
-1253.8389636486995
-1225.3172198455648
-1112.850092017689
-1266.742083930234
-1328.059071510979
-1371.3326058062692
-1280.65314705847
-1332.7506429196446
-1372.3633520529538
-1393.7861347109713
-1366.3206266008574
-1211.1792802102761
-1255.5984179172797
-1128.3254440753617
-1202.9824099533796
-1320.160067178938
-1227.896381691985
-1373.015373104059
-1275.4697515878042
-1132.9097638915343
-1253.7647143961092
-1284.1887898243947
-1248.1150919540523
-1321.5048950208495
-1199.8015760657106
-1310.338289764115
-1261.4866111584408
-1284.2961800128314
-1367.4898889438334
-1280.9224318189015
-1304.7868191990647
-1293.2516644368727
-1273.7692222228734
-1267.3330523547231
-1223.5378812629103
-1302.0834225577175
-1270.749515823085
-1309.4612178810999
-1223.4348936917763
-1235.2297883283745
-1291.175547549812
-1265.4127643586853
-1502.9940977581161
-1231.0842090377005
-1409.9753872806525
-1470.119273891938
-1213.2449047378248
-1382.1606578320125
-1339.5264470092236
-1301.1052645471548
-1168.4547323279664
-1197.4725495736948
-1155.5361896341306
-1276.7002414344024
-1173.2477280832052
-1294.6539254057363
-1314.3752318581132
-1334.84579812431
-1234.2107083434355
-1170.3740051296093
-1219.3039458371557
-1317.4368670774209
-1338.1740624064144
-1387.5674617095888
-1325.0480895845203
-1130.8501252907981
-1280.522364430588
-1381.4472609620116
-1180.457144972767
-1231.2500808882369
-1281.5338386575986
-1363.2936357508709
-1284.9367443961382
-1204.5768457880502
-1226.5877091815928
-1196.4065214044404
-1183.446320791001
-1209.2981118967534
-1269.3835891360675
-1127.168950183309
-1205.2739433188624
-1292.7902376105212
-1341.2671303138886
-1287.682111829208
-1427.452628029283
-1216.357658450918
-1383.857253621005
-1302.2485525237844
-1293.0686474504832
-1274.770238488988
-1502.9467574316122
-1197.1675392838133
-1083.641118062187
-1204.3614020042146
-1406.3117052792695
-1121.9649233728132
-1283.6937054806983
-1210.0671745094521
-1178.989530180695
-1291.9510971137038
-1179.8633994146865
-1254.3605072805549
-1406.8064428124262
-1196.509870957639
-1246.411757902738
-1232.110792569229
-1337.2173167443195
-1321.1111908533858
-1359.738767578349
-1274.4047293719016
-1149.5533367001315
-1171.452916263772
-1270.8902055108892
-1302.2821594661857
-1089.136480205823
-1089.7621072103846
-1230.0911222104462
-1255.0695809512058
-1333.6516279054397
-1381.7851327790004
-1595.8292730369903
-1228.5765370908694
-1317.763825769559
-1151.1554023479466
-1256.946832668977
-1302.6912845129743
-1275.6588959574337
-1207.431765136294
-1372.161392137517
-1230.1233648547222
-1283.4509936809138
-1091.0073626527249
-1177.4788955554318
-1287.755353286828
-1205.3282800372722
-1257.4835443143488
-1218.6807925018693
-1138.9167376180692
-1331.9301129523856
-1146.5876987806575
-1384.834466721651
-1082.0460932854057
-1115.7273032514827
-1177.2816028544166
-1267.6264132082388
-1238.9439804334409
-1238.0574142197502
-1304.5398191443003
-1282.3997825435636
-1177.4562977665846
-1156.8445483221135
-1177.1050131904049
-1164.4182714338751
-1220.250454413928
-1250.1541754236737
-1534.8492190438353
-1188.035799879673
-1225.8587664484016
-1141.2742147851543
-1341.4607101456734
-1334.7313926507857
-1065.8363271430778
-1324.7713250786821
-1300.5104143093254
-1415.188355360121
-1229.7128814600128
-1198.0763123585461
-1283.8005176766874
-1270.506498200145
-1301.3053912987102
-1265.7432347248703
-1286.6849102467468
-1158.180753215679
-1275.9513586161363
-1303.033584769426
-1112.1262699804836
-1181.8231766329761
-1207.3953147331106
-1165.9749319889943
-1134.968732987087
-1194.5272273276446
-1260.191040778318
-1249.5934509179726
-1461.4316549332525
-1282.7465703770958
-1159.855703332716
-1327.4657948413512
-1273.292952583647
-1107.9580106574485
-1288.732308306574
-1227.445191974942
-1212.2168627813892
-1254.1703452130569
-1257.4095400144224
-1264.63930674669
-1195.5009736969232
-1234.4804724800806
-1344.2588006221588
-1315.5362506851518
-1357.3655713762917
-1255.550196741745
-1118.0550248827446
-1151.972801849499
-1224.1099915604723
-1138.8369246525492
-1216.0753957616132
-1076.4666202387107
-1270.5905181651915
-1257.377600533652
-1197.1828854714013
-1192.6719206560658
-1302.9049659094608
-1183.8320714825713
-1213.8440879300094
-1334.864824536073
-1264.5909167872426
-1218.587135594328
-1149.0311909599204
-1269.0383465249151
-1265.6589368157156
-1318.4533464260644
-1347.3650875334215
-1062.1695929863847
-1317.53978884338
-1234.4502222553317
-1296.5026297022964
-1249.6225358853835
-1140.2122414279256
-1215.066140272015
-1213.76424861399
-1314.587584184926
-1375.3980166755543
-1308.0336358348113
-1286.9507081286959
-1350.790331593657
-1337.2340807419032
-1289.9736527210384
-1159.3389577249557
-1273.0018415815114
-1466.022578898503
-1213.5958258940827
-1197.9692792593535
-1227.8288846637033
-1365.0151752105323
-1293.9668349934789
-1262.3889946958066
-1207.753881043672
-1254.4711461120562
-1329.4151584801286
-1234.1349178557516
-1320.534326026343
-1211.6621267915289
-1195.0818128157405
-1217.7321153582598
-1357.1152877319264
-1200.6663727287712
-1265.60628261682
-1130.9743366073412
-1155.2713716218386
-1265.9384702778168
-1165.616505583791
-1168.048029707536
-1306.0821658410714
-1352.4998643884694
-1235.9603699199818
-1143.857239683019
-1231.7663383757288
-1259.6507579908764
-1315.070912037415
-1301.6420131161155
-1236.539818924502
-1259.3867694183655
-1301.3107430598513
-1248.0427113332028
-1155.3803829075127
-1345.1749566405927
-1250.2540227478644
-1333.938024812816
-1289.4842224222125
-1378.9772559650487
-1241.2215397825885
-1308.4515089361016
-1337.1943473579047
-1217.360381105871
-1167.242509357519
-1195.8211848612102
-1335.5285909394047
-1192.4249854289692
-1309.124780883888
-1230.8313367981427
-1222.5936385866853
-1122.8145807499156
-1203.4793332048139
-1277.9037136316228
-1069.3457755831344
-1337.532028083816
-1319.0845895927914
-1242.4117069519145
-1229.4514682999752
-1107.129234634179
-1379.4613090827538
-1222.3795026714633
-1226.496377636165
-1178.0182024973117
-1133.770809590152
-1136.673672493516
-1213.882579894522
-1162.1235201718907
-1199.0685609151587
-1267.235941763497
-1158.6742120026788
-1104.7722567665185
-1282.609198227915
-1339.6439170753774
-1458.0777830349261
-1176.124066938477
-1215.5968474421172
-1329.5004165171003
-1388.0698139832696
-1261.1777712269356
-1084.2399671313055
-1331.6626967397767
-1270.4037128572372
-1359.0198879882462
-1170.8967156226508
-1414.0351391149716
-1305.0076455277
-1264.1459926647804
-1424.1749334642652
-1313.2306305429274
-1249.7213200267777
-1086.36808326814
-1345.900360446486
-1255.4015890428082
-1366.9520592279666
-1334.3636745153244
-1222.7331067572047
-1483.008669732986
-1291.7592431539006
-1302.5116423624502
-1348.355966912416
-1188.685693610895
-1388.1570047680498
-1196.367909314341
-1283.998145073173
-1306.1331650468474
-1181.5699986463267
-1244.1455761631664
-1310.9940160419187
-1204.7212151800265
-1271.3490975047323
-1362.2131518358538
-1381.9349906422287
-1255.66574597593
-1329.909370309826
-1156.0609733178871
-1165.5449224568727
-1300.646630904876
-1196.4908466104332
-1251.3064456965694
-1174.1124777658958
-1159.2465226542506
-1283.8322104471724
-1220.7818446537983
-1137.2098176052566
-1132.4655890018348
-1125.0883347328763
-1284.855000535109
-1169.1298306406031
-1301.2335563732127
-1455.6904189656339
-1260.2353238860405
-1325.4514183951726
-1226.918280685052
-1213.3368843011058
-1298.9238243091295
-1305.666212001023
-1288.6790219631093
-1316.9261826845025
-1277.4861423274815
-1132.0129974606202
-1356.5111567031165
-1231.8763977866095
-1264.3861951556182
-1160.8991108945895
-1136.8318672064731
-1167.5315757767344
-1381.200873519668
-1306.6026504981892
-1275.8259361207072
-1288.2676780543193
-1311.563747366399
-1332.3843441832962
-1374.640320847201
-1269.8112474767038
-1215.0669704176303
-1168.0920906356325
-1264.6714660798452
-1228.6390553174522
-1302.1333388355222
-1202.4483643442375
-1288.8660113218557
-1347.2371441482492
-1255.8367358452251
-1364.423504005993
-1352.064125191054
-1370.5799450501916
-1192.496984603934
-1246.2249901850996
-1211.4972194157508
-1245.4400595190914
-1285.755642861326
-1252.06862641677
-1164.2632961816014
-1307.3626839676454
-1307.7309033847655
-1328.8633076200524
-1464.3012992170961
-1314.1597415901792
-1249.8504970832246
-1044.9790733660072
-1287.6251213261085
-1260.8138690325009
-1236.2602741113142
-1196.3914027055514
-1246.7778687623456
-1281.275931562206
-1281.3238246877654
-1318.637789844795
-1219.0111452778024
-1292.9784079856454
-1378.4064671792776
-1300.1384614157994
-1360.2927669046348
-1130.3783765186888
-1293.7840586045775
-1136.8264959547912
-1293.6405879439417
-1165.942126759763
-1277.9253284480087
-1202.8826821380933
-1190.2183787104539
-1245.104678481497
-1320.6933273863679
-1316.3894629216788
-1210.1289780277157
-1181.814857284355
-1200.7985642805825
-1135.721335294826
-1147.4030350035905
-1206.842006618979
-1244.7155911971752
-1303.962868544436
-1222.216190293033
-1200.608467290789
-1132.7108862581595
-1354.3028440004405
-1383.9520447743125
-1298.8410689636712
-1281.6702703538367
-1267.930995256529
-1264.7344892536632
-1346.9305868766407
-1191.6922552618526
-1127.9302730368092
-1177.323799258856
-1316.9551098800155
-1295.4578981977256
-1242.5842733378515
-1206.7281108548564
-1158.0571415467755
-1152.2847006198758
-1255.9620859644438
-1165.617237634058
-1191.323556354421
-1237.389684298742
-1326.9869458043902
-1452.3110638150065
-1173.5992905892124
-1350.31709886951
-1112.000584361574
-1169.2338864201388
-1492.9044676322228
-1369.0531304219105
-1250.311596268878
-1357.7661200704924
-1339.8979596394736
-1347.3221177988648
-1273.0487084755794
-1267.2927912354899
-1343.1520595099887
-1151.263768689222
-1137.7304114453598
-1204.8065449459662
-1176.8415731899283
-1171.1490265856671
-1277.9157536038201
-1184.7654118424352
-1193.7809362196563
-1243.1929810143474
-1200.6811015223118
-1263.1825322566274
-1370.6296606874894
-1148.6178835795174
-1139.5053013876475
-1236.9000211023372
-1516.392470381174
-1205.119209240596
-1172.8431546627417
-1216.6723439865875
-1143.4655921599863
-1233.8314195894002
-1317.994328428617
-1145.1830212677246
-1230.3627339956986
-1315.0479806511505
-1336.9176682025827
-1206.883131318952
-1194.2347467919617
-1303.4088228243304
-1220.404876987756
-1217.2759095144525
-1153.2882295905993
-1138.2505361033382
-1314.4380523902694
-1212.5103726037503
-1378.0694543460252
-1198.8707292277822
-1183.0629426215826
-1275.4267233493126
-1385.9644518170032
-1151.1104565024157
-1369.0453487259647
-1230.9488986080648
-1099.7998409552406
-1157.890176213383
-1340.0894294902212
-1321.1416597035015
-1232.7048966195218
-1197.0745984647376
-1222.7656952765692
-1441.3498483416417
-1274.7367093869225
-1142.7590673236734
-1249.2054247812694
-1131.823136661854
-1228.7248077601055
-1268.3412058880676
-1272.0913420596844
-1235.5301400549715
-1198.6728595781794
-1207.0067197723415
-1173.005791274091
-1052.9065754101478
-1240.7184470186828
-1277.9159880151715
-1242.8482962371372
-1288.8253393026075
-1215.945616100458
-1274.8123066461812
-1371.7356009171294
-1148.776789051073
-1090.344541130734
-1409.0586543795155
-1209.3249580838253
-1357.696989330795
-1262.946258255186
-1506.8782801923214
-1257.9467018179803
-1283.8137872871093
-1275.2956269188994
-1089.1560688967754
-1391.1522266693578
-1202.2902039113962
-1120.0888391924736
-1203.7685211256892
-1213.8444589046455
-1339.1911303328238
-1193.6207576483177
-1261.6643920539473
-1252.2489732477693
-1256.3622960443477
-1196.9351993542477
-1153.1955112234891
-1261.3294332752348
-1182.172559339938
-1269.9754241496635
-1321.4168983384016
-1115.2847541232215
-1226.8286143307885
-1216.763643853722
-1261.452796531219
-1205.1063061337425
-1236.3389439133925
-1199.7648255112415
-1122.7591691948119
-1107.8892973591715
-1164.0218845599786
-1326.3344125028675
-1334.2621546743667
-1286.2251543181044
-1231.4020792562753
-1278.550437239356
-1176.0868333975764
-1212.1137240356622
-1204.2702182090627
-1263.848144815529
-1174.1189350873026
-1229.5925477956753
-1155.6083167764423
-1385.0086359826803
-1196.1416142272528
-1213.4494007311025
-1123.916696669108
-1193.8096683373587
-1371.303442227813
-1309.6383901120512
-1217.4813461140818
-1359.6840071793085
-1281.5175255820932
-1192.748706191559
-1335.2469908943638
-1439.158272982684
-1272.504856477587
-1323.7131364296454
-1157.5873830344021
-1137.1732689229348
-1322.2451729735785
-1244.661502212258
-1375.8793913677273
-1235.4694701609733
-1275.5392584624826
-1207.2934558491227
-1090.400102028881
-1282.3280355652757
-1233.8898014681724
-1296.2126860709393
-1296.0735152812636
-1284.59803926712
-1386.901235232964
-1271.7676630098824
-1240.5387855846066
-1130.4289036046566
-1206.2867491525076
-1214.249873032535
-1125.2179627012874
-1211.8298859920333
-1259.1487841133596
-1364.301605417245
-1184.55293030188
-1169.2596741743068
-1193.4900592944157
-1287.1564121667982
-1225.5565819316896
-1220.3459395338703
-1274.8356216925442
-1144.4150887786016
-1297.4390143672163
-1251.285999194134
-1302.698157303754
-1280.9703858510375
-1274.2088583928105
-1202.25204563421
-1298.445596516045
-1158.631976767562
-1141.6573304374076
-1247.2816396586304
-1293.0107788513378
-1260.7828773654248
-1295.548963597431
-1144.9897355991282
-1284.146949180419
-1278.1342829881737
-1130.803173141859
-1300.6055908087517
-1246.9717490259054
-1123.1964599213711
-1162.6108509765554
-1274.024111257224
-1132.554751108031
-1406.6609270273163
-1309.6260049058005
-1209.7635032675134
-1149.3351402703122
-1215.2916204808432
-1204.9824453405108
-1121.7274399641424
-1160.4426542370657
-1144.5168001682175
-1148.5713163077307
-1238.443515853789
-1080.5392349373042
-1242.5005674779243
-1255.5313600160173
-1279.4413968457202
-1354.5113318454096
-1211.9970587799628
-1247.6670972771362
-1231.6582570201053
-1245.318496913526
-1114.9116808676656
-1095.191224908064
-1079.277514433322
-1193.897416004753
-1217.7971646274145
-1154.9738893516285
-1333.081359500863
-1171.828414633858
-1214.807065097887
-1174.6546609339664
-1287.4140767981032
-1334.5777858922995
-1128.3047319283144
-1218.271950525828
-1251.9544244931938
-1250.9615949510548
-1137.425030468557
-1151.6350449980864
-1115.3310938246582
-1206.1209274232156
-1241.5988877309387
-1185.2905078276515
-1238.8578510949087
-1119.5186332532476
-1302.9932754283461
-996.860802308579
-1171.4524682782685
-1166.2576008733074
-1193.1819214091388
-1316.67609853802
-1290.358136125863
-1137.2713250949528
-1129.5009526803642
-1149.8626163384847
-1258.5283090046248
-1324.4976855335537
-1056.5824701674555
-1114.703790235962
-1387.6714787704295
-1374.2117768957755
-1145.7369651092563
-1320.116209021409
-1254.839089868272
-1274.9872817842113
-1121.6655873590632
-1194.5708708564032
-1194.0142979758305
-1240.471675478967
-1233.1763616907401
-1318.9033974622682
-1373.9377964629546
-1189.6517688235983
-1245.2235377047332
-1135.6382260958787
-1030.8891335579065
-1277.7985818774052
-1186.07417438617
-1246.701936216158
-1145.385779960451
-1112.5343987084568
-1269.9175647304046
-1280.854743666245
-1194.4445248013442
-1398.673258755618
-1242.0349258644965
-1211.935256992492
-1272.955805832497
-1156.232993583873
-1132.5643048581485
-1288.59459413257
-1163.9279304975923
-1260.860456746409
-1212.2125034682686
-1139.4643235448445
-1322.7222285175314
-1109.124911951001
-1089.311270283721
-1198.117454435366
-1243.4802812532753
-1274.4697294061132
-1170.423580341325
-1196.2791116133997
-1291.7930908680873
-1252.634062335568
-1254.2403200587153
-1189.6170978150374
-1223.0527625418017
-1171.4626922553796
-1251.867738922691
-1305.158964688417
-1205.7371550333878
-1278.270849365318
-1146.3586910553554
-1270.197788687842
-1224.7829519364054
-1193.4974761463818
-1190.6210646117001
-1061.299217336354
-1320.4662255207625
-1131.1898999704522
-1210.2018751296043
-1295.2223416763322
-1155.6032897249386
-1297.065178835069
-1218.225721336399
-1184.3742059328058
-1153.0454692195465
-1254.7569283087548
-1145.2278316287463
-1197.6888692711914
-1190.513813277336
-1291.050177625077
-1356.207298809162
-1138.883758044138
-1194.47011000328
-1251.160547830384
-1156.037235563185
-1170.3119005157494
-1271.6733310532609
-1070.9042440834082
-1237.3718506864952
-1233.0647425424845
-1269.8642384758837
-1325.2238060694497
-1251.7695325170323
-1103.5097693189296
-1155.064996108592
-1143.8141895062984
-1154.9023730339181
-1049.1364338128424
-1233.0793579039894
-1337.7950014981463
-1346.7927507349164
-1360.9642496889871
-1338.138583893763
-1212.9419807919737
-1244.176921696194
-1132.9254116786808
-1198.304779929228
-1232.3287942536224
-1239.9565794395394
-1254.8936993225605
-1245.7838263448466
-1250.2569700738936
-1232.1717914004175
-1074.3897579210486
-1234.6887316196126
-1182.747301266196
-1210.486578905333
-1265.6042099884735
-1249.204524477391
-1244.5326173341195
-1231.644325380963
-1243.0642373456196
-1127.809891220771
-1157.5567897074925
-1290.1414300850072
-1275.7141675276105
-1264.7799711119285
-1199.4518239086217
-1258.6567349502602
-1219.5493310573495
-1265.7118989416476
-1295.4341033566345
-1253.1060953957522
-1281.096414569099
-1178.3051810512275
-1314.4938878703836
-1276.484914031791
-1191.0766706738393
-1366.1256669967822
-1127.9299213553484
-1300.546945616572
-1248.3549877174867
-1188.1233262127905
-1254.1877764522878
-1206.536579706958
-1288.4937234121678
-1340.6564177611738
-1247.4468316532475
-1235.638940206223
-1259.0479662746393
-1275.3433408326448
-1166.1518609060201
-1265.6261203293889
-1337.1153558963788
-1280.514914335655
-1167.333331937625
-1140.9931277683393
-1233.8460916800834
-1233.9260863325449
-1389.0166468234147
-1150.2261944053253
-1187.547394205637
-1237.6744483742925
-1226.4702582680181
-1226.9592537072615
-1137.0302706803734
-1281.1739382395308
-1268.6878284156007
-1216.195086376654
-1197.8715724902177
-1261.2855702904396
-1158.0779766036048
-1249.8338812204581
-1285.2742673195607
-1333.609760179873
-1271.2608356104308
-1246.362883461951
-1248.0162332962639
-1342.7229051695754
-1210.2031055813422
-1240.2561527944702
-1331.0736024101152
-1237.49355281143
-1320.953186289669
-1342.9070278501804
-1077.0675815610964
-1189.1006660563698
-1250.5916834270733
-1231.388949707095
-1241.1294863110677
-1107.7983518838112
-1082.066284714514
-1115.2396571487614
-1348.0501414072896
-1175.91246169894
-1229.9662665745736
-1143.0098511118795
-1261.6005999984461
-1183.0296193074562
-1246.6505102806336
-1209.7567933819432
-1353.9480237088683
-1337.5289686847152
-1187.6226885961673
-1347.3699600448208
-1183.6743519584707
-1168.521738290987
-1263.2260487710084
-1213.7869088247905
-1311.7940489737016
-1216.4445641496393
-1153.5380766916232
-1264.4529861180388
-1253.04885485171
-1236.2765070236264
-1211.7698535906156
-1109.3673858682225
-1264.8363141558582
-1235.089510899575
-1358.2593983526074
-1258.6381950836958
-1241.6292164227416
-1191.0789290314294
-1225.89813470543
-1134.5226464472019
-1331.6932974919316
-1361.3900576676185
-1158.5801814724418
-1253.0710860678184
-1252.9811337065385
-1187.6534421560182
-1292.6039146840915
-1319.8773312232784
-1171.1539843001212
-1181.163457550444
-1187.8634520810235
-1254.1587037415356
-1424.667925034994
-1119.0187646230836
-1232.4928303918152
-1198.7286355918807
-1293.014205460309
-1216.6196425616865
-1219.1431195196287
-1184.6696350483596
-1192.1701914885116
-1179.6469906916711
-1097.1680601458838
-1214.8526331188398
-1177.7074116905706
-1262.4300536654137
-1127.023490020462
-1252.3790871478016
-1211.190670752283
-1133.888178502296
-1162.860042617175
-1313.3273885249912
-1275.78230340232
-1327.8704074115649
-1302.528907330784
-1277.1760636400104
-1312.014040535821
-1211.5999686710952
-1240.277875328679
-1163.060846310012
-1307.117475130428
-1202.2050226347917
-1250.6430620531037
-1314.4924947100162
-1243.4347192817613
-1331.9481539347678
-1240.1049431498109
-1239.3379567895417
-1112.6974572362983
-1192.1159640206479
-1320.2962847196661
-1210.8138219655593
-1251.3000230582693
-1168.6856517972512
-1274.5857463931927
-1179.0623505971125
-1149.5890090766757
-1301.3109808099273
-1266.2022486396118
-1235.8480515048666
-1334.453839952319
-1278.1208028299134
-1190.0852921820021
-1275.4763223572047
-1331.961250122321
-1406.2177715003177
-1187.5758290253918
-1196.9423271981605
-1241.7728320236183
-1278.8745031317435
-1277.0606622095866
-1154.4313945409212
-1355.988107775107
-1249.4549914568352
-1269.004838451493
-1212.6194544777968
-1117.9189416192974
-1132.8512100767603
-1192.5468359626802
-1081.641170016791
-1308.154199785925
-1205.451616778278
-1181.0020029157263
-1259.2701904325386
-1192.868332410288
-1359.1313855255864
-1219.550148564729
-1238.909052886575
-1254.3340818680706
-1311.2146072525964
-1144.6869435223305
-1200.7483519737061
-1207.0298739682946
-1165.3001072853774
-1219.4329295217392
-1174.8059344975707
-1147.8632917870136
-1361.5808641186886
-1184.5711257167109
-1298.7164990767171
-1134.2726239190015
-1369.0824932762935
-1323.394143835065
-1142.1905216103985
-1151.6999695914756
-1214.4170258441952
-1179.9472251283248
-1198.455388152344
-1143.9638298232808
-1264.2843493667306
-1287.0071106929752
-1313.640734860609
-1150.6244554481761
-1161.1404328787908
-1270.5644337230833
-1258.7489897233409
-1253.82804753058
-1155.4465357056667
-1267.328970240585
-1242.115263558205
-1260.8562840625316
-1274.6648686132357
-1246.4889502452697
-1152.8429662130018
-1214.8363183401102
-1310.0674073085454
-1224.3881697367897
-1450.7938669426003
-1232.1381844401117
-1237.1853663733111
-1136.585320348588
-1212.3173856140174
-1187.9500004286808
-1264.9992051699246
-1317.2312012582909
-1265.7417117452765
-1141.5897411836063
-1226.1653319577104
-1371.530908459129
-1380.890178095684
-1249.7476741300288
-1226.9851802705537
-1296.6429573714047
-1134.213001121065
-1089.1666597865337
-1259.8656246631979
-1113.8852690607662
-1174.70666685237
-1132.3272639464537
-1269.6304268243944
-1164.1552491269408
-1174.2827189933012
-1398.4007685745025
-1336.389138314256
-1179.3326405220182
-1264.5579728939356
-1186.8219667258934
-1089.2312676208953
-1404.6899402577988
-1185.8483709874342
-1412.257919221382
-1187.6878559468669
-1162.0317304442171
-1257.7177983209401
-1232.0446975687046
-1151.145908208882
-1304.581018527887
-1327.9117975611362
-1277.3734887898154
-1199.628470632242
-1171.9683705263394
-1228.7791306595323
-1227.8318581484064
-1177.6072814163585
-1440.9127704575756
-1194.0835493085133
-1303.7250631579964
-1362.1023853152308
-1247.7728752031946
-1352.9779383974774
-1403.850140006816
-1182.6652893547323
-1148.5577708656963
-1213.5903127548972
-1245.4320283611987
-1192.2898101885578
-1162.3458613293249
-1302.6271153173054
-1218.0199541745544
-1330.5351957683824
-1213.8909890349375
-1374.328980509498
-1289.4480326762791
-1165.6852946670285
-1306.0939624871717
-1292.6105786114492
-1310.6640003145362
-1273.3416597224223
-1251.7962719556208
-1279.317416737326
-1236.651447010884
-1157.5198906080866
-1237.0100231910374
-1162.3524115103487
-1144.4439388107683
-1213.0414265989384

