-25070.27644809869
-22454.674689481868
-26718.128850573445
-24627.02370505178
-25066.05557500238
-28095.71737640606
-28608.492532062337
-27576.476541822038
-23326.018021092448
-31565.90653454826
-6299.148370870871
-3815.2385569444396
-2596.6098199092294
-3435.06503696558
-3463.439095209605
-3162.630622480401
-2438.7055699411635
-2183.427493390708
-2601.548388128782
-2222.828259367149
-1921.780645803219
-2507.2595919570226
-2865.329738750662
-2385.8557210588633
-2519.4708411053384
-2156.9172286800354
-2127.250256065011
-2287.038813883186
-2257.544787449146
-2193.617659733286
-1917.7409028422653
-2274.751539029407
-2162.653855479234
-1973.7209761166064
-2000.4037356202389
-2333.2265532099595
-2369.587695586173
-2167.7154086182627
-1999.079183296817
-2102.7008302935537
-2177.3155330707364
-2023.5654626988453
-2153.3593774444043
-2207.4413728643644
-2015.206409552198
-2191.6749847695924
-2387.9001768018834
-1920.4331811563495
-2008.0648110537977
-2049.8833965852423
-2094.2215163695873
-2192.761060388108
-2252.5877329157993
-2048.6546171507293
-2010.6686540726462
-1982.5675610372682
-1915.611234697096
-1985.5463791176078
-1958.8476598536902
-2195.6138042657212
-2287.834721276982
-2031.8393150816632
-1847.7981037868076
-2285.777782766533
-2047.7087701736755
-2187.9730897327213
-2252.0331186151197
-1861.79064162997
-2196.741030413093
-2147.0074191421245
-1764.7645215178477
-1926.1817961342936
-2157.3963906038075
-2048.386157479256
-2162.7510281277773
-2195.6894981493915
-2061.7426126663163
-1856.310733086806
-1962.0294747775824
-1772.9818913197382
-2006.5645254142921
-2086.0317044413246
-1937.0669759659766
-1991.9790197165642
-1996.511497478814
-1950.5600722119457
-1850.8695703862568
-1882.6812008475515
-1900.9915781165403
-2080.437185675133
-2002.4191577543293
-1826.986462379661
-2183.1850777218506
-2092.4959152339734
-1978.463630856682
-1916.1652862377093
-1965.6512525131875
-2086.4906971732994
-2104.0154234050506
-2188.8366764730076
-1879.3750755553574
-1984.9637495735592
-1963.966237627807
-2115.1897905893356
-2097.322752745489
-1789.079767428795
-1956.455216680858
-1784.139653501675
-2249.000695809299
-2172.622236666518
-2030.6084177541902
-1907.16105515627
-1903.3408727847632
-1806.8731430120952
-2028.6133130211583
-2391.5870751525185
-1806.3649465248716
-2078.2250999315424
-2156.133311092313
-1939.0012380079145
-1864.3991604540372
-2267.3349929914293
-1988.411701315732
-2193.7506856020536
-1839.0794589330396
-1954.5502987106042
-1783.8871345779214
-1844.3073225783742
-1913.8850877449922
-1957.1223136987126
-2106.855500240371
-2193.6044556962256
-2085.653511381476
-1992.1590338992812
-2051.316631376717
-1906.7999586001993
-1880.2824987566198
-1878.1918844361098
-1855.6678319442904
-2129.582880037605
-1970.0112322216842
-1813.2201647148272
-2105.04338545024
-1864.3022536735145
-1881.3906444033944
-2075.865035339487
-2005.578589992366
-2202.1021074593014
-2196.5492710892486
-2049.6567697681644
-2038.6674917479904
-1980.8127617283408
-1919.5317165476513
-1710.1584291696518
-1746.6157580630315
-1791.85796602795
-2049.8344584427155
-1839.020004501295
-1933.276974033274
-1965.71313897652
-1994.8912620599822
-1904.461103891562
-1763.1003771691705
-1965.1486674703033
-2389.3919607711737
-1804.275987446577
-2034.9911411471764
-1809.231098494989
-2446.539327219374
-2012.941393056326
-1802.5814652700817
-1834.1376305954536
-1793.0766846981112
-1793.6249140251102
-2074.761132750096
-1926.4411858250876
-1807.1835301956453
-2230.077620582244
-1741.6136431799252
-1735.2539609606233
-1780.272132125943
-1899.6803931445465
-1760.9797190830168
-2037.5283551162627
-2048.967449214973
-1852.693476958015
-1974.7050348777138
-1744.3418332760987
-1873.750773234162
-1844.6775187290839
-1839.168136370483
-2079.2908277887727
-2088.242239998577
-2069.205114907559
-1761.7792644874096
-2038.982946541137
-1832.2639173331397
-1839.2658880402446
-2041.3913737707783
-2027.0686741098984
-1629.508220193902
-1962.1059463324289
-2041.9740281449804
-1817.123560774956
-1814.5353269487362
-2005.356420823479
-1824.9557094425359
-1930.9435264097062
-1950.5662490050343
-1861.878304363999
-1962.7637746447626
-1942.6384494184485
-2164.379544065329
-1859.3645843781621
-2109.704880106244
-1962.7555404286975
-1659.8609269124092
-1909.272365822468
-1742.7203175599632
-1755.8214085406728
-1902.736962592605
-1912.3280885672148
-1921.3459217109792
-1950.3437370846689
-1940.880615942358
-1982.7182793189756
-1679.3370548490652
-1916.7255072583341
-1939.118549217917
-1919.8241623078404
-1610.8227049955092
-1808.6070265995245
-1809.7076466466974
-2155.318218284162
-2083.9898311225124
-2009.5680618325039
-1986.9034716490644
-2228.6980403462812
-2050.6267497022714
-1946.3032636782489
-1978.1342330908715
-2070.227601702707
-1736.396118049598
-2046.124037679773
-1928.625045659825
-1684.0877242447061
-2108.3846193793634
-1789.4842007501122
-2004.9987816081423
-1899.7527893981112
-2065.6344960536267
-1849.229125721311
-1812.7928586496084
-1804.579808682448
-1762.0368237551977
-1818.0380884256408
-2038.0581967006449
-1715.9361465790216
-1768.0103146726722
-1772.1909438993985
-1537.7210693376464
-1978.9910079172198
-1841.9067334050894
-1870.8178317030452
-1755.7864918676344
-1930.8682361500566
-1926.4667501566053
-1900.361051847056
-1873.5257175921713
-2008.7327222006224
-1849.9914420335783
-1933.2093475956904
-1982.1052812818643
-2000.2912538310184
-2001.9868231035587
-1983.6393117162352
-1808.017257346816
-1929.047029850818
-1644.4226597958798
-2193.0889021913895
-1817.2988889111773
-1820.3329492159753
-1684.3972888467808
-1730.214305866603
-1800.6296490738275
-2027.4471902692312
-1849.598767881122
-1854.9511147673425
-1841.056757472517
-1971.1523445694181
-1603.615978093519
-1844.0924696649477
-1710.868826047579
-1730.3313416648393
-1585.8046094676429
-1735.426937576043
-1935.7755218379862
-1905.200769168442
-1884.3271725718675
-1819.7509099519236
-2089.349463808975
-1749.690193422671
-1759.7697895651686
-1907.9697578982627
-1755.4478779830515
-1913.3486350936384
-1861.1746575272477
-1820.1409755584964
-2142.7999981170838
-2077.042485391395
-1837.5131474819698
-1776.50742855914
-2207.691674138371
-1945.9516047746924
-1764.4048939702152
-1644.7700360864837
-1963.5068242341547
-2051.5711584888268
-1696.4386915442283
-1644.7936828036002
-1931.5466104729778
-1772.4856823285331
-2108.73780421734
-1887.8376958055237
-1914.7340792470063
-1849.0112001147868
-1796.6019580833834
-1827.6395740248547
-2096.042213923511
-1860.189717457975
-1923.956694354693
-1900.022883004813
-1592.2437255591212
-1829.4692816201257
-1832.072008373163
-1970.5380119299762
-1812.6585542911296
-1945.4187965898184
-1922.6473063106464
-2235.197663015937
-1891.543228477819
-1808.4684223127922
-1980.4498791162373
-1826.109572893949
-1785.4995260877342
-1750.2381141568467
-1890.505006264301
-1781.7873539193095
-1622.45129528297
-1849.8899523890752
-1922.2403171093433
-1851.200177341891
-2039.9032913542014
-1935.9159345635596
-2250.695330253219
-2034.0711416281986
-2033.9003465364983
-1899.2841498799053
-1936.8099589845556
-2020.8263872921084
-1871.3423102275474
-2045.1107890078185
-2059.9063730000635
-1771.7955169547351
-2072.0450140976354
-1900.6455425085246
-1778.820495687623
-1750.6690518100459
-1788.672157880807
-1918.645380868202
-1697.5756976558775
-1858.6981592676905
-1792.3666684789484
-1767.7797860139208
-1670.9622592665564
-1672.0638268136954
-2134.3122500644204
-2002.0365091683639
-1848.6571525723598
-1643.5006321207845
-1798.1437566030218
-1987.116444087403
-2007.7545695971348
-1732.905381240947
-1959.0830750318528
-1753.6518241380227
-2075.2078825333188
-1824.5491006304271
-2052.3433029520634
-1766.2554331309927
-1915.04715467425
-1913.761628008809
-2005.8754750402425
-1709.0873842564708
-2056.2929614328127
-2007.7646064011221
-2129.6783354318095
-1895.8905759814188
-2125.4001321149694
-1936.7263553023672
-2243.1628883284457
-1955.7450619145725
-1701.3738652234342
-1887.519387765415
-1839.8228845813544
-2064.969572384172
-1774.1443272048339
-1576.026713472544
-2140.7261850084305
-2006.0317660168453
-1776.428121476345
-1790.6562866502222
-1864.9878848484761
-2074.515709531189
-1662.0806751323767
-1697.876544545697
-1975.5384581483643
-1789.6620169294865
-2087.586507296611
-2054.059170382719
-1973.1121907200748
-1846.3949805180296
-1778.0058614326385
-1778.9954277889708
-1973.4233571105574
-2056.3510449957757
-2088.042102242318
-1770.0572283015513
-1898.0200577202922
-1761.8224474236067
-1769.2145641333757
-1734.0183135326893
-2164.9112370149487
-1724.8440625396713
-1845.8646809996392
-2071.7377287466848
-1996.7914019484595
-1932.9548272659981
-1871.001459878725
-1828.8368372850111
-2039.0952207240675
-2058.6444107660864
-1966.1376219486397
-1874.7866540704222
-1836.831026454607
-1765.5408272318725
-1890.0930664421833
-1925.7430136451796
-1664.9695991237309
-1882.7049731645857
-1811.1430072743146
-2003.9024080177937
-1530.717599330234
-1720.1078005910774
-1967.3708865257538
-1939.0057119496585
-2009.7722282545585
-2091.9443321362405
-2058.4003698598544
-1914.7087665561737
-2274.1815680218238
-1929.189582321392
-1895.6517034467436
-2106.4477419627574
-2343.2236763056435
-1884.106902448048
-1845.4902583548562
-1722.8536361998313
-2049.3697503425556
-1808.2886301638923
-1702.4633772174316
-2013.9119989104088
-1741.6310684815417
-1876.8543396324958
-1890.424069463585
-2040.2914409043074
-2073.4693094105173
-2127.899228180543
-1952.799890161503
-2056.1129794159856
-1813.3852171120946
-1909.2562027772667
-1933.1817588443525
-1887.1807853254093
-1894.5910700389636
-1924.5340951802925
-1610.5163429113
-1904.934533196399
-2026.2319338291038
-1694.7585116109556
-1923.2467582758088
-1804.2535805796194
-1985.945143583795
-1877.841307698909
-1963.6044837354566
-1708.591077733294
-1694.0564469880014
-1996.624415891223
-2013.8922583345184
-2032.5841269720981
-1719.8461354206531
-1865.065821947354
-1724.5460162174902
-1827.6388947275104
-1773.5090189311147
-1628.3746023794226
-2041.228978007872
-1806.8102035638485
-1856.4206235611389
-2012.0495696767364
-1642.4609891549765
-1812.3912737445064
-1758.940852315676
-1773.3713471583958
-1826.9234486474113
-1838.7464177301592
-1835.1606875693299
-1957.456810060371
-1750.5544621263423
-1639.5605767240706
-1976.5383018996586
-1871.7255690972152
-1882.268316486588
-1984.981951787563
-1881.7445748512225
-2158.7767357504003
-1931.2187348028233
-1915.8236190552043
-1954.5359190341715
-1744.9646751455748
-1929.355587736382
-1894.8583564465723
-1911.9254794768704
-1998.640863327862
-1889.3576052738806
-2206.479523769211
-2085.5909452207825
-1871.4528388691394
-1814.5515721475479
-2013.0651486947713
-2073.2326235098626
-1698.0062327506655
-1822.3106249145856
-2088.420004822873
-2035.2047710191396
-1892.2908995158862
-1824.4839692392616
-1851.2469067330373
-1753.9464727400011
-1873.5945582736408
-1900.1047497306242
-1844.5312038401635
-1776.4150414477097
-1646.2298915161416
-1811.5340474646036
-1912.0694646086788
-1972.4919469934748
-1987.2114169693868
-2064.636037957239
-1932.6528638687025
-1694.5459798290622
-1634.9942172579567
-1808.123685045787
-1869.576213006792
-1680.6478018571343
-2082.347008079364
-2271.8364399541783
-2018.4171374199373
-1872.500927373064
-1888.266059778941
-1889.7225059026337
-1809.8100985983945
-1848.0130115644843
-2034.4645026268709
-1773.1954867259667
-1944.6590479941892
-1978.065419435484
-1841.6396490778482
-2269.795713238537
-1987.9896625959923
-1868.065580016076
-1847.0764403816543
-1640.5514372581238
-1851.7012531272044
-1829.4772662935077
-1914.0651152062142
-2351.1224969581963
-1851.836256738758
-1819.029133864807
-1912.993220608183
-1947.6850698319367
-1782.210850735299
-1688.3108500825604
-2211.542035757435
-1816.082660951032
-2090.5476659723176
-1687.6135217791639
-1692.3823473476582
-1791.690376459095
-1817.1489423909743
-1812.3149905575442
-2081.364054255459
-1931.090599044202
-1846.3535379482964
-1807.213902398429
-1967.102267041628
-1749.6263824129032
-2101.918240287888
-2019.604168952462
-1864.1648566433241
-1781.439901924333
-1798.8068341599007
-1801.329391623866
-1971.9803134747667
-1683.217148426389
-1789.0602252327642
-1819.3246708228958
-1616.5749111604382
-1710.4319608064752
-1744.4437318443138
-1738.0845670731628
-1801.6116750343867
-1666.5369315844416
-2078.8962178838597
-2024.5948290665767
-1792.8036819525119
-1895.4769404106771
-1707.0293550608517
-1872.7002996448045
-2107.9281076216857
-1703.0703325271595
-1957.2191147444996
-1847.474966388431
-1816.6645050886775
-1696.802365950567
-1649.4677547630165
-1897.5656670730064
-2049.7221126670142
-1885.6700011608057
-2005.885581150509
-1733.0598259163496
-1829.9433823974548
-2001.5854024396874
-1799.2802020399117
-1766.5667232766084
-1680.4825293810463
-1901.9499799210412
-1746.6311014168855
-1790.2780333292242
-1489.96402669007
-1693.1559487519137
-1934.983544459946
-1931.6638688968605
-1771.5521482077459
-1847.8693395895464
-1803.724344410256
-2102.4175674677995
-1879.6286025626907
-1829.813526576329
-1965.7771979818986
-1897.587099538373
-1915.6718785585267
-1692.5487960322082
-1795.9432685165527
-1964.490576595435
-1682.8152058823027
-1771.544372362363
-1904.247862608004
-1929.6571522308614
-1865.6848705511293
-1912.6048572524726
-1666.322630184286
-2073.2185757637394
-1630.1344198572417
-1757.2900378173804
-1725.7365240771715
-1885.7862586137544
-1693.3819980838712
-1962.1669031497033
-1530.3949178740315
-2136.407938065681
-2085.8771069362324
-1702.8431937736073
-2195.7633462710073
-1973.1680621866617
-1930.7397883819503
-1803.9111795377355
-1586.5030177206822
-1789.094475439457
-1506.7080910160053
-1570.7950666540596
-1865.396099886685
-1716.6685088071708
-1779.2769750663997
-1935.7825431909807
-1746.9287906665356
-1868.446815519932
-1833.2918431789062
-1905.3969345721594
-1752.570656820439
-1764.7040728310262
-1678.7666957518318
-1821.6626698361442
-1782.5679222435808
-1825.290593038221
-1790.8102662325182
-1936.7588311553216
-1708.9003100914194
-1674.9782826131025
-1745.9696670490682
-1679.54790354368
-1758.6410839912674
-1623.8087098877647
-2062.913748160694
-2231.5819798446464
-1687.7835267307082
-1899.6316381045876
-1628.9761244843653
-1664.4992069369596
-1728.6144435311146
-1841.1050590639384
-1821.6925420656082
-1924.2220555952465
-1895.912442098525
-1899.6736997989697
-1906.3431590330351
-1836.8902603112783
-1617.4976339646992
-1912.4797226754984
-1737.6672636678065
-1606.933444939204
-1927.5691806266834
-1806.0590261677314
-2058.08358803692
-1947.783166413369
-1763.1588587641613
-1544.225607548812
-2251.0304460711054
-1794.5869052883647
-1677.5180596539374
-1853.7086782492597
-1789.7306835882177
-2262.476647213248
-1808.507430179033
-1943.6802671040207
-1881.8975607265809
-1934.660219207106
-1854.2203866683076
-2119.3713988880113
-2296.2278546540897
-1850.27173758282
-1840.8418620827017
-1924.8264144855855
-2215.7924090609285
-1759.509626848825
-1605.7016020555584
-1790.601955165863
-1466.624124813484
-1714.782742115603
-1915.339307409609
-1902.7727769486628
-1960.3295498578661
-1715.437387880307
-1890.6600055521128
-1878.2536067197
-2166.352297420802
-1841.2023064909445
-1605.683153007155
-1848.7141702133795
-1582.149241188479
-1613.8811709367144
-1683.568318842451
-1915.4332705638906
-1598.3688960333002
-1806.1859079295539
-1737.9766416123232
-1959.4236952332267
-1949.4612531687637
-1940.0112080017234
-1695.0737709605417
-1543.9150102124077
-1970.4435924690474
-1791.0639170694649
-1820.4949478285198
-1576.9342930331052
-1942.748086562848
-1860.640179758929
-1575.5429999552712
-1666.595671474305
-1791.264790392356
-1772.2069855349664
-1883.4470198492947
-1792.0886549682627
-1987.2592230061555
-1776.5815745808368
-1725.2663820868129
-1842.2915839630077
-1711.1041162445483
-1690.2361839905147
-1619.9107030813373
-1845.6546962837297
-1860.2330368963242
-1895.046190616956
-1707.8401875396005
-2215.4326809361496
-1737.2502242560486
-1740.0706346391698
-1773.1886021144148
-1757.5232993792351
-1820.0828706139466
-1799.407912390653
-1917.5646297602425
-2246.1208595468815
-1891.7437536380132
-1842.281681811839
-1868.5181313422286
-1769.8374052377928
-1702.7138141893222
-1766.6868922257565
-1877.8912548363744
-1870.935442155108
-1776.40859637136
-1946.5332381338976
-2024.139857934924
-1871.3392855016518
-1742.2084645250322
-1830.910624269252
-1820.3598392076724
-1729.290668078056
-2034.8072698534854
-1739.886834103569
-1669.46410432853
-1923.1710948458972
-2131.8924641349968
-1782.2992712179434
-1885.2699230533972
-1636.4746564089917
-1831.8013966755288
-1815.393183760351
-1631.9724297172856
-1702.8949071973943
-1979.515427494517
-2023.6102689873153
-1722.011419944572
-1972.0616509300391
-1847.9996740151148
-1838.153738618578
-1962.0429797958661
-1885.919244440816
-1886.836808607895
-1495.8261216554536
-1826.1218326415417
-1796.679761780024
-1643.569245119454
-1899.885232127428
-1920.9842361441342
-1738.1862909025238
-1841.8827925740788
-1651.575624081669
-1875.007572132648
-1713.096743585692
-1638.1687727228841
-1958.4560320380867
-1776.2222754166505
-1804.562968862724
-1677.4011262468005
-1866.6759703275309
-1623.1755427959995
-1749.170963229159
-1837.6928891412977
-1882.0977521984069
-1702.9549132069212
-1844.878406963444
-1832.558790813686
-1769.3884923818039
-1872.126114848778
-1899.7974550614697
-1868.208519095268
-1626.445581993484
-1943.2742049745252
-1963.4152665428633
-1935.9491915630203
-1860.7236468965057
-1757.879938120161
-1730.6280812586488
-1702.1178662997547
-1752.0284536074828
-1615.768208660575
-1745.88561401757
-1681.5974671241295
-1933.9431980141965
-1794.4472320285413
-2009.242998483979
-1676.3151550852108
-2046.0303202903542
-1616.1860504935428
-1737.526248883203
-1845.2393257793644
-1815.0724446380432
-1771.5934099631256
-1875.0613396331457
-1950.691390527479
-1678.2112630874972
-1950.3437494109846
-2083.0644243396723
-1695.2833652430131
-1683.9003190736996
-1992.3753843637876
-1891.6723576624236
-1543.1867124298296
-1664.6523753215026
-1618.7118157500618
-1759.8617909485815
-1741.5380028110394
-1814.9615843575714
-1871.2938676569893
-1813.4823389030953
-1883.8269767626628
-1959.2387341655076
-1664.059418692859
-2023.2343043439284
-2218.4568199818564
-2026.5788272959169
-1832.8684079416876
-1893.3677634792625
-1894.5917429207905
-1845.6744403358373
-1880.8094607332766
-1947.1224070461346
-1597.8885250405322
-1654.2740113111756
-1787.4445411329061
-1521.5936056913931
-1724.106248473719
-1729.5676102564958
-1588.9776954537776
-1884.6739266693828
-1838.3891885767625
-1721.5089710566
-1850.198938897981
-1643.8363701224441
-1608.7479679026908
-1808.7780646761842
-1841.9656272569382
-1948.5384379307645
-1916.6537191461407
-1850.4223124121854
-1655.0144581919103
-1671.774183923834
-1755.3357216754657
-1930.3381245119733
-1716.4723948319581
-1578.6565751505593
-1672.1956690629734
-1748.3795803974072
-1896.4116932206323
-1941.8518971730518
-1988.9588063672024
-1721.115083592893
-1956.6643711955192
-1763.0235105578772
-1773.3381330518298
-1837.7309143270902
-1838.7121859449478
-1799.9955556519549
-1738.7615475735056
-1830.7488440379923
-1934.4173275792716
-1462.8325835771802
-1955.510904257456
-1683.3331805027713
-1766.482831245737
-2046.0441619805001
-1745.4086946442833
-1661.4718917374535
-1965.0936083601039
-1712.57340006981
-1772.4310182703339
-1565.134500589396
-1497.3713912739345
-1719.3885987807118
-1768.994452321894
-1828.2654090065826
-1571.7496867782538
-1859.2954426687525
-1827.9637726047083
-1775.2056942359527
-1779.3186514119923
-1752.8284599473352
-1688.7811889552813
-1914.9042598140097
-2055.037617045902
-2136.3802067482025
-1683.3939446258398
-1766.1727644754785
-1879.6053656837519
-1624.92578213708
-1768.2598971524033
-1518.6630668431696
-1868.2068877883185
-1879.2739158204795
-1882.0095128040161
-1843.1429378096473
-1698.5332883457436
-1734.1285197081002
-1775.3228739076899
-1785.2612477465714
-1864.9325794182516
-1888.4818874548346
-1765.7982442068296
-1756.9305504929569
-1918.963042063966
-1554.6442783841153
-1710.4358787765168
-1632.2644713486627
-1727.03110248826
-1878.7264824719184
-1780.838279398787
-1793.9567782849542
-1789.581549723429
-1888.72226585979
-1901.2147185835308
-1839.2194437732571
-1838.593225356129
-1992.7096222206449
-1793.5523741724394
-2097.6496227750818
-1834.2476505945176
-1746.9995298761464
-1722.9444225444206
-1886.8255957203046
-1813.2684612985502
-1772.9856808894363
-1712.5534146248785
-1887.9494453884101
-2036.742741246246
-1633.1376839350598
-1725.9042529799945
-1677.3741086184725
-1589.8695778841388
-1704.398486240465
-1581.178428191267
-1962.8831376846185
-1668.2656523929008
-1942.1688807278103
-1676.3482721846522
-1695.9622459878756
-1614.4951279286595
-1676.4563862334435
-1760.154187269527
-1737.2267991611443
-1810.208684685485
-1741.4509732889421
-1724.1026260477843
-1522.1860920471852
-1780.3261314513468
-1764.3145177415909
-1811.2828287677437
-1933.2436513023003
-1555.355348355722
-1797.787473907648
-1725.800522657688
-1854.9641868753101
-1777.4474300148954
-1811.2701497360797
-1783.5371464669547
-2014.1044403518622
-1986.7242916842445
-1969.2094389440474
-1959.113106992149
-1737.2062987607198
-1844.351741375301
-1863.9194321110779
-1790.5491774550267
-1749.892529644148
-1752.1810216615595
-1954.1407786138866
-1676.5030243656965
-1640.3678020972557
-1794.4500143531282
-1765.1000170414984
-1787.8996724606286
-1689.5356083889353
-1607.8845415305445
-1910.0743245511753
-2008.9746105921954
-1929.67315125573
-1869.2587825340427
-1869.118617483916
-1943.5643180120035
-1715.8516424459767
-1782.7773023342595
-1750.8689443599303
-1992.9012711657813
-1639.1721819143522
-1654.2779725672856
-1793.1379083859747
-1794.5451584651187
-1859.0390493928785
-1872.8323761188901
-1651.5823739824361
-1836.8351798066878
-1694.9358036060355
-1708.640655345692
-1933.4390409889243
-2016.3249303194357
-1762.4196646220887
-1759.402215240443
-1937.6911952746136
-1735.005400519195
-1931.5105947744187
-1648.663763867445
-1696.4183295399062
-1641.588126793359
-1871.696496962232
-1843.4081409369924
-1972.5086514437858
-1915.2618767572008
-1826.112330187816
-1794.0320423491837
-1669.9720307947857
-1750.0149850939597
-1722.2942568408616
-1948.6487865723739
-1664.4227482798092
-1959.587844997313
-1810.2702305699825
-1681.8493360617658
-1624.7878618763998
-1775.4407220189926
-1783.2868945629302
-1700.7812751809265
-2016.002212742278
-1657.5375420066352
-1941.0755165946034
-1819.18417435663
-1682.5456981992268
-1973.074457553342
-1873.9654380578495
-1632.6105988679546
-1643.619615405904
-1639.5984730209254
-1725.5482133589892
-1778.2586934294045
-1742.57078149238
-1614.0853921497392
-1780.0015916311404
-1596.3017009392318
-1543.9057896976558
-1790.4016889365723
-1663.5991408294165
-1860.9480278450453
-1594.0339845185954
-1707.7800097924562
-1657.659101977471
-1794.8400938448112
-1913.445277434266
-1677.5224587181
-1876.9145213116929
-1755.9583605843247
-1838.8753948975627
-1612.7395010524601
-2016.9275593092466
-1785.1642341832032
-1950.154823985333
-1847.0591964586727
-1645.9839653013603
-1882.100056949559
-1552.2402722916274
-1817.3986084387325
-1924.159961131205
-1776.1496737722453
-1825.3601152074805
-1731.2731690482526
-1891.9234808823958
-1639.188075545937
-1980.2164755900674
-1812.3730938110502
-1723.8314169358373
-1889.6916252734513
-1934.8825012982643
-1876.348658833639
-1850.1069487348811
-1692.1690325747513
-1781.647455916467
-1876.5196671229548
-1563.2953163101713
-1670.6448576232258
-1862.8883729064564
-1859.59823234981
-1823.4544988710256
-1750.9568587013928
-1811.3647520391287
-1663.4686754892828
-1779.1722792621424
-1717.7349642737959
-1778.1960368070752
-1615.2445920431746
-1738.320430361054
-1791.2659351193333
-1768.5517348987482
-1566.3917720805
-1627.5753494463922
-1650.5184320486865
-1783.4364246838925
-1586.4505227001384
-1803.0415252401906
-1852.8055224219013
-1966.9754265318713
-1862.6408965081268
-1794.7934044969822
-1588.367377057644
-1794.146362234759
-1900.6428095561675
-1878.3048710998219
-1869.687863813079
-1743.1542812389596
-1625.6975850660513
-1787.0770167168384
-1785.0055335458978
-1860.3481073784894
-1798.2270334692348
-1690.1283985068667
-1656.7613086944436
-1644.389997896635
-1813.616451409247
-1874.81558178462
-1682.6322848650352
-1692.7149915107148
-1899.5125770306445
-1944.817780719443
-1748.9199693381433
-1900.0741357599381
-1621.3309760136096
-1827.1331857296043
-1755.9505867067226
-1907.5213741613848
-1677.6088585474988
-2048.8084120592166
-1693.9462922052774
-1738.6094393609299
-1832.4276283113866
-1894.7687283673217
-1931.9864323236384
-1888.9140209366617
-1839.8655568308568
-1704.5859025397128
-1865.305429609856
-2101.91764094511
-1894.914161060109
-1839.1972745731948
-1976.636512112145
-1928.5287580104393
-1824.3627688994213
-1959.5015697520028
-1764.137913057492
-1663.1129357401521
-1616.0010884993123
-1668.5895404373173
-1742.2852868433383
-1702.8824213780235
-1648.3320071513342
-1798.7838667031947
-1959.2557717573982
-1785.864141538606
-1696.1185736808075
-1725.3402050323057
-1917.8203180616551
-1748.5065985880806
-1816.8285320712682
-1714.0460151741645
-1727.076889749062
-1487.1035241071288
-1685.6755795349984
-1906.9434214828261
-1765.9508548458266
-1676.7650704223686
-1702.8653034933925
-1833.65398233327
-1801.6246424147098
-2184.8315715406484
-1693.2008693568375
-1671.284194075159
-1575.3181854782722
-1633.6008869560576
-1688.9314175195655
-1876.6271951927822
-1806.847352419534
-1744.8793800052454
-1895.3769802327618
-1804.549727575404
-1689.2812108789835
-1601.3913723860535
-1990.7209377576828
-1900.390031908849
-1617.2610761688054
-1844.300998289708
-1816.0851782899153
-1577.1781866860028
-1774.4991340671872
-1631.3319030519972
-1584.4815823386111
-1675.1905738567273
-1852.3171655413146
-2087.751994861884
-1634.77856384084
-1945.584533127029
-1738.046440075697
-1624.0316017101197
-1750.2052559380124
-1575.9809424837465
-1735.3332626756999
-1747.6637181487117
-1666.0487067681054
-2034.25839550416
-1778.9040415793017
-1887.4683758988228
-1549.505095476732
-1745.3332472002714
-1929.370999154683
-2083.06044461151
-1745.8077459736974
-1984.3969243212664
-1895.5902700769993
-1748.1781592292841
-1838.2544395175737
-1949.8944284473218
-1953.9675398241309
-1681.7912513958322
-1646.9752754324243
-1837.3853798888379
-1794.6444238434246
-1821.2474022291256
-1738.5752248154056
-1579.526119563532
-1779.1019582472227
-1679.661907332756
-1634.5568771103158
-1738.07451372385
-1847.8648281247913
-1613.9948352624383
-1558.1849034777101
-1751.1982347229537
-1830.1523535409747
-1556.03462974716
-1643.5512752925758
-1573.6984501539907
-1606.9592988802697
-1838.9252808458878
-1932.6831881587723
-1776.5199414906315
-1835.4955409101503
-1936.9966018230205
-1876.5244263012685
-1685.5124458992952
-1666.8873318619796
-1752.9199801593977
-1820.901011958462
-1865.6998695495045
-1640.473389190342
-1598.8212778843415
-1780.5664314505889
-1816.6667278797063
-1705.2419767837964
-1841.4919868689562
-1865.5900459986742
-1618.7402611604641
-1677.9711460837887
-1479.0812969875144
-1861.2614733488153
-1851.118862931356
-1631.1422680072951
-1693.2445438607688
-1839.8624060713362
-1820.849540842514
-1732.2028308078568
-1926.5663944140279
-1808.6868836273227
-1918.7197732078446
-1942.0228753197102
-1743.9556389163943
-1835.9629063944
-1706.2092939240663
-1846.7981553978557
-1814.8399449664896
-1993.4338623824747
-1642.9554825266773
-1849.166845735647
-1690.9393345892852
-1742.445912941144
-1537.194701215808
-1710.789592263863
-2102.7090032436845
-1851.844852073074
-1832.1308592002604
-1991.1271393003335
-1799.9530646069227
-1939.29599172596
-1678.856438268586
-1534.588402061462
-1945.769506325683
-1772.021468696918
-1909.005506890816
-1766.6100000658294
-1745.9541000005268
-1863.0276270809009
-1636.9098379384109
-1826.560154265532
-1667.951385055853
-1976.893955270307
-1912.845551214064
-1690.7144641917837
-1713.5842738355032
-1694.286988482641
-1699.0461229552463
-1789.2475207735235
-1783.19059328288
-1722.692093986678
-1784.6731107427613
-1702.5355126824118
-1660.78412694188
-1753.4645739998973
-1646.0119786840744
-1758.7973631448458
-1881.755707142898
-1722.2426982528268
-1821.6365728810147
-1832.260387369426
-1891.2181967186884
-1758.7887460973586
-1894.316868202182
-1841.6725405441848
-1722.4679089714678
-1695.5686622008914
-1500.239384404837
-1895.7405057686742
-1887.2144505723272
-1860.26984829866
-1697.0282350471675
-1786.9073280737994
-1638.4190279315935
-1788.6348022500931
-1954.5994292046616
-1693.7128864758563
-1691.3067946971491
-1767.8611193269207
-1759.1672361414858
-2092.4360841813136
-1799.4823449792448
-1705.059398945027
-1572.3690744711598
-1783.6708675751868
-1788.0470889166183
-1853.7566259638547
-1740.5388413283904
-1827.0065237810068
-1813.444773183847
-1688.2713793548107
-1739.4838937941536
-1997.3772937472386
-1828.0997323590468
-1883.6698723696459
-1816.8115017347927
-1703.10170888612
-1725.9518299371773
-1738.2971686456017
-1933.6627719610165
-1721.3899484231715
-1685.1773456354456
-1758.3060185279724
-1732.2435238001005
-1770.564591654878
-1803.662992066891
-1821.1675256045237
-1771.7474372189122
-1805.5738969800386
-1982.3750801191331
-1801.4557550807347
-1762.966552671292
-1816.558714147797
-1738.1609446920643
-1722.8666600037945
-1786.3059353361598
-1728.3420916909345
-1871.7689889140588
-1898.9985100379927
-1758.8684318394357
-1625.8617132301968
-1772.8771393640097
-1648.6741875180323
-2015.3024681694217
-1851.6769003680702
-1853.3195617500826
-1710.7189670178393
-1833.1317882130832
-1879.4436528480405
-1958.7346370160294
-1772.8638350854783
-1762.9104051053084
-2002.7761209491712
-1943.2209517603155
-1616.1636536098654
-1667.0139771643662
-1801.9757216049554
-1855.7576236189323
-1688.7337306751508
-1784.2657890311402
-1601.2991027979538
-1895.1998337495213
-1941.0255185474143
-1557.32225926619
-1803.2811393560623
-1956.2120795621993
-1737.9962924610547
-1779.47061379326
-1857.1090691658555
-1665.918089593988
-1983.9755063069686
-1669.2176844547728
-1749.014422879316
-1694.242500988688
-1832.0750788832413
-1850.4201579835014
-1735.13134023241
-1635.8262532099268
-1572.2910025114024
-1909.8791864394273
-1721.0113597981024
-1612.5795144508297
-1722.6311515372545
-1875.1239263489679
-1780.8706110323699
-1797.0872653417064
-1758.7640724964153
-2008.3860137952609
-1652.8562021775708
-1882.2877380372563
-1547.4115939770322
-1570.754347069706
-1722.1282215210551
-1775.124090598063
-1671.661301527755
-1721.2190988375294
-1801.4028521390644
-1709.7656174085366
-1852.881755218384
-1827.1798022657722
-1876.9630848134213
-1967.7295798164535
-1650.5743944072635
-1899.7846189863305
-1687.2235230002755
-1814.9192038416395
-1650.3880191200983
-1527.7946639081572
-1626.5529001148489
-1839.3385374509792
-1726.028048282354
-1711.3173839921067
-1772.9923899870544
-1770.3270268818655
-1907.078341451365
-1493.2982989970537
-1642.1850441319361
-1756.1117142819091
-1737.5396524631415
-1969.3758440688757
-1979.570901752798
-1612.3453854680165
-1679.8447371925527
-1671.5804822991183
-1780.4518935276599
-1870.5857484742364
-1615.1859846063776
-1660.2864748783513
-1850.0152565770125
-1779.04895526295
-1776.9807790377297
-2028.418971511577
-1822.1909454161787
-1791.431210711989
-1659.0528789599437
-1826.8492077231751
-1871.2579393383128
-1875.3675047560391
-1868.260421092283
-1826.5779801621388
-1736.3798752041803
-1790.2327431483316
-1781.882941429657
-1612.3944651469048
-1485.5516027317235
-1855.1976980076713
-1940.6511938028325
-1834.3528321879985
-1848.4478034724148
-1724.3795936226334
-1831.4309814741532
-1678.621121046915
-1631.3121794806073
-1908.4414631147079
-1907.648632384064
-1911.4477123039915
-1860.1083755594057
-1626.3804627064355
-1695.635682451561
-1712.3336582207266
-1748.8124358235123
-1838.4170303383128
-1831.9463708364124
-1779.7153248500247
-1883.4908373897645
-1629.1806267831832
-1736.7585938690008
-1674.327537555887
-1805.786902312371
-1756.2869329695316
-1630.543773616882
-1771.0200521923148
-1916.2924188649934
-1849.0210757645857
-1835.1811587172538
-1806.8332682921916
-1880.359367322858
-1757.614832878404
-1822.5410399172824
-1855.8081771220486
-1916.3885142639533
-1671.5068685662868
-1685.9402053481813
-1752.7876781381735
-1782.6190888885953
-1991.90859237045
-1693.9241356931304
-1723.0904643445012
-1903.4451386143412
-1737.3697001442902
-1756.600696014925
-1946.8512240366945
-1666.2409156967933
-1857.3412334651507
-1911.2448831024221
-1784.9135616826177
-1620.9001985648438
-1823.4732970078053
-1675.5198957151335
-1837.3469790331046
-1889.3422677861422
-1714.7356031305803
-1876.9031786169517
-1668.2757551655543
-1765.5322751245742
-1851.2386826278243
-1787.1396659266156
-1654.059250723103
-1692.1314823670368
-1647.003095111711
-1694.5895893115992
-1720.8335756438323
-1840.6876014192267
-1830.1109249132082
-1913.4862208663137
-1732.3318746254402
-1694.999405224657
-1646.7916479097526
-1728.5462906492985
-1641.051316106268
-1770.104043932815
-1783.9302130503108
-2085.000110335356
-2121.8036122654908
-1857.9047381949579
-1801.3708682575082
-1829.4704372566337
-1746.1137322557302
-1696.299724785859
-1624.7632516730287
-1792.2152689396753
-1762.4146358938974
-1809.2729775940838
-1771.0583733759215
-1698.280150037333
-1678.3518948987864
-1806.6053637257185
-1630.4829919892486
-1736.878217911395
-1811.1637592794677
-1813.8917955635382
-1893.1565448420386
-1691.0980452284389
-1725.9668408075102
-1890.3141515498455
-1766.0573276207967
-1922.327149376871
-1826.683547871171
-1772.8392048956573
-1744.3157183036496
-1779.4247416176972
-1709.6878867878177
-1746.162198169684
-1709.1358822448387
-1834.082537562369
-1820.882110523726
-1727.3775660244473
-1709.295883052674
-1954.1257463786305
-1663.7533473414348
-1929.7176018684936
-1826.4825216829856
-1746.8427685818683
-1815.5444847051558
-1784.628325386323
-1656.3162850784267
-1797.2559227187583
-1736.2832740244305
-1908.1798313745333
-1763.6724498379062
-1750.1689140749077
-1871.7260360426135
-1755.1088092671494
-1529.1989658126054
-1828.6119165885073
-1927.0394221724382
-1937.3391169860117
-1756.2898690597233
-1743.4280531913537
-1863.2952155965575
-1575.655091889242
-1776.8710188730424
-1679.0643059456597
-1618.276896470483
-1664.867081646889
-1608.6869031431145
-1661.7727186401946
-1822.9941605672166
-1979.3726194608105
-1656.7380198404928
-1719.0617775567443
-1834.3940034276425
-1842.5572446461356
-1607.7506472299535
-1700.160165835144
-1724.3083896477142
-2014.1932270719676
-1592.450800574428
-1962.8067335459602
-1630.7169973508876
-1815.3568833035824
-1682.174929470266
-1737.0622302776214
-1882.6422681365154
-1808.4967760551042
-1877.1134758075077
-1972.29163811476
-1588.4318329859418
-1736.1784374301303
-1910.559720356458
-1954.2049891968625
-1778.7508163937514
-1522.6317686476773
-1591.5416773114832
-1594.4806345880918
-1835.9071692438135
-1659.5543300160111
-1814.8149082660382
-1580.4879135694728
-1838.5687009358685
-1605.2054887803095
-1911.8049912235367
-1646.5047540830662
-1899.9554938155259
-1848.9844876601376
-1684.7794907198484
-1976.358906969514
-1694.4619641029103
-1838.2488475422135
-1746.4352828778544
-1591.8396580912042
-1886.4609966027754
-1676.7892697271118
-1828.5135641365982
-2041.1567193575675
-1800.0580048599531
-1693.9336539122169
-1723.0888732235842
-1549.4985446654462
-1903.8761506482197
-1778.2038252732775
-1897.6413340607849
-1962.7071879972514
-1792.1759380257743
-1814.1993636540826
-1740.4369305462762
-1673.8173236054092
-1854.9844142325028
-1678.0570283896107
-1792.2716441021419
-1791.0357151676574
-1706.9110631002395
-1732.1249748174648
-1746.3486433353428
-1864.6630977927705
-1702.8361439965886
-1860.9397827505277
-1823.2568496877864
-2050.9195084442617
-2012.2260360519929
-1793.9813323528294
-1805.6087608746636
-1771.8414335976636
-1840.2040536901056
-1602.7258068568071
-1652.7423424096924
-1868.6368738710125
-1726.8951600851506
-1612.5334175898172
-1564.645788992843
-1797.4918752299616
-1822.14637771099
-1764.5138398820338
-1832.3611916485856
-1719.2851426162858
-1787.1672732427505
-1742.5332784104949
-1711.850035306103
-1854.5197646904553
-1840.4541223927313
-1839.2457751065178
-1766.5344018896617
-1756.0100415159798
-1809.2785141988347
-1725.6716864725593
-1794.349057726143
-1710.167403100745
-1839.847742889712
-1705.7894244831195
-1738.478071222841
-1741.8757879190132
-1758.2143688634944
-1770.6078678162166
-1716.066568703266
-1811.7486802873075
-1509.040899608043
-1656.0971128413014
-1894.9997261835456
-1621.0917807233373
-1666.2876701382006
-1740.4528432902337
-1845.7356556632967
-1564.5746334815155
-1609.200386430996
-1904.5093599135528
-1815.736803887862
-1790.8466649124077
-1988.9577652161336
-1867.0739604540777
-1726.1835848779328
-1888.5444520964334
-1764.5279206593113
-2009.053167554552
-1723.868257849801
-1854.3370086392117
-1867.5554445529895
-1738.5067813990195
-1783.973686862213
-1659.0449064249995
-1807.846648014218
-1669.5659483649026
-1812.0429435476694
-1843.5355509844444
-1746.7528197127608
-1601.6645441001112
-1637.8784190822957
-1586.578699357861
-1868.4346689513188
-1647.015823499713
-1741.0873069010102
-1858.295278552113
-1803.722016983136
-1857.0359137187281
-1902.151986926488
-1744.2020616577547
-1745.1930835495393
-1935.7976307524693
-1440.1307684389342
-1826.7470046397768
-1820.3638458969517
-1670.8594657795297
-1650.8682026624722
-1760.3693064241381
-1794.8465218492381
-1966.3635849211958
-1776.817971336104
-1818.2942805988598
-1745.1035307366312
-1906.0164773195734
-2067.0917027320143
-1679.203993413549
-1775.767197300327
-1698.784172323749
-1683.6212067751264
-1794.3361387764146
-1831.7708749515207
-1814.739785182831
-1773.4751487838118
-1674.9067941010549
-1783.948845742628
-1814.6637614143344
-1864.1605145306723
-1753.1048573820738
-1687.856499298017
-1692.466380372974
-1676.8825576380243
-1709.7963771997588
-1737.4026689241873
-1926.2043738928776
-1763.6474673132927
-1725.7026276598208
-1731.7724846785156
-1947.1654347981612
-1829.6526246709955
-2032.0046669455844
-1912.9836388703065
-1806.0620134965743
-1682.2042076503103
-1758.281851770987
-1555.1598036862363
-1866.7676762149529
-1877.1941850175974
-1925.4928820352375
-1810.8231633385542
-1832.577975548411
-1834.5528303944088
-1843.6509168801833
-1785.5487356072722
-1767.8266799555308
-1947.7386173376904
-1657.813124903626
-1551.598370126997
-1940.0092507779136
-1733.7264092712278
-1726.4348285322526
-1794.184242867429
-1782.0610613361641
-1802.303989243843
-1776.6739437544088
-1718.5447039348096
-1934.1326120775395
-1661.6145740281625
-1934.033366874103
-1902.4145877799056
-1600.720146677393
-1994.5026746367316
-1633.5716654125633
-1892.6998007415093
-1836.2754061997841
-1718.0640493370133
-1709.8414370589599
-1860.5924476807206
-1812.7636255954812
-1785.7775513852482
-1950.1193021364145
-1798.4196404561283
-1837.6080997284091
-1737.4497291902396
-1534.740241679916
-1872.5467514859233
-1827.1642448642483
-1880.5472975006035
-1746.497541136187
-1872.6773006858218
-2064.3267177033335
-1697.9486657135071
-1899.1958397321882
-2100.7640497753123
-1738.7815705614469
-1780.1960761217485
-1870.5173948297247
-1801.6676959738847
-1822.2360101685297
-1778.2814135684625
-1932.656820558675
-1897.4153368050409
-1879.4029746032381
-1807.1881369841606
-2017.1745978499841
-1849.7551736156463
-1623.4288536175186
-1910.1495373690125
-1762.7888888877403
-1837.1600170833633
-1919.1905012546736
-1898.1629442536787
-1984.436108417345
-1824.5887405179374
-1799.4858409324859
-1835.390334335834
-1591.283921958932
-1604.3943620129776
-1838.2048168818555

