-14825.181703787122
-13038.308112790783
-17605.122169060945
-14074.252919246937
-16510.359661464445
-15711.007626895933
-17810.00894448423
-17525.664878302254
-13631.90842988647
-17649.652796319027
-1958.6328291577347
-1884.0227988087213
-1718.8210490508745
-1687.8965176928868
-1520.1154398071972
-1684.8465080112169
-1624.3357297664588
-1724.7638045534532
-1782.026327716863
-1472.017555466801
-1603.0193652973405
-1683.1680014000665
-1972.4075958081821
-1582.7515272699104
-1799.225913715699
-1522.0769808609161
-1557.3865290793583
-1594.8969076559897
-1479.777832600138
-1508.3198989452449
-1860.6049286224534
-1682.2635101504382
-1618.426322722813
-1499.6065061479092
-1540.8592423579303
-1474.5753610625077
-1338.7852791059483
-1335.6000956923797
-1371.245545243849
-1440.577428361798
-1585.576260304023
-1549.391114429236
-1572.5705379899782
-1500.4644237522125
-1572.8731837195965
-1637.7832979260143
-1843.8188146973612
-1377.7327724235406
-1462.325232645868
-1640.870347257067
-1544.6209707551725
-1663.228539295575
-1392.9450571596644
-1544.4391662434753
-1546.5491127013788
-1433.5098535410375
-1509.4075481418347
-1440.268439301879
-1533.7240301209315
-1569.4324359650452
-1734.177490300173
-1376.5372974687077
-1519.8881843543413
-1689.1441692514666
-1497.0243164696547
-1403.6039531177466
-1486.2656240685023
-1372.5578382721105
-1313.243491674452
-1556.2027388390125
-1284.1700332167675
-1666.0546195588752
-1511.3285676731452
-1430.3719689545658
-1500.5822604910109
-1524.8566075751182
-1285.5291003335053
-1472.5647151656894
-1550.1376161909077
-1255.6396894581653
-1468.3895889771593
-1409.4014755232718
-1269.562930736474
-1370.4218910279299
-1617.1668699146992
-1443.7369066457456
-1310.9459505571886
-1390.2383081662874
-1367.0466445781137
-1319.3199908409629
-1554.4931171261128
-1247.016652162063
-1464.390639473083
-1425.2069650854792
-1322.9179078066718
-1469.1068689708352
-1446.6591280678565
-1270.6054960592187
-1262.960512688385
-1334.7066818555684
-1368.7225361468456
-1326.6914225363616
-1409.2922938606553
-1382.597611191496
-1419.2084544647553
-1392.4528776188372
-1325.6028512409212
-1223.4257599397795
-1325.9806701869795
-1295.761710645658
-1339.6538416465069
-1392.4537945163556
-1624.474647824087
-1533.7064125262875
-1524.6084583668082
-1588.8350942081772
-1314.9739825003762
-1434.4888304578847
-1324.398912623612
-1424.0572655012913
-1403.5098937041614
-1608.0587846974722
-1253.2898310150288
-1436.17913041161
-1236.644454847642
-1521.8106695847146
-1337.2799729505502
-1348.4664518630245
-1390.769337162551
-1324.2324197107378
-1265.6154586266666
-1344.6465623749534
-1395.5331393440401
-1321.1628324744602
-1210.458191578037
-1414.5516946571934
-1342.786954188661
-1312.6837206760417
-1431.481400208927
-1552.2224877955214
-1384.9758233240436
-1378.0185535952608
-1409.823861581692
-1317.2945500826945
-1148.871591667429
-1294.5502880493175
-1251.3422526886418
-1531.7920224472628
-1501.0032459619936
-1551.8595029657363
-1398.0827174091894
-1379.86844585886
-1656.9136431982367
-1605.1779979501769
-1355.7218124447852
-1321.5312173829766
-1412.1247190502859
-1484.1638844174531
-1216.4854219846834
-1519.0604091028936
-1284.8763589400862
-1493.9255119585887
-1339.3819216880302
-1679.1176677758126
-1448.2525496190356
-1344.1340040382352
-1396.3439381953588
-1217.2927181683854
-1602.8969174406784
-1292.6084010305003
-1250.154741406469
-1253.3873084313918
-1501.7830221517395
-1404.1743675965615
-1381.7663604010086
-1433.9292699508717
-1476.373739270225
-1435.5724487716282
-1287.9866846300063
-1440.2492113368735
-1406.9517905728253
-1329.511552238706
-1479.2625937896391
-1333.4564360966845
-1336.1003368016236
-1299.4977374848338
-1385.4956310026678
-1253.0851188067393
-1129.5614068976843
-1518.6405433989535
-1316.0554908055603
-1471.3222179529535
-1513.5114936182617
-1417.6241927888996
-1312.009417446466
-1361.4191042419832
-1443.1306963779407
-1439.7468654791564
-1490.6474418852602
-1276.7549212593105
-1167.5640860473802
-1516.825323284601
-1434.791069230479
-1344.4602155567038
-1266.1905739117747
-1416.098398040289
-1274.6652731046015
-1518.7761602281519
-1203.3930004803567
-1251.0957158414706
-1297.118278757177
-1299.6559358781208
-1453.7497257386785
-1333.8051799957798
-1285.4644368044292
-1495.7828354162139
-1203.349350433476
-1217.7340442783614
-1524.327952316784
-1400.6562777736863
-1257.6537360831692
-1403.2186541280812
-1345.6235897482884
-1295.2188569841594
-1327.581638220032
-1377.9177927831322
-1365.7172174995976
-1350.3332652861811
-1262.4851290689587
-1312.0858333740298
-1288.0021983957208
-1414.51661968504
-1350.2495609580924
-1415.123163593564
-1394.1513384679843
-1507.9007029828801
-1414.9494167218884
-1463.37132631744
-1532.506721389774
-1365.8790543493478
-1408.4467970054604
-1623.5286966045842
-1156.4384088983359
-1279.275447617738
-1089.2788882457444
-1302.0561447066418
-1363.2072121799433
-1239.7964092688997
-1346.136114642317
-1320.4070487139243
-1182.0086585402414
-1341.3892045479924
-1280.975839491476
-1418.3322897862747
-1213.9031843857767
-1164.448082249747
-1326.4473050250153
-1287.8242927423232
-1193.9227561496482
-1218.8317930952649
-1224.508508330363
-1366.6209509316552
-1315.0252465488559
-1157.0242558794441
-1280.769457100655
-1423.1521948700392
-1508.3418468362001
-1215.3683813604027
-1310.945805209385
-1349.655489467371
-1275.2284828596385
-1310.9984550746478
-1241.2950280363968
-1506.8970989303398
-1452.758817207171
-1362.6377054766772
-1442.1805368288951
-1571.0275228813352
-1186.6263888833992
-1365.6339545025185
-1276.7782112976045
-1369.5668707532232
-1478.5311163600948
-1258.8595340316504
-1220.622117179765
-1292.8210757093811
-1175.3578430568812
-1248.8325118353998
-1262.1678492663373
-1271.6695804410117
-1306.4918942380432
-1465.3021712299444
-1267.8098292237169
-1155.8942893052283
-1078.0294921394957
-1216.2059358203812
-1324.1724008149336
-1321.941624511912
-1212.5359979517123
-1369.5140835851566
-1269.8002081405152
-1147.4182097061291
-1315.6446354545424
-1517.9658539189747
-1325.4227338038238
-1354.6846875666163
-1350.3357079208727
-1378.1293276001084
-1543.1176292192115
-1449.8552959528247
-1420.2672500168517
-1299.276075944163
-1411.718138744966
-1333.2070501956262
-1349.1482697214417
-1236.7346317102406
-1499.6918278894436
-1494.0200748086822
-1315.458268808129
-1172.1945831996732
-1716.3811000278297
-1198.3950120441232
-1414.7618452769746
-1362.8406874725329
-1290.2733503094535
-1300.351674080796
-1353.3093301449435
-1200.552479786075
-1575.3164244886395
-1409.801260622078
-1363.9088102256273
-1364.7015384942388
-1284.059706907598
-1435.4228627043572
-1456.227259455878
-1245.356372937565
-1419.6981302230938
-1317.4114263958525
-1357.6873866213753
-1409.739135682238
-1186.4396490387278
-1301.9140768975383
-1318.1818461560356
-1334.2675856421138
-1243.5470214320828
-1347.575912205474
-1306.1444995769173
-1238.429888317812
-1255.55956037794
-1319.210875986189
-1301.4032991437164
-1340.7140409675067
-1479.2060540681805
-1385.4653126261
-1250.3746342876466
-1377.9453158998137
-1427.4258939967444
-1337.8805938682083
-1414.2649162739826
-1319.2815619757966
-1406.8727430667905
-1370.9122385564594
-1251.2965046468832
-1064.3058162715352
-1232.8193401118397
-1511.6057285680292
-1318.8914345861951
-1259.00254238038
-1358.7594537243651
-1294.5493574539537
-1315.2461482367626
-1200.9648238950938
-1420.053701924704
-1425.9163562088663
-1253.3061877216712
-1142.7008194961697
-1472.155286180412
-1520.6798480884993
-1229.8402274670982
-1247.3512049384155
-1198.0161517359143
-1298.9805987900136
-1362.5027285963515
-1393.06130899302
-1279.9704359718826
-1269.4650153699633
-1428.8643458733038
-1356.0945998768766
-1200.5582168905878
-1326.5273331019378
-1281.5368961118174
-1334.6066000474611
-1491.4474623435062
-1344.5767710684079
-1523.6801084913152
-1312.6655091604
-1243.0593932564075
-1265.6793361606572
-1347.6568323256597
-1301.3276085662897
-1310.7254108911286
-1368.3984449620348
-1310.425485225337
-1326.7143303327048
-1227.2458783136233
-1282.3937013878224
-1413.1444486953478
-1171.5922901009235
-1431.8363525836335
-1270.8996043082732
-1178.3011416969073
-1308.5155971555796
-1393.8814110138676
-1345.1497740705472
-1232.553444680341
-1218.2138224032883
-1211.9235357413656
-1352.2913899579855
-1394.472809740936
-1330.690222523332
-1341.7278913112007
-1179.194212151502
-1325.5680774788125
-1275.4655539202647
-1325.4622324982167
-1629.5356461884521
-1442.172271715114
-1259.5962349086549
-1328.570816591512
-1328.4724991923958
-1360.0987239515252
-1156.9287238112242
-1703.9003700093144
-1503.1465376516421
-1207.0850427491525
-1203.3369269335337
-1378.829410275137
-1263.6450878962648
-1334.597146688737
-1422.1775262569884
-1388.7668959782836
-1353.9029665775952
-1392.1406408026896
-1237.4782533330954
-1227.2703646519092
-1206.4946889590822
-1351.05095582677
-1290.6613145540246
-1253.5159248362284
-1469.043159770863
-1217.678608545761
-1527.4620244149419
-1142.5313217150858
-1393.0020031249612
-1386.3387435358661
-1435.9929454535104
-1551.0589652975616
-1379.1102453514468
-1502.5106276958286
-1433.1393345994293
-1255.3242506518432
-1242.9028747252182
-1593.1602074348257
-1248.6176708472137
-1248.402906009248
-1411.3419961309671
-1360.508424457782
-1134.9009331139466
-1397.5151761120296
-1135.8327889995005
-1193.1863258181606
-1337.1171614128652
-1401.2022237420028
-1623.536204770944
-1461.7682025626095
-1459.7467145230871
-1376.3603808498056
-1403.5880679107322
-1123.510130053022
-1468.5736104371204
-1343.3756863519689
-1662.0123632080126
-1357.958862356677
-1496.947743857976
-1365.203829720682
-1188.2763766194184
-1213.2172049896633
-1315.950492129591
-1380.2733233152524
-1207.076316965948
-1324.3050643781032
-1229.4730169738696
-1269.9791768297782
-1296.920875878654
-1327.1572196932739
-1192.0557535777082
-1148.2791212241737
-1486.2525892509148
-1336.6889984581721
-1390.4130725656662
-1252.5525230162486
-1155.9826664253308
-1212.5179704622262
-1437.1928546665904
-1306.5127065677505
-1247.8699446838868
-1551.7078855724258
-1258.725754852332
-1317.1441909524992
-1337.354777696793
-1242.6802427272996
-1237.6336657040686
-1174.2893198332295
-1187.94448581935
-1414.3833193971443
-1276.0642068150419
-1286.7266861587677
-1166.629707136194
-1392.9718299421365
-1154.0731183047674
-1436.1472999410053
-1317.699174591173
-1220.8065461230235
-1477.55758178378
-1289.5865374128607
-1303.431719351851
-1364.031421558274
-1308.3959721466836
-1369.6770633637807
-1250.6221704395762
-1329.319752167375
-1287.6616739460972
-1364.6979415215415
-1352.5048109638785
-1319.2211713056147
-1239.5219105326364
-1299.4705035703746
-1186.4218026469264
-1281.5114201107453
-1357.006096810252
-1428.8839940780626
-1276.7330493436348
-1261.194299058035
-1346.347925135031
-1463.2488328257084
-1265.6590492807964
-1270.1220373099804
-1208.0488631551052
-1258.9492583349893
-1224.556580212839
-1363.6875234437625
-1231.538301973504
-1323.594770290417
-1248.5563431609114
-1442.4468940853342
-1443.5273900256243
-1269.8735852442196
-1288.6730194458596
-1368.3695871743707
-1412.1630206255832
-1286.7642656481817
-1298.942794205644
-1454.5005707702144
-1497.531768057748
-1489.2925373065164
-1333.4552741964203
-1411.9475437407832
-1288.9652409727144
-1373.2534170348176
-1400.3413776773234
-1349.0259492689188
-1115.1152953344988
-1230.4696653565761
-1350.0337592579804
-1228.4702237028723
-1282.6847430929383
-1290.13835726539
-1403.7027428472782
-1525.22347869439
-1302.1677515711972
-1227.9621778821725
-1253.1787472571007
-1146.089677212243
-1406.9904345005352
-1409.7883396297912
-1370.1593415350744
-1407.0202296781995
-1282.1311022477853
-1477.4672903374578
-1246.4453034212065
-1193.8982463485142
-1211.8242531557814
-1150.821884263519
-1483.255665383232
-1344.8648417953436
-1342.3761141972536
-1139.3084787677342
-1329.8246462262375
-1178.59661370271
-1370.9921877507343
-1390.8829170496638
-1518.8466542351462
-1416.3464510984295
-1365.7477218689949
-1192.445049495091
-1243.6851425568802
-1411.6131930636684
-1396.36953038848
-1433.129760205782
-1269.5237141110324
-1338.99531860327
-1218.8434472056194
-1240.482506369378
-1347.443146127535
-1137.0594668080419
-1216.869834626342
-1240.7921763729958
-1119.302672485309
-1289.9902635646858
-1207.7577650596436
-1261.5557715743034
-1327.4978745883009
-1266.8711157430705
-1490.1051321508858
-1274.6758714397283
-1247.9428468225633
-1307.8223751322732
-1385.1966791170428
-1467.1802074984794
-1304.5909842556698
-1142.55939005619
-1276.1344812628524
-1279.427331545623
-1193.6468607782451
-1402.2667719099227
-1301.3487826129133
-1326.8146316269701
-1252.8691541804883
-1280.0308177490424
-1240.3503206753087
-1353.5943140368302
-1248.5109061493426
-1256.4441758994408
-1228.6312443430459
-1325.5036896933216
-1334.55589487559
-1191.9735524836353
-1246.6155764235436
-1224.2697452989912
-1095.348260853985
-1322.9504855651214
-1289.8750486542363
-1289.177827902256
-1357.0073341731077
-1228.4369051542033
-1197.559492282544
-1384.756462415002
-1393.9940891939673
-1210.9433546059227
-1329.3194736981256
-1576.166274077639
-1346.794929182492
-1184.805352559131
-1280.2528654478979
-1420.8219331663636
-1283.2205593777712
-1185.1601756631746
-1397.9717591718472
-1223.4485207998075
-1224.685475615248
-1345.5434710032505
-1086.0944512750882
-1360.322244147009
-1193.0422557598838
-1296.9368704198423
-1228.2607019723366
-1284.5270255309265
-1283.516356565807
-1381.0648010665695
-1256.9976582406819
-1238.341992096597
-1322.5804796573673
-1128.3723284950959
-1389.6535727787423
-1196.9535899705631
-1297.9610154982768
-1277.9922431893858
-1115.1728312914395
-1365.6364749780041
-1118.0455747792714
-1109.8980964090727
-1361.6933484166436
-1203.5145401888738
-1211.4108936083446
-1349.9830988772474
-1130.7204418487943
-1276.2479650929324
-1325.9872610922175
-1301.5937754011939
-1101.4778063115325
-1461.1339172993619
-1230.7817321469283
-1394.7417094377831
-1160.1395023143718
-1198.080955953562
-1312.985227980951
-1327.8149947644238
-1324.2697417001189
-1248.1506619995835
-1205.610063919023
-1297.823742820764
-1249.3700506334214
-1161.9970895148228
-1253.0596987582371
-1486.7658660557058
-1230.8232329941122
-1295.0770197210359
-1257.6713711254308
-1115.6179642928978
-1250.7817785712555
-1192.6831688724185
-1288.4281786622478
-1402.6706904272933
-1278.1809736762739
-1282.055215605636
-1216.1773949042683
-1270.7769311031393
-1315.0463779855281
-1441.0683839201104
-1221.9466089605355
-1028.7942054733737
-1271.5365546920386
-1366.2430679696204
-1313.6887664857604
-1194.572848216555
-1165.1196039913866
-1173.1177724427614
-1268.1305044707483
-1328.1394475915233
-1205.7782553594586
-1251.8042676164955
-1281.4300875666431
-1415.8048302758414
-1256.7254669259746
-1168.0113626079872
-1362.5926392640258
-1298.394310255493
-1173.0406982347047
-1216.316837727192
-1412.9767503226417
-1400.3296014152138
-1339.1736969286742
-1312.7183927017281
-1469.2467367922764
-1308.4884743854968
-1123.060300156415
-1384.3448347431029
-1142.2905349178661
-1199.1628660728943
-1333.7075295881925
-1209.2433035532813
-1333.9838657553737
-1274.7220103987127
-1279.977894097515
-1265.0592208397718
-1622.3783242098136
-1251.9386107431526
-1132.1260774315624
-1235.882311902039
-1054.335881872852
-1117.1247920814064
-1400.014596321814
-1340.823144661847
-1167.0691913145863
-1381.1175913178863
-1289.8922560894152
-1372.4599093859786
-1305.574569656379
-1328.662626377525
-1253.9957286955919
-1081.314532688097
-1232.6083369651635
-1241.5974608641845
-1288.5598790761478
-1174.561238328738
-1140.6158584277644
-1227.2217444383348
-1114.636982798623
-1347.6424956130186
-1191.1910241709452
-1385.45893366597
-1242.4436779934185
-1224.5027988709794
-1384.0976664265033
-1347.6078873957638
-1168.2503103529336
-1329.9477705883628
-1263.8824287617258
-1231.8378559224548
-1095.9382807345864
-1350.9726113278207
-1341.4971186174037
-1290.220015310789
-1183.6544682304857
-1316.0972819231429
-1183.7951392462837
-1172.2983417221917
-1231.9696873921537
-1235.116956804597
-1324.9300814812693
-1281.5787536966309
-1228.318759505173
-1402.3182501167912
-1316.5857550734122
-1257.980199650028
-1327.5669467023445
-1235.7066529914287
-1299.6099637618395
-1257.2542874924857
-1211.5789704362658
-1276.707368475395
-1231.1001156214695
-1340.960810537073
-1419.9131848704465
-1338.8966648310534
-1225.7931359892227
-1277.5435440063477
-1505.6631935254838
-1287.7123687587966
-1364.0956791839524
-1266.2230933370627
-1196.66455643096
-1329.2937806452471
-1412.1584760206913
-1240.0331244561921
-1280.4900261218872
-1235.0475080724973
-1311.5832790817904
-1298.952444572913
-1137.1826198727485
-1237.2081350945798
-1308.583235621475
-1435.430766908919
-1254.9018035512477
-1480.9581493998207
-1281.1428807752804
-1308.7867454115888
-1444.7054633219004
-1315.7326795504002
-1291.6567531959
-1084.7010951586553
-1318.7075572930335
-1387.9815652609987
-1281.1841973693236
-1230.751833743
-1288.658105962022
-1241.4429788013422
-1310.1514163177237
-1228.1965731182363
-1257.167467111061
-1337.4321571048877
-1253.0144407542093
-1283.30890622344
-1355.6910542466392
-1233.9742810728135
-1220.8777582358941
-1241.8464218654296
-1234.483663249147
-1267.8057306202836
-1290.4214479094576
-1180.960749271673
-1266.2861305730748
-1299.9313474518003
-1203.1493193835988
-1261.591183536276
-1243.0088893914592
-1275.919860289701
-1358.0195222786685
-1318.3923945324013
-1374.8671649094554
-1291.5074412819129
-1304.3159165150212
-1287.252415238609
-1266.6844077914957
-1366.524850120174
-1151.3295524233051
-1209.2231317579917
-1257.7006564020048
-1222.9962524428981
-1267.9940530863314
-1349.5529156255752
-1275.9250014385834
-1325.3835973393157
-1249.1211141279973
-1340.5453833388706
-1261.960287443263
-1130.099754544303
-1229.611076235893
-1221.9658214977715
-1306.7230170189596
-1303.7155022711459
-1345.5647314122382
-1218.7043496551432
-1348.8087015531817
-1289.2031524568047
-1230.2425349730474
-1272.187612142523
-1281.6250467622963
-1294.0499464667737
-1244.5938741817001
-1200.5579537136116
-1194.822427706763
-1185.9899194598638
-1241.9676026548098
-1181.794093711158
-1302.1542977134563
-1094.5597392314664
-1338.9135779259504
-1353.5218882654283
-1428.7751118883798
-1558.5662697329442
-1385.4082062174728
-1260.7707208296836
-1405.8754443635337
-1269.349396581702
-1192.3815295448046
-1346.4267432785464
-1421.2205550298222
-1194.7117075326169
-1173.5286836955354
-1313.3732494598087
-1239.2117516987403
-1120.4081977168028
-1169.1627560951197
-1237.7033875242687
-1173.0603904615211
-1324.9514802614165
-1273.9241541616002
-1314.078252002243
-1388.3924819307708
-1242.9562138277086
-1141.223259265317
-1199.62186479186
-1268.7822734579158
-1379.5898517092837
-1415.8919823730232
-1250.5121606066195
-1171.2604877676117
-1113.7749897624526
-1205.2849672646244
-1391.0684974504727
-1109.9730042746426
-1096.634748944029
-1206.2912067359691
-1174.7254891652324
-1380.0566315046096
-1365.8373945274357
-1379.38949003475
-1299.5647064012664
-1318.2364891106513
-1265.9504742569266
-1296.9502159090148
-1377.4316176663644
-1177.633587347675
-1270.7401055188113
-1361.2453480418571
-1252.880198251276
-1294.4825385660824
-1057.220174598342
-1120.9523128075557
-1277.1809539434232
-1163.1918602782882
-1240.2788849445126
-1206.0071798333026
-1144.9054029507522
-1249.677910581966
-1159.835083166065
-1246.8782462285326
-1166.4842392027142
-1107.377666244982
-1166.575324038936
-1185.1391746628703
-1215.8865815176757
-1297.7936579329057
-1398.363715639577
-1280.469444244608
-1212.3776147529077
-1207.4836564046764
-1274.2074545513715
-1192.1568054693735
-1375.9527764970003
-1285.429270736914
-1547.9432692341616
-1177.6731132166478
-1174.9287341213399
-1172.1603635971794
-1247.7924442520705
-1269.2207818991812
-1104.771055924058
-1272.484427994342
-1285.2457033008668
-1396.0628167861964
-1205.9711664084352
-1147.5887186997631
-1254.0095971873127
-1135.2657646567684
-1298.9234490428814
-1284.1124565499179
-1221.5821465688937
-1170.6087111024872
-1281.9791800085172
-1314.2885851860256
-1101.7866131670835
-1157.143310265895
-1260.7449516011347
-1203.448897357847
-1072.7853048384725
-1187.1580089883453
-1256.3777103357309
-1234.790042741968
-1346.459107993667
-1312.908686138494
-1228.862321338817
-1322.3850047340443
-1372.7948439127945
-1136.5529458655037
-1300.3768505284304
-1351.8706109861141
-1206.8478615012373
-1271.5493200354292
-1288.0995505952915
-1222.6113603069389
-1163.4445143749442
-1288.3776901254118
-1293.0403983352596
-1510.357828896799
-1466.3674104659208
-1282.1106988951542
-1083.3479984424541
-1186.7102237653924
-1199.6426764470327
-1089.9496576626307
-1216.620612983772
-1136.9832337809826
-1437.464806194175
-1322.6122982004288
-1277.6430434535796
-1209.6047541942044
-1178.5527588386947
-1196.1296466397932
-1270.1631721474573
-1396.0226718111903
-1333.6071394802157
-1137.6971873348023
-1221.485116630024
-1406.2649062575613
-1355.7900313279897
-1345.245862108245
-1237.2405409398177
-1044.5878064825088
-1219.9444772415814
-1226.5846750492956
-1400.5723029132432
-1250.7136996705358
-1125.4385605457398
-1185.8411904598786
-1216.2078306499034
-1303.1505831799886
-1310.718020217573
-1269.9676174371452
-1144.1343688687562
-1320.5533375597215
-1338.1199614635898
-1243.4776844960518
-1125.7555003328625
-1335.498836889908
-1318.599608182024
-1177.6459948099496
-1167.6022815309043
-1157.5669964053825
-1229.1945818457043
-1398.0372783283892
-1166.6970548079803
-1152.8874098014462
-1187.0194556864014
-1444.3075604867386
-1318.1677396788627
-1272.5109154132203
-1212.1229518601144
-1249.4426062050088
-1190.2268090170535
-1216.7038379006908
-1232.411306291342
-1222.0532004203103
-1176.3200258161557
-1213.7858478504666
-1263.8280799856411
-1175.8435818150974
-1182.7117968120986
-1227.4005334068297
-1300.2238611239327
-1262.9428616687496
-1155.6645309739188
-1206.8925995111508
-1236.6670526868747
-1236.5663260187496
-1293.0585276958873
-1262.8081735538192
-1285.315016463153
-1279.618392125741
-1236.784137986304
-1148.292274188003
-1177.3489554011994
-1252.7246469481606
-1349.4903527275458
-1314.9380622866804
-1270.8383831571905
-1296.6891802622822
-1237.382133455857
-1151.2938383926398
-1268.7636368934354
-1180.1582339311374
-1189.8484989386661
-1261.5566016471355
-1146.8709226266806
-1342.3130468202853
-1200.9070653377883
-1241.9481068227763
-1117.2179190443394
-1213.7794962647056
-1190.6133590376955
-1088.597699830091
-1286.4876569002013
-1324.6472375893277
-1216.678589516237
-1429.3099220435322
-1203.346627606109
-1366.620166642418
-1249.5650510009493
-1177.0313210264783
-1115.9247974639165
-1095.366313352267
-1142.6025246616725
-1205.2233539357574
-1256.368644305409
-1212.8367484990213
-1264.7309128911131
-1085.0139952206132
-1061.6563622347085
-1267.6109769780999
-1305.6252369019721
-1398.1296473755986
-1186.3581858817408
-1326.6338948378034
-1307.5115206950222
-1216.1188964626272
-1288.5861641483082
-1144.8964985252376
-1258.3284454153109
-1423.4591091780385
-1325.8296233932342
-1166.8079220080424
-1318.484289031231
-1203.611100017272
-1275.5600857058118
-1285.584985049119
-1315.2513601534713
-1356.0752638175738
-1047.6558554049625
-1298.3083315500935
-1226.3634957702557
-1202.3366361063524
-1358.8816356269895
-1197.4757369463412
-1531.2960857375037
-1247.1231518677446
-1365.220897684354
-1281.3962952808251
-1098.6332032969729
-1447.63487150206
-1219.9559471209284
-1242.2190169932037
-1198.2770665760177
-1204.1690318535839
-1272.4785045451388
-1399.1181198030254
-1165.4687794101526
-1301.436677142763
-1376.8371239352418
-1360.9955714962894
-1324.5760519210803
-1217.6427582618944
-1231.8470222301896
-1187.5601479603079
-1314.1702829974852
-1237.4292710793507
-1316.3708483507312
-1194.4803474784956
-1216.4908028807315
-1347.7123651405252
-1232.146983136564
-1118.9654437510371
-1179.8632604126374
-1192.7308297930617
-1305.194968993129
-1136.215882804351
-1247.6128042299958
-1337.306078203256
-1487.709291648807
-1335.1185025938385
-1162.6311292533962
-1210.9730021896175
-1333.5682502051257
-1318.2125023040774
-1324.5899019232738
-1333.1170015799382
-1260.495820551374
-1193.1545756843755
-1339.3329169962742
-1275.4906718809789
-1244.9965773213648
-1181.8518357221162
-1117.0823111173484
-1144.0345215993339
-1349.600434014493
-1272.3792471845838
-1202.5100551991236
-1320.4516280750713
-1269.406104823147
-1337.7958667437142
-1396.2906645216808
-1157.0031871481242
-1175.5103108141973
-1138.4887539509389
-1241.3185025977891
-1249.297509693202
-1265.332500645796
-1168.5021988462395
-1302.7461939138739
-1231.176447755733
-1095.9864368795331
-1256.0975362989766
-1218.7108403638297
-1352.1274462643769
-1162.8757676902778
-1263.0013177348496
-1205.913794924915
-1250.0037632625772
-1289.6788432373783
-1270.7999063195725
-1196.7230281968023
-1267.7079098225145
-1297.6938401485897
-1303.5350787610396
-1417.1322479960627
-1258.5022551644079
-1236.8649915121994
-1096.945493030702
-1246.076965988885
-1268.0884565571273
-1209.4132314004928
-1337.8347509824587
-1263.5771702379325
-1335.3616059740743
-1263.0691393532568
-1318.5001327944
-1090.5488943016926
-1285.6112903411356
-1278.4581751252936
-1284.320835374343
-1282.8310437076075
-1134.6415782814383
-1235.0983796234823
-1178.577941757154
-1231.3421867912052
-1195.1032328612516
-1201.074529194661
-1161.378175692649
-1134.076253048592
-1305.110378736396
-1334.1091977018086
-1249.711628218912
-1219.9832885715118
-1169.4396476630836
-1180.0816628224368
-1142.9095702705793
-1198.293156301718
-1209.8382850458213
-1204.535613042167
-1267.0769152138575
-1187.6323188786862
-1181.2099570009323
-1143.4649927561456
-1311.0691823883094
-1353.5135415187924
-1201.2499647593522
-1236.9944258390838
-1275.5267251447628
-1161.1998792708082
-1301.927247629818
-1184.4987397809675
-1133.6667939072368
-1258.1382980571789
-1342.5690740483333
-1312.0225260603631
-1245.5182496628163
-1230.4640547396234
-1202.2124445055301
-1165.1434844599578
-1173.8104893174334
-1177.361594652863
-1204.7698213638303
-1209.2257250982389
-1249.018293668666
-1384.3455763056522
-1122.7444758837437
-1233.0162997663847
-1090.0815750624738
-1260.5786228028046
-1461.1337774406015
-1278.2351145009925
-1225.1724237122128
-1434.3379853299207
-1339.9658348070068
-1432.5639158133674
-1248.84359943069
-1238.0168048106898
-1391.4351458415356
-1258.6071233162402
-1133.151777931239
-1461.0036972193552
-1214.1285327306264
-1192.4121292005163
-1348.625384691592
-1206.219819330391
-1211.1492446203251
-1239.4667941777227
-1171.1058199591862
-1204.59104273505
-1294.125904031715
-1140.8104410356227
-1107.268158871467
-1249.150497117658
-1645.8878426043968
-1161.6198560892838
-1152.8646297032774
-1249.6342292854297
-1104.695082389989
-1204.4503530515108
-1263.704928481244
-1158.2619009240498
-1218.0457690498388
-1254.0946205478022
-1289.1719464633888
-1234.6138787464886
-1167.5171830882628
-1263.6188789722928
-1221.9649630592044
-1202.303342374098
-1145.9885391862606
-1222.3160208918696
-1298.2356392518166
-1167.470867547862
-1322.6587905276813
-1217.5728279432512
-1183.4538417163658
-1239.954087253559
-1338.2103235258364
-1133.3566957873975
-1275.7421419726682
-1224.3044420681226
-1150.956920862898
-1136.658940584707
-1304.0337433589752
-1425.5917396804462
-1260.1193270430583
-1367.4549095240345
-1312.4383374196882
-1356.7519543889237
-1320.4939264117256
-1112.0116058155522
-1273.4223765704755
-1288.5617408803666
-1279.7335565812684
-1285.762748248805
-1249.409306735567
-1252.0501196455862
-1270.622314272281
-1231.0981242861278
-1285.3951425714713
-1124.7856761251699
-1276.1939956328465
-1418.5272619597058
-1313.0352708633204
-1325.7339576442673
-1337.6696034324896
-1383.624019347395
-1431.8209265989708
-1141.6751325901992
-1104.4720588455625
-1387.1494376989467
-1199.1813998624682
-1332.9654340787374
-1166.8156373179465
-1342.0432157471107
-1223.9294985076074
-1262.9026398439073
-1288.5184774225381
-1168.715566483458
-1396.3765092031845
-1278.2750435672776
-1139.8316262523965
-1204.3629552870734
-1244.715133484266
-1394.3585297443108
-1316.2637980853278
-1254.2638516008255
-1189.2183797404712
-1359.0966630632493
-1189.7156497810818
-1127.3821821905692
-1206.546854453744
-1107.1109249325882
-1248.4863710152304
-1328.8939324549347
-1093.3900671801537
-1206.459750561937
-1245.2717449941717
-1222.6899649886916
-1219.514982672361
-1272.4195239540113
-1233.159346706172
-1197.5767429922553
-1187.5747244341687
-1217.510918184466
-1335.180226608203
-1179.8448974590112
-1327.9472028350428
-1283.4107433032257
-1305.151282371022
-1176.7555789657852
-1191.033654807134
-1192.0208632591975
-1346.5023637390277
-1174.854001929647
-1217.730676055351
-1145.2535160488555
-1392.1606107914424
-1237.02986408376
-1232.3017038080498
-1126.5363186464435
-1313.9383611365047
-1278.4493130521191
-1342.2217084433123
-1251.6419262147683
-1383.9836052502887
-1236.6877247156967
-1170.8031006827866
-1202.5300708306568
-1449.2440438435983
-1333.4804873230385
-1333.32428300739
-1137.0384903259987
-1107.3998365664768
-1273.3562425395967
-1218.2176863193238
-1391.1292770028588
-1230.1142339287205
-1375.0115278419107
-1242.6440123513369
-1082.2876240283488
-1268.938948629837
-1282.459881566809
-1273.8720871250957
-1294.2310581693791
-1319.106007731325
-1355.0526872262708
-1319.4704050139871
-1242.5794983496298
-1226.9142534244531
-1296.846610412502
-1273.4104389137829
-1167.2742212579524
-1242.7920699021695
-1269.5764307847364
-1351.1652340128949
-1219.456692014696
-1142.3642318097222
-1183.6967447392335
-1310.869126905185
-1362.8088362082763
-1227.3774308585669
-1321.7882843086209
-1141.088283230234
-1238.437684596962
-1266.800141882304
-1293.9505195761553
-1233.90602651085
-1268.8933111271501
-1211.9232654723319
-1357.4073876127272
-1182.353245029338
-1111.2456864407245
-1280.208508781675
-1323.9676679458034
-1308.2302114501651
-1304.4746326103054
-1247.8812213785918
-1222.164316100623
-1379.0325154707114
-1199.7513179076584
-1189.8505753201694
-1303.1312577395959
-1144.2265420651274
-1162.2979529698557
-1227.5041881823831
-1049.9775281762975
-1320.6338883368592
-1243.7524940186577
-1179.1018806271165
-1107.3312448948116
-1190.0334625094144
-1236.3003152426807
-1181.1977540729968
-1173.5899941723308
-1129.599852983057
-1197.5055656954785
-1204.2235409204638
-1058.184460778651
-1271.1584273556646
-1221.9191260532907
-1298.6694941899761
-1277.393986014256
-1338.453343842268
-1238.3825072524858
-1160.2070809156594
-1284.5750413020917
-1146.8091100084011
-1158.8801677005958
-1180.8687860890466
-1242.6242771144412
-1197.6295715434374
-1159.8989135529282
-1341.881235387957
-1243.1098417223477
-1385.6307832196799
-1241.3990557330644
-1217.8753829069972
-1374.1852208684766
-1124.1629779707991
-1246.2115475159885
-1350.2951607515174
-1254.4365712277552
-1163.422678821611
-1188.7209166401499
-1172.7109823228463
-1229.171750497646
-1333.9887746380136
-1150.8536710621613
-1283.723489367496
-1112.3289563786761
-1311.697375351246
-992.664929992752
-1180.589846179814
-1182.6072360989406
-1133.4304099209135
-1426.3322847109791
-1445.709414481786
-1200.126491064988
-1133.7775542408006
-1171.6205197922934
-1278.1372398736644
-1320.6682462686736
-1121.665963342471
-1158.712327447821
-1312.6319106184303
-1276.2235220920038
-1165.3836314556
-1317.9538434886517
-1314.8531929856654
-1290.4982491486005
-1116.9584850279189
-1249.5032978119489
-1248.826749152474
-1336.3628558252888
-1233.7519865214292
-1310.1399999649402
-1369.068760066233
-1194.279917553906
-1283.5791696333945
-1220.124885070398
-1119.9336006572091
-1289.1250498244435
-1228.395129206374
-1245.6955671675078
-1236.7461013833738
-1166.8338804296875
-1236.3573294351577
-1190.155581684037
-1211.8898960755084
-1295.2942179696063
-1388.8747561103683
-1449.8850121999185
-1310.611828700921
-1176.796207964546
-1202.018777730275
-1274.4153976573716
-1171.6164440403845
-1284.529914748602
-1262.6267852118458
-1281.528812831879
-1224.2430569346332
-1158.0539636321764
-1250.0571661617164
-1292.7008510119429
-1230.9358873168308
-1333.6900855798785
-1121.906138965914
-1235.3597155444659
-1302.6780690894188
-1232.661379186118
-1242.740518734643
-1202.9295906307036
-1209.2880614723433
-1208.3207115391012
-1342.3764455390226
-1376.763007105654
-1241.226228707223
-1231.1092951497676
-1169.5756034632884
-1295.4031732216863
-1255.7304808149293
-1173.0586109203348
-1188.0161802600844
-1110.326832078789
-1299.0615792817061
-1164.996479227236
-1279.8597814023467
-1351.4524267917968
-1208.0605190803606
-1325.555732464044
-1191.0642075725639
-1186.3348550284948
-1243.9981614756443
-1262.3925714316338
-1147.326229626813
-1302.1605469118786
-1381.0695033536977
-1296.1218920873284
-1391.2137260300747
-1183.9566625080085
-1120.4188750095334
-1251.5896329846537
-1218.079010587559
-1171.4623526997082
-1183.252937492822
-1075.4410280385844
-1316.1076451599947
-1407.8051124106987
-1446.669295457405
-1516.321042816021
-1424.8360671929759
-1123.0671072910784
-1152.4228301237583
-1175.5060109808553
-1230.782022601723
-1068.9443182060102
-1339.8267909592553
-1304.0613774854853
-1375.8860244420298
-1357.831288752199
-1221.233241370525
-1204.8508116480364
-1207.2422244622776
-1154.0758231330979
-1290.4117786623437
-1210.010969376743
-1195.5064160933155
-1308.12528896606
-1316.1298769256546
-1289.540923846229
-1235.8383909256875
-1036.2433590579535
-1277.610696546767
-1210.227317674702
-1222.4551727218
-1207.1186627086715
-1299.2729065236422
-1285.3474242181812
-1305.2677330941956
-1236.1037853477335
-1126.5071853893983
-1127.1253527329702
-1274.7026810895582
-1190.4277564862023
-1217.5590361866123
-1252.9391199134461
-1235.7692248440096
-1177.949788088743
-1251.4943087069992
-1266.9761279303316
-1228.9677303746855
-1381.4165604826085
-1201.836999664855
-1300.4754429133593
-1359.6857749679323
-1167.3576113495621
-1344.3153466865915
-1257.9093995984658
-1310.6522677401535
-1230.0712053604148
-1271.5910104592008
-1281.7508395552313
-1248.7088858697025
-1252.5460337108816
-1367.454999459202
-1199.3350215834705
-1256.6124902921965
-1319.8129323614824
-1368.8173297055012
-1123.5999445906452
-1259.43861751804
-1383.8663595151938
-1284.6241682551517
-1276.8954704034963
-1250.768800279534
-1241.8411770866421
-1206.8378904577116
-1510.9184997683703
-1206.1275750778022
-1169.463081760299
-1273.6475183090324
-1214.2840277163284
-1275.7137812265619
-1275.4557165669821
-1226.6933891034084
-1260.1277720797207
-1227.3439147382053
-1223.5980507202282
-1252.8676134393017
-1171.3109571236205
-1233.3011008746207
-1275.3380096719984
-1373.8080110379708
-1278.9230584470888
-1260.9226524448786
-1244.9386352055783
-1329.4753805297532
-1302.6603739594434
-1267.62346142163
-1309.0224676055764
-1196.785478753774
-1315.5153472905924
-1408.5269675916618
-1051.561628438276
-1213.9368084614127
-1281.1870993428965
-1235.3494554204387
-1216.3818427970289
-1122.4281592140894
-1121.2162095659885
-1189.569816590566
-1334.6191788181184
-1228.7522123450192
-1235.8308301514628
-1139.584359090564
-1307.3276252503174
-1217.2368996920422
-1205.6670782961817
-1100.1098501263812
-1390.2505030324594
-1325.1762851787703
-1183.6255345877216
-1381.8264637551938
-1235.8509659256463
-1214.9961774003875
-1244.6018427749668
-1259.6937043485345
-1201.2801745833801
-1271.6814383889466
-1157.814059942992
-1359.6445760447261
-1161.3209414344599
-1238.7805644356285
-1201.2983556293482
-1193.2706840671315
-1304.8128489160483
-1339.7725460358051
-1342.853241367563
-1272.4650748768393
-1227.5198113809772
-1172.634053216874
-1218.8427301762156
-1138.2299484700347
-1437.0371998118173
-1385.8114186124176
-1136.6148452367756
-1263.7187928791827
-1160.3397767657532
-1208.6572857681517
-1231.35568847944
-1282.069471428856
-1278.8780948472056
-1300.4529259597673
-1308.877295879144
-1361.4066810206991
-1486.5903833865511
-1110.9271108836977
-1254.6651075861894
-1194.6012884794343
-1340.4868317997973
-1209.1311838581669
-1221.0622865633575
-1196.0370244377384
-1190.4867260923686
-1237.7337065841746
-1096.5332610362786
-1283.4798564676184
-1235.8460769374865
-1281.8084031894705
-1192.1253319799675
-1254.597818293743
-1296.9674481296038
-1148.5971957829317
-1251.6389718289638
-1280.2428405996475
-1237.267877317906
-1369.0103892093111
-1313.6126886945456
-1273.7823377529303
-1411.0924482721425
-1270.206728603817
-1227.4253908969463
-1144.0133575209231
-1264.3568223913342
-1183.8383712279124
-1225.5924571082685
-1308.214218816801
-1272.1888957019078
-1311.922292159139
-1193.139056681173
-1247.0716959174256
-1123.6979556001593
-1131.9312012027474
-1363.4854188629026
-1165.2288601126852
-1283.198963319212
-1243.1111206864325
-1524.8601010888683
-1102.1844330001345
-1076.3323078600583
-1316.2270007577686
-1273.4025047778239
-1252.9241187849518
-1332.1419881263841
-1290.7406763511412
-1258.1289476323616
-1287.08077726001
-1232.801377561359
-1361.0077153196564
-1255.8931361507364
-1245.246290266541
-1208.466176321948
-1288.43495533046
-1231.7329481236657
-1163.9992955303935
-1284.8774707862128
-1215.7319060398365
-1231.4562249388432
-1254.8309334117366
-1225.5902564159621
-1123.0463255981297
-1236.4611082965191
-1123.7437576379787
-1178.268623875672
-1251.312586296692
-1157.5315191080763
-1266.8657756328093
-1283.592105944067
-1419.5588215803502
-1204.71772716795
-1303.911649975131
-1277.2159978887544
-1323.0332211404848
-1107.293180157867
-1232.2823964473473
-1261.7567807192609
-1198.0637082195178
-1217.089733313716
-1203.1757297599308
-1158.5010154235697
-1312.1432014595155
-1257.6264949495812
-1293.4000773886444
-1195.3338488858287
-1372.0964836169526
-1321.8590327508418
-1228.2536151814973
-1167.7378541743735
-1204.556599032936
-1193.8143935716914
-1242.6539167904248
-1138.0719273034206
-1247.8115543210833
-1214.6494659266327
-1494.2776094738274
-1149.9046644727414
-1138.9345209485682
-1292.720128854003
-1266.2506284279575
-1234.4898386337493
-1180.1080196476132
-1136.54913237826
-1231.32206353499
-1287.7277605147383
-1177.4213999813026
-1222.141267796668
-1115.6077908645937
-1206.514191799956
-1405.150009304775
-1217.7865142170515
-1418.8115475355403
-1271.8716567746226
-1287.8834959546675
-1155.9768928130732
-1194.5716173799328
-1188.5132690516555
-1265.0871562629034
-1356.726264821578
-1307.4781922205293
-1094.9150521579083
-1274.591384569604
-1349.752951570853
-1414.598915884455
-1268.2663696607688
-1171.515580389881
-1369.0324594241567
-1124.2543722572582
-1124.6393056975278
-1312.747888890886
-1106.4775367195089
-1154.626904158833
-1147.8656843236233
-1323.5765000146662
-1230.7733830846573
-1291.9871896562681
-1316.0467046380415
-1334.8463085120181
-1167.8759916117322
-1234.5900726136638
-1199.3077481501368
-1130.473061065045
-1330.8917152687934
-1183.6536366311925
-1335.6563809012455
-1250.1401804075658
-1173.0418623670687
-1217.4091019109753
-1179.8267676371743
-1138.1233820421885
-1286.4148564607724
-1276.1240594929868
-1300.1190578967594
-1299.8299763045095
-1208.8799378072335
-1194.1928803980115
-1261.7456866473601
-1201.5536461020304
-1281.6441593478344
-1254.455760583022
-1334.8606543044566
-1351.525512349395
-1155.6416824487708
-1265.4695102202713
-1483.8170979138606
-1263.0504780476522
-1178.6703797509729
-1232.6734805175477
-1244.4955420372594
-1248.0554594621585
-1143.2559367449828
-1318.27948770093
-1208.8053159080828
-1292.359114381777
-1214.3048841765615
-1362.7329684994857
-1302.1479625831262
-1115.7380790281284
-1306.2698222117053
-1273.714829216179
-1334.299034660262
-1340.5110089822913
-1309.9202640641377
-1273.8643783289012
-1295.3204651291862
-1161.902540913561
-1306.610966247025
-1200.2337527608167
-1193.017186975432
-1244.5341539118635

