-3552.1407051843885
-2742.849108854528
-3355.8164013925207
-3771.5896350323756
-2410.2059735790303
-3223.923984495175
-3183.9081433061783
-3970.0536742576896
-2107.1622227481935
-3861.326717745571
-4316.404202544536
-2750.4206167973007
-2365.9762704948484
-2024.0964851637489
-1758.1920450201012
-1821.0780674173866
-2251.8309954238134
-1855.4762523302159
-1810.7800900563998
-1906.5549168275165
-1955.550603742457
-1621.342812891141
-1961.6152754322566
-1600.1011141560934
-2328.5961141312746
-1593.438255669907
-1364.2638411726068
-1788.4032770991032
-1786.6925920860122
-1410.1465293706524
-1771.9897857444694
-1682.4270078198806
-1638.760291406733
-1493.1645402070299
-1669.7553255701748
-1441.2592999159506
-1576.6922186290594
-1807.6664359613403
-1466.997566173484
-1732.6065669670488
-1596.149137248254
-1566.5460795193405
-1755.3803156138201
-1616.9862601119248
-1547.5638987370114
-1486.9653095399754
-1605.037292508572
-1427.6062440625929
-1334.689308791677
-1699.4263738036716
-1303.7646084256219
-1320.2189715164204
-1979.382175004611
-1534.2916389733084
-1641.1302435234459
-1513.7231604373883
-1577.5075879499236
-1418.0336019272681
-1524.9966472926026
-1622.9544228150362
-1691.6349332021648
-1485.8328623657237
-1314.923988508202
-1704.605703753761
-1510.4283952579447
-1447.7005198917077
-1589.3891443113484
-1385.7775918819698
-1411.8465203719172
-1427.0066445277182
-1311.2593199772655
-1528.773050657126
-1382.8400130882555
-1609.8126911054924
-1491.501546791475
-1482.4113552065646
-1465.2945628254936
-1787.3829605930605
-1565.8007132513753
-1364.170119421224
-1498.9913692426023
-1476.567032163365
-1618.6022274446736
-1387.9351569707949
-1860.8074863646555
-1627.9780166725457
-1495.8111688787958
-1412.4157222881413
-1412.7089496882104
-1444.6113417986871
-1352.0419308232558
-1438.582097500348
-1544.9101602720598
-1499.8893436387027
-1446.2904997761534
-1565.001136912846
-1456.0370890696645
-1348.723720193096
-1478.645400778211
-1361.2847745109957
-1468.9318542201029
-1361.3403807354098
-1495.5537074575516
-1679.9648909338393
-1433.2389838984868
-1365.7313204191328
-1380.2743194487227
-1439.631403395627
-1376.7018046150426
-1354.086980146418
-1373.4039551829449
-1521.408377870411
-1414.8283877179033
-1450.9497238677145
-1469.5543131468446
-1648.6773894699895
-1314.5999118108432
-1455.670177701257
-1339.521320850082
-1316.491468143438
-1480.908125452214
-1476.3281457567327
-1439.9099634133763
-1564.9496120719396
-1271.873924729406
-1419.3573014143994
-1288.1389705752094
-1322.1847347041376
-1484.6253430822517
-1445.990156245759
-1223.2538434953915
-1339.2442929481208
-1341.3537774686013
-1501.974405328012
-1162.2049572548785
-1336.1914801070293
-1310.1455382753156
-1249.0759534315239
-1312.9205477079026
-1350.9115262736377
-1383.573827242772
-1417.029054683565
-1432.0737995893892
-1298.1090613507558
-1160.4314313095113
-1409.0537171507067
-1333.1527004492743
-1524.3481362139455
-1592.8613370275777
-1378.7056802129648
-1186.1317018463242
-1355.1983766674057
-1487.5508857803545
-1360.7269691785568
-1353.135177606735
-1279.4499132188282
-1402.180272488999
-1115.631434098854
-1357.908562826774
-1428.759770090198
-1368.0810636913566
-1422.8636687786343
-1272.356012625417
-1458.942047619526
-1388.1507077864808
-1309.38909820282
-1434.2408107530018
-1210.1833145439302
-1588.9792200392822
-1257.7231886079207
-1123.4602961209855
-1226.3580538589729
-1310.4520760689609
-1424.7987087763468
-1361.9987130247916
-1409.7151289755411
-1595.521179372649
-1439.7542764281138
-1224.8912038779113
-1230.8616684734425
-1321.1037862412934
-1338.5758783764052
-1267.1170657518178
-1132.7133798032798
-1264.5311946812053
-1268.27675130074
-1416.840281469811
-1312.7835732615472
-1258.0643192319358
-1412.2692027026326
-1360.9159111475517
-1420.428283286641
-1448.692799517702
-1443.1347815275656
-1282.233122389419
-1265.1611980757555
-1222.5290306496377
-1254.891520744299
-1556.9571370044087
-1497.4486369101517
-1150.1559388586554
-1500.3602446152163
-1301.3375939859575
-1308.9313450958061
-1141.3280005295203
-1287.1928152276473
-1255.5827048872197
-1469.846843260124
-1385.2964488208381
-1298.7658650747744
-1354.417088606818
-1237.502168854391
-1324.6353258107183
-1374.7056874332557
-1358.7824225899558
-1454.9551812216016
-1245.673907240548
-1373.9272794667904
-1282.799227886742
-1217.5923324847972
-1289.179956112963
-1339.8998457527923
-1370.146881184211
-1247.2286999870857
-1320.089964153749
-1506.5842895782341
-1534.8730947874799
-1441.2032392114845
-1300.9129589003514
-1330.9675249125396
-1307.6508012104807
-1293.3390860507302
-1273.519805808492
-1403.0825888875404
-1408.00560944303
-1488.694173504784
-1372.7457908660467
-1448.971666677431
-1395.290909225465
-1467.3151650227448
-1326.7573686405703
-1427.9961200160233
-1214.7821399984016
-1273.5548245519933
-1073.4772411407553
-1186.7595345816933
-1366.5614987214858
-1286.8287085588418
-1294.4392491336994
-1220.817317470736
-1177.6988501766566
-1305.083067309328
-1270.9897662999274
-1311.4303091177326
-1249.39119921543
-1257.3962404511344
-1310.2037749742897
-1327.680096962287
-1347.241451319043
-1215.3522802650737
-1169.0290523004403
-1490.1023502607375
-1317.2337477904766
-1292.9684511539526
-1270.1399764813038
-1236.52402815071
-1322.0731360375476
-1173.6893916698216
-1306.8444108976491
-1379.935733995528
-1233.026898538108
-1298.0885614812532
-1295.9237197368902
-1551.2260982159278
-1469.8147781342336
-1289.828411071937
-1331.9967189319407
-1538.2616476746389
-1118.4255017761932
-1389.5870287020334
-1244.1219914876124
-1310.7600317861636
-1216.4937601938025
-1364.6277026923408
-1352.6589273078605
-1373.7884503685452
-1346.3312005884088
-1216.5999005002836
-1318.1104664250797
-1406.9303335001032
-1184.9395114015392
-1355.2665131813715
-1249.8940685974976
-1163.0354461591214
-1115.0780912178836
-1219.4366325340104
-1182.785723124258
-1260.3034470492091
-1224.4984468451883
-1387.673463193989
-1255.6372069039123
-1223.0622996206018
-1294.9529663586745
-1249.6870017710671
-1239.7740882047315
-1291.452956884272
-1206.6895511655666
-1364.6277899181187
-1318.8072971723386
-1435.4332415538456
-1414.6328236152476
-1334.7989407864818
-1467.1089659941836
-1336.287652982701
-1403.3961049557565
-1304.1809432257496
-1446.5661088869413
-1400.1027384018844
-1212.2656063786003
-1291.4154706470904
-1513.597687947697
-1328.3174586722987
-1349.2530329206547
-1305.7925472982645
-1260.3021380150567
-1266.1068669593883
-1305.7681342158717
-1291.631430680437
-1479.1741279216271
-1382.0311181558836
-1366.1377206204643
-1359.2289633025293
-1260.6107806408806
-1394.8314637156336
-1389.3508102630094
-1237.692701506566
-1223.7594949800769
-1314.7871096329654
-1277.7216871691096
-1446.9720267555122
-1250.0064643060284
-1256.2074138783328
-1251.5750727630427
-1232.7177639152478
-1205.8811471702904
-1335.7027763726724
-1306.0770968159557
-1252.9971465840401
-1219.7661065416503
-1433.8417130127132
-1383.150859018184
-1332.6761253488946
-1442.0932879047125
-1268.6963617654756
-1301.0297661003242
-1394.5065331288586
-1433.1678405244575
-1251.6381152467711
-1424.1041017048742
-1484.8576538276632
-1351.549107629463
-1343.4808162195443
-1395.6113660189812
-1039.2728048877213
-1367.6939501155744
-1275.3620284208855
-1303.6384780644141
-1252.8810305622244
-1371.1802320206737
-1401.817662391887
-1369.567360349729
-1161.9624007569228
-1420.5144230601863
-1466.0633820847404
-1250.8899919984478
-1204.7936139529354
-1520.1155583032487
-1440.8103938234185
-1253.4021383095605
-1355.827885802603
-1238.379539748869
-1340.3933109886702
-1360.4338923534174
-1278.5969620568153
-1312.14271496737
-1264.5818618932637
-1386.4611407853913
-1240.3888479711334
-1344.4124591047957
-1303.9617155533133
-1347.1146882143698
-1462.0235667956267
-1385.9390749099766
-1328.9945441226134
-1348.924801806543
-1205.8856169761596
-1302.6011675254458
-1319.896200103517
-1386.7585199039904
-1346.4620737549174
-1357.682928664801
-1347.5678751804062
-1269.4975705459076
-1353.5256811372656
-1189.8972886288116
-1154.23612711294
-1399.6348758877098
-1250.1389141271034
-1395.6119664206851
-1208.170753889658
-1169.8123670531095
-1249.6157422092163
-1380.8375380464192
-1322.0229619856136
-1330.1190514898374
-1267.004825802652
-1232.7372330399794
-1362.4005408543228
-1266.588742219465
-1309.8607799684733
-1246.6196740224204
-1122.1572373213667
-1316.7853464619538
-1272.572668380662
-1308.9275922596835
-1353.347745301291
-1373.0568167384745
-1239.3473842602077
-1233.9010028567845
-1172.5860540054334
-1257.3913618017539
-1355.254390428886
-1436.0120152298643
-1240.9404691217896
-1178.646936757421
-1333.191128439166
-1322.6514250078549
-1297.632957463259
-1379.6896383227813
-1248.0036279001943
-1629.7015423774615
-1309.2318766834303
-1392.5491087547487
-1482.3915284122386
-1308.2993773574258
-1232.4236952437095
-1250.1023523403712
-1402.3165937549597
-1161.6682955571912
-1277.930544480632
-1230.0707728076397
-1459.448406033479
-1092.573501705189
-1237.9875945943577
-1243.3905503277265
-1383.88572188832
-1243.608578149102
-1406.421966320393
-1466.7781383721012
-1444.1363305481805
-1349.2060961155312
-1267.0657167067186
-1320.2889001692229
-1228.7201157406125
-1276.708841162189
-1317.8675698614718
-1251.4977294602888
-1142.924357542627
-1288.8287608698656
-1110.0320079361654
-1169.8583586069196
-1261.1762976600226
-1259.9014968123547
-1390.5623191528668
-1290.7387374635055
-1318.3760925646284
-1354.3346305364562
-1414.0611208322186
-1131.301870969319
-1480.6802971220754
-1216.4144023679
-1409.99801672076
-1342.7945468764403
-1294.2298252810915
-1280.0458612417603
-1198.5149360828962
-1160.4639093205176
-1199.3756934599437
-1439.9233278626614
-1153.4445215241412
-1313.2608599246632
-1222.2160934614558
-1312.9324278104295
-1263.144724733732
-1356.7632503911982
-1175.258171527267
-1192.9143173089483
-1360.9022516312193
-1329.9969677466956
-1366.051024661403
-1242.9748872429075
-1174.692045725248
-1264.8418107945524
-1340.768890709498
-1372.1959395147596
-1248.8543336309094
-1475.7026561591358
-1246.2195703232594
-1353.5558127202603
-1300.3100077247327
-1245.0919164425504
-1336.2602630003566
-1285.6268504029003
-1160.2168873632745
-1241.0783625934382
-1347.9358096440696
-1287.188073759608
-1209.7962112377024
-1272.8882904261345
-1198.1412308039467
-1349.0716447479826
-1335.4202083334346
-1168.5452263670131
-1405.6199015079967
-1285.5024534716813
-1226.7845053927272
-1311.1201005362823
-1288.649531818178
-1382.4413847836822
-1187.5641403379846
-1318.6672492225773
-1444.8967096091792
-1439.176860572546
-1368.3398104186242
-1237.564976443571
-1300.9511102276383
-1228.5819742200943
-1083.2866887026307
-1228.5654190300165
-1266.9556408642493
-1435.664900003344
-1148.5212287860843
-1223.1222944957303
-1196.2784100236242
-1471.0894900550047
-1240.816365920311
-1339.229968433645
-1228.5777531111314
-1256.420558553069
-1373.1514223940476
-1230.0582358549595
-1222.7354577812089
-1184.3340928444077
-1275.7529391511125
-1372.5789986485433
-1334.373779629348
-1284.7171326260755
-1333.2375488414348
-1291.8403137624653
-1512.2292379454507
-1313.325323493222
-1153.435362067392
-1362.585877065082
-1498.408494036581
-1200.279261785334
-1346.1777606110008
-1373.507813588454
-1162.8055005776876
-1263.5570138148323
-1264.954280751742
-1323.9727163328505
-1143.110836487165
-1223.309491713995
-1270.4376707975812
-1423.6381594859943
-1235.6156222702355
-1427.0013938135364
-1343.3930550644072
-1347.455794105993
-1242.1758742741604
-1184.371861595748
-1213.1723312659365
-1066.3337152086074
-1329.154969594523
-1469.5973683104264
-1303.1196155609039
-1426.9363188044874
-1158.8949831931657
-1299.5664125632381
-1207.314251753337
-1226.7044209140138
-1311.803540960366
-1058.6853683960442
-1379.9106739636263
-1246.2906585062253
-1301.2315550481153
-1154.5354197577678
-1229.8289295105794
-1106.58301908826
-1481.9152774888043
-1332.6515768512245
-1514.5115243803136
-1360.864784682812
-1347.6623587827323
-1400.609758225912
-1511.079003945713
-1268.6918492292339
-1355.1353727997885
-1256.9021315892257
-1376.9595451969844
-1356.6771799880632
-1220.1926348822178
-1171.3322584369214
-1373.3414747285578
-1129.0077664890794
-1198.6047924515935
-1192.0441347132064
-1080.6406092717395
-1111.0897966440816
-1265.2959697677488
-1310.6786097041968
-1409.724680315081
-1407.5829530007263
-1416.318927484575
-1271.3266628946412
-1345.098836595315
-1300.6209111134149
-1174.7067902898941
-1261.612698534498
-1348.3692337082884
-1070.9187346569952
-1323.1802315649036
-1296.3550859931624
-1300.4316506332714
-1235.5564199557714
-1245.0766078732584
-1315.0777156971035
-1319.7692231166232
-1290.5329483245948
-1351.8487435454329
-1449.1474455396137
-1292.7338320094968
-1252.805859240819
-1248.5200689535461
-1429.8051726033893
-1276.5353381975801
-1209.9557724290612
-1276.3070544366583
-1168.95221717499
-1175.3073574191117
-1316.7211541481186
-1301.4203822108618
-1242.1053848865588
-1505.973080082772
-1170.1232392504614
-1183.2855247952657
-1429.6335725576869
-1284.554626448116
-1270.8100233342088
-1409.9242620748364
-1414.2875417222751
-1394.0990354838511
-1208.2478837005383
-1264.4604998244517
-1374.5620896258324
-1165.5832627176712
-1249.0738402100042
-1280.0425422499252
-1271.4117095488411
-1396.6532668796935
-1378.0974116063876
-1214.591378733864
-1385.2074030376775
-1243.761505098585
-1394.6755199380495
-1202.5941993179501
-1314.0058329987205
-1243.2344677919782
-1445.9580128406133
-1211.2510296617381
-1229.9089838177806
-1340.699259822608
-1103.0525563375095
-1531.100669330128
-1148.3092609827627
-1366.244596221707
-1311.3157331565642
-1202.5848799538996
-1367.859019665591
-1150.7026543283166
-1081.0221215933993
-1390.9238277976192
-1250.9533678887346
-1348.2425083899707
-1490.9991197308875
-1220.7785837408235
-1268.1707663070556
-1288.9630371991975
-1227.0870724111548
-1221.1211475862933
-1357.4830864132941
-1223.6926801848049
-1330.593560253157
-1286.157705368444
-1207.477220452875
-1321.8549692576178
-1364.0522755961265
-1404.1108832709256
-1165.311465860912
-1316.9301392221478
-1337.4642362782934
-1268.6826987485088
-1154.5999842585813
-1404.4806505946053
-1443.6561764554613
-1270.9897804040013
-1258.9510625961448
-1189.6119961127185
-1131.5176967279137
-1266.4278955785594
-1405.457439961436
-1447.5845549167452
-1315.8410317356233
-1212.007954856906
-1315.8930636713453
-1248.4552663347029
-1333.554886884365
-1202.5942477454264
-1342.2123887868745
-1308.5222723231664
-1139.3178512153886
-1378.8831227923313
-1490.933288021124
-1303.0423501341627
-1250.0062018100193
-1255.1559455464285
-1148.4211378187044
-1369.1505626355004
-1145.852041640826
-1193.0105514649015
-1387.8184790919665
-1298.8565732086201
-1360.5017576644195
-1277.2559793628334
-1293.823151306946
-1282.3666020944945
-1298.731963467626
-1218.2051516033084
-1180.3798004094917
-1403.5204091262121
-1322.3097952733667
-1286.5566979776443
-1251.3239360239143
-1487.1398548018656
-1269.7348351438686
-1157.9330123036177
-1431.3045966057018
-1187.939299014404
-1234.2782127452656
-1421.9200673601981
-1169.5597082722445
-1450.7083202940885
-1283.8850319255341
-1250.3459451740305
-1275.8234768021355
-1501.0472120799514
-1273.8496524042357
-1120.5472231312597
-1236.1775744656852
-1147.0529784435332
-1196.679598304441
-1361.977963126269
-1394.3337911440058
-1024.8059870675356
-1309.3157438377602
-1271.1344281332758
-1274.048955690396
-1268.6719081846568
-1280.6747814630426
-1187.1346809462327
-1034.0225879301381
-1268.7512304742638
-1203.4472587916775
-1198.3238331456769
-1191.3767306635718
-1231.0606235253433
-1226.7657816653336
-1066.1805538701274
-1285.2404450189163
-1154.8769873089902
-1313.3383598355167
-1348.089895963397
-1165.1140476702494
-1357.605625541011
-1388.6968070019852
-1295.0424974032098
-1383.0885132366773
-1271.5428501632573
-1222.5214074236717
-1113.6921621367842
-1403.8483528715215
-1367.9874575621416
-1361.5859175956805
-1168.0809492264752
-1342.5704704824584
-1212.219123440135
-1171.1739871637453
-1213.5244454727901
-1240.6868749082948
-1293.6600969695462
-1332.0627025185838
-1343.9839070167436
-1587.5007274186873
-1306.0923769998349
-1298.5270420770237
-1224.056769785655
-1233.7156341872403
-1231.4542170099205
-1209.9720171877705
-1212.0121308470843
-1309.7321055448876
-1193.0188029219164
-1427.8067745850417
-1403.4670165429611
-1341.9650823706625
-1299.9659461623912
-1278.1398277557746
-1275.6364695666143
-1217.4260993358773
-1245.1841630018068
-1217.989046853482
-1190.5295071155667
-1308.8710253272043
-1241.1740788981588
-1258.1406137000527
-1301.2114543643156
-1195.9931438734309
-1412.9130088942882
-1234.5610559597437
-1092.512958096673
-1230.3442426749284
-1295.7251867306272
-1437.6717408003574
-1298.757674858276
-1353.836343275402
-1322.8495664543227
-1298.083025542499
-1330.8060378047312
-1343.4570837671986
-1411.268643696771
-1064.8155296144166
-1240.0744289740853
-1409.411530509241
-1312.8889679177903
-1352.3010740623067
-1341.4335340107293
-1170.5564984525092
-1283.0307022991074
-1222.0150450118806
-1159.6104940968369
-1275.1168730216984
-1275.0831775502977
-1280.106630273963
-1344.9154102058242
-1280.0438924977989
-1353.4705109831575
-1292.9128069351636
-1248.9302848518664
-1235.0367470399033
-1272.4300217248674
-1226.1984019603367
-1226.712872218345
-1266.7345364401426
-1164.2142446546102
-1246.5332862719029
-1197.2944853914762
-1314.0474668167537
-1320.9554674165413
-1233.5886132291334
-1551.0742942868837
-1291.3306892699115
-1293.1226733937283
-1299.4314277473704
-1250.7473429141876
-1331.6966599312345
-1137.1866888821405
-1162.083461914133
-1129.6430539985952
-1162.1849971420377
-1176.6980266398352
-1275.480670551564
-1320.7187139426767
-1344.5452835205178
-1332.974716913699
-1276.591543050733
-1259.941977978564
-1132.7370776168052
-1229.9144231072796
-1266.7005731579816
-1271.9033256323573
-1295.9608610744658
-1355.4919872167138
-1139.37982767618
-1297.379467021812
-1280.4963210815397
-1264.5223301937688
-1255.933099327708
-1264.4690224294322
-1354.8231054027556
-1208.0265342156356
-1130.0263400612607
-1185.934097537463
-1153.077604615362
-1239.840791268373
-1223.2437815734722
-1255.9088712434386
-1130.3740574982683
-1212.2149559709492
-1386.7952334126487
-1380.258268477187
-1358.665845935192
-1386.1076004464283
-1261.6782993024608
-1396.6377549386343
-1341.7991223779595
-1291.827579785799
-1358.2514786651416
-1387.305148207569
-1298.7807309119355
-1114.819698705341
-1227.1430556505095
-1239.7271699585517
-1162.730684485731
-1202.5105285222783
-1166.373808135663
-1190.709653115257
-1351.3355950313305
-1214.6549934060222
-1328.922230423589
-1346.410328118911
-1196.5387852727129
-1205.5387759955502
-1188.9896297824157
-1339.9843391705679
-1372.4322598326376
-1483.3750485870091
-1299.5451574737135
-1180.1835382550746
-1158.1965702447458
-1306.4259870772048
-1192.7110889374173
-1149.2046932176545
-1125.9901364298657
-1200.7804575757336
-1189.3723461201337
-1458.5746328705734
-1390.9955171068295
-1419.3667434406318
-1304.3371559987877
-1308.6220010552522
-1244.2118676258779
-1343.683412485462
-1311.80284746484
-1201.718505597211
-1188.472516312192
-1377.367109965959
-1181.5140686258508
-1336.9892324695586
-1172.8837014376895
-1172.7049844321343
-1274.7960750210614
-1241.0589630708696
-1244.747551644921
-1246.9658359152822
-1134.8485721157417
-1321.235884627823
-1165.082221857744
-1257.2643656890586
-1185.2926390426765
-1163.572110528182
-1204.147332543053
-1331.344931912481
-1256.728980970651
-1276.003524915307
-1294.0107316302
-1252.6365329757323
-1113.1626712230805
-1263.8453205493997
-1309.5096058316958
-1230.8095807516443
-1279.190172737189
-1235.6607618047244
-1480.7033365036955
-1143.250790322758
-1154.2030730415925
-1181.4158230647142
-1268.549271470535
-1330.1034956577107
-1078.8971495716905
-1268.4360964008276
-1292.1251309429188
-1347.4765920559912
-1217.9298404995432
-1185.8468868124298
-1218.469326944214
-1279.4940979760433
-1301.6470909397203
-1347.9418380560555
-1296.5712709094016
-1121.8069328549923
-1270.056309929323
-1474.2805744541206
-1180.5896410225084
-1175.5721512895855
-1220.5769422797378
-1222.294734832096
-1248.6193055874294
-1394.7274891473037
-1373.7385393372433
-1309.7231470188387
-1370.7846155680222
-1310.932912735401
-1274.3833582482262
-1357.9532169481884
-1323.5313362817433
-1251.7374431410822
-1348.032152423439
-1260.3740443172883
-1252.5613192272174
-1255.5247735627609
-1393.0227808077598
-1279.6576273678763
-1208.6808351418683
-1288.9979460454658
-1323.0680776121694
-1440.873173253136
-1355.5871138479354
-1264.1073041493787
-1170.0013993788048
-1168.0630309926962
-1206.9036909749182
-1077.7600785612858
-1226.6129587146104
-1100.438085853083
-1278.4803224176549
-1295.199719456402
-1258.3200054548663
-1230.820538675573
-1236.757576765437
-1218.7838032022228
-1262.413406322741
-1318.873778235524
-1246.3229219467548
-1076.7769170036345
-1141.2545680311887
-1261.0374435184253
-1243.6671565862268
-1371.232929087144
-1213.22919197428
-1047.0778189933058
-1359.2454381221178
-1237.2056483281435
-1294.9610555052168
-1242.7501152306352
-1239.6385390913056
-1223.8758820588725
-1208.3973291325242
-1275.403698822958
-1334.1477117884715
-1293.7730167684851
-1191.4592161605394
-1295.3010192491847
-1206.822115196407
-1353.060057180556
-1186.1034585224538
-1336.435746213131
-1352.4005735443134
-1323.2224460552407
-1244.8300278548184
-1217.1728624371767
-1344.8927313366264
-1422.4762179766801
-1185.3177813459686
-1266.2871606302035
-1208.7579553059124
-1316.3968057365544
-1268.6621165759968
-1371.5589911098102
-1199.69572516707
-1267.1631129019434
-1259.7749203936764
-1353.6284568450537
-1198.11384887389
-1335.416324011946
-1101.7091735821302
-1242.3506997210895
-1252.4873420769422
-1216.9104408946773
-1161.6165357225536
-1266.5509553770466
-1256.145760468311
-1259.8969483480964
-1150.7936976631925
-1235.845329926086
-1169.1711162857953
-1368.4878196859772
-1345.4944029950766
-1374.946001178945
-1341.8440519073686
-1295.4582131406726
-1204.51614471619
-1203.626755222861
-1242.864374225428
-1256.0972585481122
-1284.2467998885804
-1276.7848504349204
-1305.4790088976497
-1305.5067035377028
-1317.2385719300376
-1123.8942211327853
-1260.62576629695
-1150.7576295860185
-1141.835448226763
-1357.074662124577
-1108.3810474626175
-1295.9925941947542
-1315.572876140394
-1301.2857943070117
-1138.8956340381208
-1349.3081121015305
-1166.5290082899464
-1058.5689262543658
-1287.101827346114
-1387.1312541850316
-1398.4927517907902
-1272.426180267164
-1146.2383146386164
-1360.6282365201969
-1170.3974869295441
-1259.8649117124787
-1247.8948598146148
-1108.5602609730277
-1285.918945207882
-1267.1919933221334
-1161.6714272718536
-1275.1199834349443
-1271.3121190422999
-1132.3882703042048
-1044.2711407795855
-1244.511220842548
-1284.5949194734085
-1403.401381454068
-1167.186331853537
-1213.0176801050238
-1277.8713473615653
-1274.6972615691059
-1229.048290291911
-1098.1477121208634
-1342.08260851863
-1302.6398744294268
-1294.216901958138
-1230.5520498033393
-1262.991485729481
-1239.1795520708692
-1485.1657319680148
-1352.2226539041312
-1344.7182465205733
-1310.3960106592688
-1021.1202687803684
-1223.618096047442
-1238.9605077294573
-1189.1210240328935
-1309.8880952693626
-1157.4146102309894
-1344.8314165019058
-1249.6913050711182
-1268.4143862261574
-1288.5703602214262
-1082.448918539246
-1384.9315505812929
-1212.8368770102254
-1247.0220189329302
-1338.6429853196685
-1225.6343402058753
-1222.1258236100816
-1366.138731390316
-1162.3494554976426
-1276.0450807125278
-1339.0565180558297
-1315.8436986138918
-1427.1177884664673
-1205.2059134997073
-1198.9535921620363
-1156.868203900397
-1270.2834098878075
-1237.4515900074764
-1257.6365345436516
-1163.7935789568132
-1253.5054119477472
-1269.8249400432123
-1254.9404143119011
-1164.0028232855402
-1106.9219128606028
-1324.0414947308784
-1324.328719790358
-1149.6344397040714
-1283.4971371212637
-1255.9847443001095
-1317.3884578078053
-1337.0323029577116
-1162.4257248926767
-1161.3094093946115
-1358.5468320082555
-1301.2654281245477
-1270.8988065312653
-1247.5338579124736
-1288.8465348394327
-1202.1980414128445
-1353.7699514132973
-1351.8982104780198
-1170.5231097686171
-1176.3177735322872
-1247.8639768423016
-1196.3210303800527
-1300.5220379708649
-1286.0786438132955
-1266.3256659043716
-1270.7667220183346
-1243.828653454976
-1336.4464140885007
-1292.4884156688368
-1191.6411328291174
-1230.8664328065497
-1160.2664726496841
-1245.0877997547504
-1181.3623864854771
-1355.11020102385
-1213.9347118017959
-1306.7449031867948
-1226.731048997238
-1121.4855963363634
-1294.1910324569599
-1458.7497868563514
-1382.1303802805296
-1272.6706309046176
-1316.6887600727846
-1262.634937237693
-1267.669605196804
-1250.9296784558774
-1289.7641080974809
-1208.2046618621443
-1350.9272025148148
-1227.3132549031739
-1246.564246734604
-1403.8256697517481
-1265.2587221923586
-1154.2860377222864
-1084.1908585518993
-1263.9251786471568
-1325.4916939767618
-1234.72054507075
-1268.5783502756285
-1261.5473656404492
-1230.2479569567006
-1283.02844086181
-1237.79992699822
-1160.922423631257
-1314.3080080836887
-1271.7388178345639
-1352.6601860486153
-1252.9668232123252
-1097.988935806246
-1300.654086282459
-1122.5139520378737
-1309.9142937912438
-1160.2592481573888
-1219.9730624114645
-1163.0106503737384
-1245.969990590219
-1321.7536960049092
-1281.7720075561504
-1219.7050566134865
-1359.6080444792888
-1145.7712159159353
-1158.2789420751194
-1149.5896477491458
-1301.341073241946
-1234.607700145796
-1234.1127377174562
-1353.2571476024414
-1249.2770418003101
-1206.2437540980397
-1145.6089036923765
-1357.929669753279
-1356.955954992197
-1147.3075175719405
-1199.2399508171127
-1390.776476251849
-1174.1859774398372
-1252.2448834003399
-1241.053920431337
-1182.8856291012032
-1228.449805558779
-1379.1824965462267
-1390.5415329611549
-1243.2022150383852
-1284.4784520880246
-1179.2414486859645
-1194.2458603207895
-1306.7366366535707
-1218.3798100151278
-1225.5136711013067
-1227.6907152298427
-1292.346666163386
-1369.9276326162028
-1146.0505998011756
-1235.2726559702314
-1189.3324912066257
-1204.6134422537023
-1328.7286340698138
-1367.4234826830636
-1199.1851795175796
-1511.5380362127814
-1303.964288429678
-1298.6526374888585
-1283.835917323193
-1204.7673801856595
-1340.3195356992546
-1171.6811018173075
-1224.8624313611608
-1283.2683078653654
-1173.8263442829216
-1188.5507996275276
-1250.9122968583006
-1273.8799636283384
-1171.9703494431358
-1219.3515416264152
-1228.7303321986492
-1150.6502639404089
-1301.2632042097284
-1135.990103471855
-1098.8529051510047
-1234.5936730948915
-1363.8074461051572
-1159.2689838966164
-1165.6553878905281
-1232.5390147487187
-1115.2778781502104
-1222.4175649007875
-1228.5520518629678
-1142.189016080033
-1225.9788522658068
-1375.2395052002535
-1322.5935980982856
-1213.0861867767683
-1162.920609277753
-1343.9089100917615
-1215.1237466196242
-1170.6989785355624
-1118.3787545739885
-1150.994757386131
-1239.7456548079576
-1167.7885653058602
-1262.8072327843292
-1170.9737345985438
-1229.9356850194506
-1170.5474893987719
-1366.0339016446126
-1161.9412884954522
-1299.8623133682952
-1226.4543219613695
-1140.6584859673976
-1246.5684319264255
-1390.7334692645186
-1434.6400728151611
-1247.1822543075828
-1201.1226231698681
-1231.0050831340457
-1432.6780460515963
-1309.836068408567
-1142.9243386970245
-1216.2635322533586
-1132.6449257563172
-1217.8388829809362
-1242.9543484427122
-1258.9114832219998
-1306.2790697679548
-1296.9024317116691
-1253.68124065125
-1217.1710244010105
-1162.2690339714075
-1185.750237920053
-1390.2749554272605
-1319.0851346453078
-1270.8950526922943
-1226.8878100235122
-1274.0286787828506
-1402.067455073178
-1142.4556784749009
-1070.5815389097518
-1397.2291010917822
-1219.1867514816433
-1336.6783023051944
-1177.6331949351015
-1372.7122523078506
-1195.1306546712462
-1247.1652766175584
-1254.7512322684659
-1154.675650937386
-1439.8516488599207
-1270.7626501437967
-1213.637799598889
-1219.7546312726663
-1241.528428930973
-1245.4992136108822
-1237.050320615364
-1242.5322473061858
-1131.0553149270158
-1339.3306669137035
-1235.8609704505466
-1167.1672452632858
-1301.4347577390915
-1242.1298266421595
-1235.1120231414543
-1319.7280510932007
-1101.0218821912229
-1189.6806726380235
-1231.662582119813
-1309.2580224068122
-1247.1005618018287
-1174.798423725211
-1244.315915517633
-1160.264104833957
-1096.8904433866792
-1162.4150763642535
-1344.472591937024
-1194.819505623445
-1395.1805766253951
-1213.5256586546952
-1315.422553492625
-1200.9336674423118
-1207.4094312443513
-1219.5882082856106
-1327.276538985391
-1153.0854084255477
-1169.5266617897275
-1114.1886758235569
-1393.8095322146492
-1296.230061182604
-1224.5134074885916
-1165.1670808789863
-1297.1422222319516
-1178.2930904954835
-1323.2997070004349
-1184.9690962589993
-1306.8129807322273
-1275.5626488362736
-1126.1258329242353
-1347.0990800267266
-1372.9392257381971
-1341.25106984928
-1348.4614365575367
-1170.7624507128335
-1137.985027854119
-1330.7388181640542
-1238.5007308403215
-1330.026252048347
-1223.0728950883342
-1261.5217125517142
-1368.0012438998706
-1088.8252047019223
-1249.963493935574
-1327.3196307296566
-1326.6571904130697
-1229.05055225243
-1211.0646320156075
-1414.1649872118298
-1326.818922674583
-1299.63106798492
-1151.6065414803486
-1227.831730817209
-1259.1944706163727
-1163.7191405805431
-1229.8241067394465
-1248.2056445043831
-1463.8652512857504
-1218.0543699606258
-1160.1156167443096
-1177.024716967456
-1299.660657994272
-1281.7361821602458
-1185.70215039568
-1367.1797248500252
-1155.8477045641034
-1261.9229449302557
-1307.8959347925695
-1348.2662389708303
-1258.0625175466873
-1282.7309753336663
-1177.6488930985013
-1264.617727793635
-1194.6564649876686
-1127.169737353292
-1284.1166270570911
-1341.1096128076767
-1284.5720682855017
-1378.0575961943441
-1182.0908422799052
-1203.4506638122766
-1278.445975180548
-1221.4898695591726
-1249.319253798048
-1248.7116365095112
-1151.6251513166967
-1156.3560363367026
-1268.444507050558
-1089.2684854670576
-1376.066262654962
-1251.1157647172947
-1206.4125860092213
-1082.8865065072155
-1256.139238516169
-1179.8538418038313
-1116.5437445541752
-1165.4466228154613
-1162.294890215331
-1188.6669630758029
-1240.2956726549692
-1050.1279829304478
-1335.1409859687337
-1295.130135638079
-1307.117935943139
-1362.74924015377
-1427.9381000018677
-1260.152000206946
-1251.7153742194018
-1377.951212916596
-1153.9814178697204
-1120.0020949290108
-1170.4005933117119
-1161.3619628203285
-1261.039431588585
-1147.8620761708853
-1233.9563180646182
-1194.18779960391
-1254.1078361224843
-1228.8006898335143
-1350.3540541548814
-1399.0248106833292
-1158.2102096944582
-1249.3477871371697
-1241.5762583555277
-1304.385583668971
-1160.9352329678075
-1212.5465376869531
-1180.6208604055776
-1291.8955772244183
-1261.972012171621
-1071.280770265045
-1330.1593760573637
-1227.6553440801918
-1279.0794465825245
-1026.875370607229
-1194.7518775697315
-1196.5834712248948
-1194.5455717800144
-1270.2555249424759
-1324.0933764985407
-1183.6195125006607
-1156.5985766354368
-1157.251192064408
-1357.2449294790968
-1365.2937290692105
-1083.0839058373615
-1202.7284609794674
-1324.797061618526
-1275.6875353845726
-1239.960045117763
-1328.9533862729952
-1247.4595165899123
-1288.8691935977704
-1207.8711284022284
-1361.6442999941407
-1193.5448452276469
-1326.2273113674084
-1250.625608713328
-1314.0623783480464
-1378.2901487668014
-1312.4119992951485
-1192.1787558067465
-1186.162622653671
-1061.7723690962473
-1299.6148588269577
-1246.4360060360073
-1337.102368822605
-1213.5663750777082
-1132.1741836271456
-1288.102533970009
-1307.9255765550506
-1207.20819108032
-1367.2907086183734
-1254.8770608298291
-1271.5338672907478
-1310.0627910750397
-1182.3520224728782
-1323.8364779031308
-1266.4926454051665
-1187.8670552050187
-1318.069711957637
-1247.0667994231203
-1195.9475962078675
-1282.3901507588373
-1157.4581141131318
-1142.1474862490363
-1260.497345293812
-1269.246469796103
-1309.3724429852687
-1121.8117584403421
-1246.7062990871477
-1337.679419135335
-1238.9268389482631
-1245.784852621576
-1212.997397953639
-1189.9986276615582
-1259.5411021809923
-1390.0340774769736
-1315.9375692078302
-1266.8202514282239
-1267.1616214425976
-1226.3150896884813
-1325.8984974140474
-1234.3815656861343
-1215.1345367072224
-1243.2224122813477
-1105.1961734008682
-1365.7953194719262
-1167.295068301489
-1246.926623687178
-1339.7116303421824
-1282.6169731436203
-1330.1770240633527
-1225.048005171106
-1166.3687670031006
-1105.1227663247116
-1194.770997074796
-1224.1116469256935
-1241.589164017496
-1185.876711576228
-1346.2358256656482
-1368.7408507113487
-1165.3913423622569
-1160.0263833423662
-1344.2205512788537
-1185.2481098070232
-1231.810845105545
-1220.883798423064
-1044.3424121936134
-1298.3959013679648
-1378.8293252484339
-1276.9606323321177
-1362.958320413498
-1306.4896966945535
-1148.8969096950557
-1137.7439365986077
-1174.4187319956868
-1261.321381851482
-1078.9301554260517
-1222.2205698359987
-1298.3206135102796
-1336.3552111711429
-1357.914192776738
-1216.2304450413808
-1208.0394747333357
-1219.9024100787876
-1124.4379410088425
-1214.181518027394
-1228.7304419475722
-1239.5299985397753
-1254.20600199756
-1304.3537449005426
-1298.0744065246463
-1300.6653356187953
-1061.7933769261788
-1291.2399584913787
-1238.1266116812376
-1250.0557082559667
-1260.306389419673
-1254.5412122819
-1300.6879548825182
-1283.3871038535385
-1225.593114002729
-1134.8751426062515
-1186.0460018657832
-1218.1857791611671
-1216.7844325215688
-1183.4673046695616
-1192.7553165080515
-1380.3111339393
-1207.0174675606306
-1237.8396718197175
-1271.7015628474383
-1206.293276020916
-1345.1439301982355
-1283.198560811381
-1257.3899582016559
-1331.0221428644015
-1197.802936704018
-1365.864904792148
-1239.3930778488273
-1411.63913507458
-1270.388928588677
-1240.7962533078723
-1300.7752624991977
-1247.5390111753973
-1287.1713976786964
-1413.4684725675968
-1318.8008144440103
-1182.5185240391597
-1270.6608577013358
-1326.2694854256033
-1181.919542799256
-1254.920416476197
-1355.7587605452998
-1284.691238602806
-1221.3553303937067
-1196.7286801196801
-1225.0350882093041
-1197.088308233493
-1418.5871231569026
-1200.2204494652008
-1084.527579449893
-1224.0113845864098
-1294.6502672365941
-1336.205900656142
-1133.896377621663
-1294.7008576915666
-1251.1775318260968
-1287.1593293166818
-1292.3708360182195
-1279.4037235379974
-1268.7623228561627
-1274.9281294361635
-1327.5204264235067
-1340.8228962202868
-1238.8722107670376
-1226.6374033511975
-1185.1047590342375
-1263.7764168293393
-1344.0142713438809
-1238.1072037359863
-1276.2199734762405
-1188.5855594072616
-1302.8420140011885
-1417.6113031973111
-1229.3964161896504
-1205.870426807191
-1248.3841999626666
-1304.9222927452952
-1222.8428345056357
-1113.01744185579
-1130.8380209902716
-1225.0887839290115
-1340.7509088870543
-1232.0548845952278
-1224.2885697629247
-1201.832823614967
-1303.1740259344042
-1190.9263096282757
-1173.9861288055647
-1034.482289716994
-1289.582667374838
-1335.9536249264972
-1229.9786776485446
-1426.7028971344944
-1221.303521433308
-1245.9061993696469
-1246.9888837797655
-1202.385081667733
-1190.3787451748474
-1243.7917094824988
-1167.098724073946
-1259.1229021966346
-1256.233123732127
-1173.5204818575746
-1252.5723803577428
-1070.3402582070664
-1238.6999631518784
-1386.011904167593
-1372.5824237047145
-1275.5606440669264
-1324.182947238477
-1231.319420473404
-1213.2846090257324
-1234.8973095606789
-1353.454233251886
-1287.7624232905746
-1189.4587498561314
-1319.1924980543008
-1200.4925667754185
-1220.83613648996
-1304.7204305203052
-1307.5387001340725
-1343.1818739699227
-1222.7646816666686
-1298.9118631532774
-1266.677154784784
-1438.0756405825928
-1184.6765152057496
-1309.713053493098
-1183.6360024686865
-1274.8229829991424
-1171.2809049969928
-1278.239009659864
-1187.026254089887
-1228.1370036803007
-1131.4395493193788
-1185.9722105396293
-1215.0933754518971
-1254.8935245231867
-1331.577509200316
-1176.7050737462464
-1225.8684504635562
-1197.0633577629203
-1235.061153257087
-1227.9433397253922
-1315.8453081865828
-1356.0081342449644
-1362.3876827852719
-1302.810152088384
-1198.1634107941595
-1437.9757176440335
-1245.314522786805
-1244.7581886724568
-1197.3555729574423
-1313.0212069524057
-1239.7669351064608
-1272.5146530240338
-1306.465538200017
-1298.6082407571914
-1338.3467480697282
-1165.2404249729977
-1251.113893958628
-1142.848601786208
-1199.078832610575
-1312.7833146131813
-1178.0716710978254
-1294.3479290800522
-1189.7231177425676
-1391.48095876971
-1168.674595389684
-1149.9772124184844
-1277.9846906823066
-1254.0868539788517
-1373.8963991266082
-1345.356738885264
-1218.249614621013
-1251.5061171066504
-1386.5827158882287
-1245.9570829433064
-1358.4454076577122
-1196.796761386726
-1174.9487210840625
-1221.5783210590942
-1291.1006301224252
-1251.1795252673555
-1194.5852774993366
-1363.7263765590524
-1210.9725571404804
-1324.6310991905602
-1258.4375369402546
-1258.2446212036766
-1165.2793487211145
-1200.1961393928514
-1084.9986808816652
-1410.841382660654
-1258.019113823746
-1186.1973870575234
-1347.267688293492
-1202.562728539295
-1295.9237196945528
-1254.9044370968531
-1280.9616714648066
-1304.6098827167507
-1354.8912928323598
-1204.5808282715461
-1197.486914706952
-1272.483989300539
-1308.7336786872381
-1218.312342322963
-1241.9289468450847
-1189.8867301918826
-1352.1837881177885
-1294.0284584238125
-1242.6962092356544
-1200.2146338004318
-1358.6922859321967
-1380.0995121723865
-1189.893070747531
-1242.158339696504
-1183.3896290028772
-1216.924974908747
-1265.015375401289
-1120.090336285435
-1293.610684071198
-1261.9394674124578
-1354.3258884639463
-1160.8273590829892
-1153.5989488057423
-1240.235346883738
-1230.5159454920417
-1303.353154499042
-1208.0025502386884
-1135.872109793611
-1254.2718335314119
-1278.6548100028558
-1217.4988607133744
-1229.444588574263
-1148.5205206187773
-1210.3838551073443
-1369.0704378308346
-1251.9864054120237
-1477.2606288572092
-1292.676656516627
-1274.4566682027953
-1147.9788166047626
-1162.6568754351938
-1229.6953506457849
-1252.451140771048
-1258.4057967831664
-1321.3310373062159
-1098.7907063001242
-1245.8667588228657
-1404.4215455502224
-1406.9672595058064
-1228.6400075118231
-1228.6974954406649
-1317.8275080273215
-1121.9509890162965
-1152.7552522494204
-1328.824073940023
-1142.1020507743312
-1122.3393091589428
-1193.3151660330338
-1317.6303115999533
-1232.133044759666
-1205.583452828765
-1358.4916872292297
-1302.2792290860402
-1120.3335969007785
-1273.5000005010809
-1198.3188415680752
-1139.6414458054521
-1395.9614846369313
-1206.9197821438481
-1339.0438184402958
-1215.7734059548586
-1223.3428829151846
-1310.1604492563965
-1263.0319079361952
-1119.5105664644632
-1373.6902676400252
-1314.0503017425583
-1280.6957938486348
-1300.6558189996192
-1202.2047273507376
-1362.91027508795
-1320.5475138766042
-1194.6511260423404
-1318.789775491986
-1242.5654066425689
-1219.2492939359743
-1385.8498516870368
-1223.0474964215362
-1389.4084253309911
-1480.982077098879
-1262.1236809036925
-1243.293817308648
-1248.9290470775732
-1257.5924262402675
-1254.4930248085816
-1135.9868285299162
-1363.372750826012
-1242.861858192574
-1363.2608998180276
-1324.3309064483547
-1369.477953525348
-1277.5155982586912
-1077.3625054847075
-1328.6056812717557
-1283.1798993386749
-1282.5344430309967
-1287.9456976343397
-1349.5330874532501
-1321.2052004612306
-1230.7076240602082
-1234.2636471332983
-1253.9388524718238
-1252.4854809931476
-1174.5346738250753
-1249.7175968727383

