-5883.043961762121
-4736.676074133484
-2364.094132171745
-3102.651271029364
-3066.2693101339246
-4033.872235835896
-3848.9399846370507
-4152.771756875773
-3241.1893322839787
-2618.148936337129
-4778.864603537127
-2217.133769619732
-2111.1445079876594
-2058.8329272111405
-2136.6351610047955
-1941.5370866966853
-1888.3018608305413
-1735.1414994917386
-1768.6214836679699
-1887.9258996406923
-1950.4860049989213
-1844.3572101981003
-1760.3830003750816
-1904.6009825575925
-1671.716710515129
-1902.7493212267761
-1761.0765283926369
-1827.1829616501577
-1793.5461906154671
-1773.9078425004893
-2056.7108784720717
-1861.1367328435256
-1893.9348577699084
-1885.1026477932026
-1706.2654327751845
-1771.6656459650467
-1655.7322403912137
-1875.4393651648347
-1742.7058097857487
-1965.5890563184694
-1848.8894940078305
-1835.146648965918
-2297.267809540976
-1768.643997583522
-2154.3100941674597
-2009.16491903961
-1896.6001775615591
-1994.1943235518415
-1868.6243552208334
-1913.3657885946106
-1764.3570034594716
-1757.5594144846157
-2314.8564607592907
-2076.459234885006
-1801.6700396847775
-2030.5691850357648
-2195.8697177275276
-1859.412122512571
-1941.1201275275075
-1787.8282000417578
-1703.453774046253
-1970.17434624481
-1826.70601862749
-1765.9841565993638
-2115.7134664437103
-1941.5347206862873
-1863.0089930397103
-1799.9407105449102
-1950.6914924591922
-1944.3180261127745
-1806.609522384105
-1871.0139877010274
-1753.0462853125698
-1789.2778831398264
-1783.710940076826
-1696.8239208598868
-1757.6186615187828
-1808.0243494275574
-1605.9555140440023
-1859.9996939381685
-1900.9462854222584
-1876.5065641817505
-1861.576980900573
-1863.7264997984325
-1925.5403388698167
-1700.8742694581608
-1879.258506621014
-1763.6981833488246
-2132.8362258840043
-1868.1572046625806
-1838.6241025038985
-1837.9069684689464
-2048.8632532549973
-1731.4420208760248
-1739.6104043514274
-1829.6593466885577
-1867.491563830059
-1827.684366569955
-1747.4630666055707
-1769.3177018894091
-1894.8315853232798
-1669.1997731137835
-1610.397649836476
-1698.9382066041674
-1714.771084116107
-1899.5082420187096
-1699.385815874683
-1776.9510755176013
-1712.5323029708206
-2160.8739657898
-1784.2501114689019
-1960.8864395962212
-1498.1411802581983
-1860.5799180938839
-1636.672376116179
-1798.3665669349555
-1723.5100050885023
-1571.218831586888
-1703.7085526125647
-1769.5178285794916
-1861.6820173981155
-2381.6316308759897
-1841.9470946195977
-1934.0255800642217
-1868.0615893976208
-1648.434029717978
-1666.7162614335732
-1923.5392726840616
-1752.6773523467461
-1800.5267007628433
-1787.5418579841016
-1865.8154352981326
-1779.2986823017686
-1981.7146537052736
-1783.3829838816152
-1733.4614446777734
-1941.8127308360592
-1753.257357104159
-1836.5090462771502
-1891.4661773186801
-1810.0270315306018
-1666.0912261174478
-1652.9695078149105
-1724.1338322926217
-1823.2030482215107
-1860.923933884541
-1690.116879812188
-1776.6304676599566
-1850.2762232063408
-1674.9971445738188
-1913.7139010493033
-2042.5561953134718
-1739.9943292620962
-1690.251239936787
-1737.3358990508339
-1727.2681811899763
-1819.3031370110846
-1749.7149650592016
-1891.3306840623206
-1740.1470585703428
-1685.5546382149585
-1739.215687975173
-1661.3142403978886
-1691.8611343994992
-1755.3138132066206
-1767.016328714971
-1899.9758452681235
-1932.772097119991
-1857.937109030113
-1934.828367393201
-1564.370485092156
-1762.6411743529106
-1628.0119735414066
-1847.1075500549691
-1975.140448925691
-1750.7561429091363
-2248.6515077646454
-1717.377794986057
-2003.14184338236
-1703.0829079914315
-1655.0900955368193
-1747.795657345474
-1765.9465566855208
-1924.2070448726452
-1636.9878457519728
-1805.2965065751719
-1747.43982149109
-1946.3956455577131
-1837.7207699914684
-1801.6979851757947
-1659.2094945172923
-1762.3162885233885
-1788.63402450273
-1846.6801471176973
-2010.8232789678486
-1799.6014564295667
-1579.3028732862751
-1982.6524355667334
-1606.3332490084213
-1727.1425555872825
-1700.5184299892815
-1730.8712889573255
-1731.581233694692
-1680.3117320776275
-2012.8788883846319
-2065.543646281393
-1880.5241228077693
-1866.0818236818393
-1970.959369201351
-1881.463965431755
-1972.2477662595136
-1944.6111489186624
-1687.379131959122
-1870.6637039348057
-1901.3615860307598
-1795.9844186345556
-1556.3138392024366
-1696.7296949959614
-1751.333453135445
-1810.9646272968942
-1925.6721889844666
-1640.2475128209037
-1878.4534112990516
-1623.2789470859634
-1729.880985484388
-1639.8334987617889
-1720.9483832667127
-1770.4655550280888
-1878.7017425962
-1797.685626659196
-1724.7687410572787
-1822.6013064076822
-1494.3528836054936
-1584.0081713985717
-1874.4787488085071
-1742.2835112364785
-1585.965423111916
-1899.6158740136048
-1790.8572279959722
-1899.6873183279586
-1743.5599512727467
-1615.2553909861565
-1565.6421580861654
-1779.891015065316
-1555.9222353056396
-1704.1031043737403
-1605.9527679187431
-1826.346966500654
-1891.8634955901514
-1820.853349260348
-1923.188773845309
-1921.3047781405608
-1700.8114723056058
-1795.487692615114
-1776.278764474767
-1863.645206246621
-1579.2084072507555
-1818.673642524446
-1515.771295978425
-1611.3675846664373
-1604.3265662069741
-1746.0910209245128
-1825.182564661003
-1549.4329530125485
-1846.5527425051196
-1769.7962881507399
-1458.049641459345
-1826.322482888833
-1833.5463767963363
-1835.3270183509899
-1649.1594854427178
-1660.440652219807
-2043.21676252846
-1808.773996018659
-1749.982039167033
-1783.1746797766273
-1864.6799820679162
-1702.7882736918016
-1812.812332424214
-1718.9955777135624
-1827.7521100685021
-1795.2263377027773
-1763.0205135451708
-1813.5449373695344
-1803.0957186640508
-1640.5418347661346
-1790.2882534304124
-1953.4386266417291
-1873.5957355915143
-1956.158876043892
-1744.5531511674665
-1686.8508057562797
-1853.807205067957
-1639.0398119545105
-1897.2169381497813
-1783.8549920308128
-1614.0054733007241
-1471.9269871165295
-1701.9834928269506
-1628.8536882376345
-1694.8208108165404
-1747.5406774274322
-1750.25499952415
-1986.0867948384875
-1740.3698659642275
-1665.5138093477458
-1819.9088247406123
-1738.9195694562397
-1736.882768138217
-1606.2946599391
-1713.6816026928486
-1631.1126220461672
-1673.8026051380696
-1929.7872594553323
-1799.2727243337088
-1616.4586341975462
-1834.9682364128341
-1750.9755257304544
-1868.2109528875021
-1719.8766452247182
-1701.5133460095083
-1690.9058736847724
-1652.3353737776813
-1888.782847453811
-1828.4522834551847
-1668.0063347048592
-1665.695986865035
-1714.2323302454379
-2042.416796553719
-2026.5723888390542
-1876.235528220697
-1816.2802351262658
-1715.4334152597785
-1655.8602488133104
-1899.4895106958352
-1825.04707004371
-1790.936863789309
-1637.360724672179
-2060.2053272889275
-1751.0316375980642
-1612.3039759812227
-1607.4535667434025
-1690.5178566473821
-1769.2931921818936
-1636.089512100809
-1863.593183987394
-1716.5630015455752
-1758.5395427263563
-1516.0244126884627
-1672.1694356774346
-1619.5198942283414
-1566.4730307022219
-1864.6280789879618
-1838.6659346866857
-1743.1238878424654
-1611.2553277873812
-1792.4289204841214
-1651.0373866180669
-1892.0517018531086
-1648.7335136462664
-1851.572205033857
-1797.1197107583546
-1787.9950663585146
-1730.9056015747276
-1930.2839128846426
-1844.304746017651
-1516.8796976759847
-1632.601932210578
-1580.1394251236227
-1687.3950321215145
-1829.158359946729
-1984.4756928023642
-1666.3750428317592
-1554.2811078877933
-1745.1668673480406
-1664.9697805407516
-1949.0527136550486
-1601.4683304513462
-1648.4856613189845
-1624.2930083928027
-1511.0413658158548
-2098.3410932003285
-1928.99562169499
-1738.3664027696202
-1545.1047147651825
-1868.2486205314262
-1763.1605470994689
-1501.5435835189305
-1830.5714626022016
-1936.1544541248845
-1745.03473423179
-1588.09034334916
-1775.0576900455294
-1625.744412781433
-1670.3125344523228
-1653.7003387591276
-1770.1412226031332
-1728.489869467024
-1666.0105039064638
-1604.5343054576588
-1842.149162521031
-1660.9001466376576
-1796.5725551103358
-1755.191377500756
-1697.3266802731725
-1525.8005463142797
-1601.5049861345053
-1772.9609382710778
-1618.117118847713
-1731.7444344047792
-1686.7354394825618
-1894.0694120370788
-1734.8126770295755
-1764.001619562466
-1670.8761267439252
-1594.2634929231945
-1737.9652713804796
-1848.926493880599
-1563.216183883838
-1625.3394653133882
-1660.4425075526185
-1639.228100923778
-1813.814394405172
-1868.8761921049622
-1809.7773179209964
-1468.0289564291254
-1675.403159776665
-1671.185561612859
-1637.9817678057157
-1749.4653062706197
-1795.7131813562305
-1731.389241251156
-1724.6479615182411
-1560.7355934896307
-1662.5201175723594
-1848.3643346196338
-1844.6858645460754
-1837.8264143847998
-1911.001069435768
-1635.4062031782653
-1982.3796609993362
-2006.608536358817
-1443.5540960086375
-1563.629995939592
-1732.580758598908
-1750.0162699929492
-1763.8769050801254
-1617.8435888684264
-1790.9839354099502
-1548.3833962674512
-1749.3330876188588
-1831.3284376234503
-1763.4661199460597
-2188.011464782731
-1430.3917202321265
-1608.413597301433
-1692.5050891831888
-1619.1916769392385
-1685.530217076214
-1786.81371500259
-1576.4754725697958
-1555.3470894993748
-1965.0637571689886
-1713.0147880672866
-1662.2523882845198
-1782.095518361936
-1787.4536398551709
-1501.5717989362233
-1682.6661734839067
-1815.6417145219045
-1924.327044551455
-1705.0180730248665
-1828.7799881310473
-1594.2635784280008
-1634.6942900615418
-2142.4217307545537
-1879.4735192777562
-1866.1981699473088
-1594.4317895655452
-1623.6848603225988
-1630.5316259364097
-1844.1181038466807
-1762.426145426274
-1709.6144697587945
-2323.6509306852486
-1743.0018346190577
-1910.4991918040978
-1715.4534459537688
-1940.1712346775582
-1892.1379861136857
-1756.6437649798302
-1539.3017001626226
-1533.7008797982314
-1972.5990503376277
-2011.1295802910674
-1879.4549260590227
-1880.0398722710079
-1600.6570471872328
-1623.0924333022929
-1541.257918621961
-1764.5543627386182
-1563.5419439932116
-1843.4580040916578
-1553.0344480665367
-1902.6065699716432
-1577.5822200381242
-1499.013474608734
-1680.8379620567248
-1653.2757628028714
-1722.4960122197867
-1906.2281678784093
-1851.951094874269
-1827.2925964027854
-1765.7101559421399
-1584.5505161916615
-1464.9200732759286
-1733.5912251783304
-1735.7926443290946
-1755.7318930669933
-1691.7774099814687
-1614.7790250665062
-2113.89040268843
-1810.9630235857321
-1570.1848551711253
-1526.5970346354375
-1848.2889214180714
-1600.377432594396
-1698.8932877752604
-1582.1929829689714
-1686.7670608704354
-1905.5454768211728
-1652.9763420369945
-1708.9179861685586
-1579.1342447055565
-1643.6174835109116
-1651.9369567127467
-1710.3008330191676
-1752.6886275152435
-1546.6131116304227
-1995.168220133989
-1610.3698627588878
-1748.5377918538493
-1620.4926524349178
-1627.240435416173
-1823.7117611850895
-1551.317099033116
-1722.5986584106572
-1732.1158962242246
-1718.4554704412553
-1806.0594469382097
-1627.2845978043283
-1573.1156950259729
-1753.347556479838
-1620.7933195668438
-1807.0422801353682
-1593.978342287329
-1713.8625161772616
-1802.663700918061
-1505.8523470726202
-1624.8821679905973
-1923.053338779518
-1507.4818401791824
-1677.5318140920324
-1656.94800088045
-1796.9821858503985
-1787.9060300782846
-1691.8777697771027
-1692.528924110971
-1666.9526006851318
-1713.3289019520014
-1712.6970882295848
-1674.8932715926321
-1763.9670499081953
-1799.709422988416
-1757.9601337425113
-1652.116574954371
-1879.935664145517
-1761.2785139276164
-1914.1707817765448
-1550.681315755865
-1621.589324795398
-1441.582256018209
-1549.4599722620574
-1765.497872942131
-1923.1654298722997
-1614.8983296061697
-1877.7314516998763
-1403.4685668768288
-1755.826199834102
-1735.7936443800188
-1873.4583005979584
-1729.3907926582285
-1743.4506237415846
-1639.8073237289095
-1826.5940170814556
-1511.1974089874686
-1689.098810849246
-1497.7452763753265
-1784.8462372507288
-1857.0522731803865
-1978.3953802775538
-1687.2296671576366
-1887.3496228720244
-1704.318506722943
-1579.0007806226242
-1911.7835515629022
-1565.641637081919
-1779.936123334289
-1723.3277111782088
-1810.2669933999996
-1639.747763751208
-1451.8549332396717
-1827.651636811882
-1827.0061045865227
-1878.8868746680146
-1646.5859610136254
-1634.042360413405
-1761.0633471749788
-1630.1984449626807
-1716.0460060248408
-1739.540236637704
-1556.8284438785506
-1779.8154508978348
-1766.9476255979373
-1806.6901389549778
-1527.7973859072947
-1712.5544219646329
-1663.2756156190687
-1919.7884211217777
-2013.184776218555
-1757.1070059521883
-1623.7925473164632
-1540.6632010501253
-1876.8880522748282
-1659.7050917309264
-1545.3371857687875
-1636.453810459664
-2039.914455091042
-1552.505140745797
-1652.4070018368468
-1657.04994247373
-1939.4250139887215
-1587.0670388832123
-1809.6901653888226
-1759.7959478074247
-1847.3675086007925
-1704.6206448048044
-1579.8022213688016
-1792.6163937809688
-1872.7759055366744
-1714.7997006459868
-1766.402639071698
-1869.0359683992701
-1615.148364334874
-1703.4348826868716
-1803.4775832859493
-1601.8301830786456
-1722.3956334752938
-1750.4639647335448
-1764.742226244293
-1661.3237528890122
-1960.5494380737432
-1645.8116241486482
-2003.4810572012934
-1929.809793051645
-1930.5952625075738
-1523.8994344519235
-1861.087902032289
-1600.3927021150491
-1626.1101266273317
-1686.2282769519777
-1525.5572459609027
-1959.0249607681326
-1765.8314636354398
-1625.2339253113682
-1969.4783798881926
-1540.3038951367996
-1804.970388391174
-1981.5306990594854
-1626.5290590612406
-1617.5807107295705
-1638.2203433131322
-1524.599259461393
-1628.022917263455
-1736.0186106480041
-1890.9618659119858
-1787.1386766309276
-1647.4325142255884
-1600.9613069483394
-1636.9877363934518
-1717.2787701870375
-1717.1700365105644
-1542.0694351363745
-1640.1066258823691
-1703.2118974422242
-1633.1031130288725
-1964.4473342336653
-1831.867618045405
-1556.4227945024786
-1823.4465369506581
-1727.1206000667814
-1898.2358687838346
-1731.4010165289853
-1593.3963240985515
-1774.9502385901749
-1797.3166356994304
-1629.2865372321166
-1987.8473342595894
-1849.2490524579075
-1555.6228654833324
-1554.526063437475
-1657.0277723065321
-1615.9659420366497
-1748.2420527281392
-2095.99125086572
-1587.3649875677318
-1550.1140355291757
-1839.0894758191
-1544.6201205746486
-1612.8515793290949
-1684.5113089879392
-1525.1391450304566
-1553.2974847301382
-1946.4461410449053
-1664.2327441510936
-1724.6896995021275
-1775.9233353675693
-1956.678037744342
-1517.2767656780272
-1783.6968409366525
-1696.3006718251381
-1487.4250216106254
-1757.9697959292455
-1516.9377608496893
-1703.3758302968674
-1840.7723731895596
-1610.713256236596
-1716.5643035058056
-1626.5802288099446
-1577.8025607664215
-1691.777966096142
-1818.0489853958757
-1792.0476015883032
-1555.2416125684608
-1714.3349708667906
-1652.1978926971983
-1619.3769514708863
-1619.0478392469045
-1601.3294407337685
-1458.2428892278892
-1802.5268905886355
-1568.9263431452525
-1871.7298189925045
-1735.4629982707354
-1618.2287620641034
-1890.403106069422
-1756.1168512385327
-2154.1205341981936
-1687.1574679028165
-1650.448221008551
-1897.1872789462798
-1803.6361202353985
-1549.5479789640406
-1518.7387487158655
-1837.9021278086593
-1697.5919808194678
-1690.0513925082262
-1817.4426116998652
-1623.4884672372277
-1697.0190306969312
-1600.3297853330598
-1658.3466093510744
-1820.3533978264861
-1853.126564469542
-1831.6259606216895
-1742.493876255496
-1595.097982328099
-1578.8745273222335
-1516.7923265157706
-1781.4660729983611
-1484.6858379392957
-1720.7781860450425
-1885.9382219563975
-1621.5833564338182
-1619.056548087657
-1448.8913712394435
-1825.932910048261
-1844.7719527166264
-1594.8695106657435
-1396.3506027215708
-1588.117651390331
-1914.8587397843435
-1646.5219944719913
-1742.072845382501
-1696.4645679071564
-1660.740907523479
-1678.0934165932727
-1376.9332901730202
-2009.5707821051747
-1735.984636895827
-1722.2000717970225
-1572.5762913826075
-1807.6023613836223
-1851.0831073220033
-1764.9773338293069
-1470.8987743023436
-1613.723311198488
-1760.747156303248
-1637.969924148855
-1612.0457635826779
-1676.1482566990057
-1441.7260791766444
-1760.147704019383
-1699.8179286415068
-1729.9515087783386
-1792.708805366846
-1616.0246395136846
-1564.3999576368028
-1747.5789911917545
-1740.886715433107
-1547.5668786073395
-1653.761101731785
-1650.2432786262145
-1851.9689009021122
-1686.5444197985223
-1583.9017443757452
-1854.958879038399
-1817.2792750599265
-1694.8430470000374
-1480.578279333785
-1785.7514311513935
-1546.507704399966
-1746.5391557818818
-1551.3989377039788
-1617.675551097757
-1836.5501689027924
-1954.7111030630772
-1670.5095866041413
-1745.8254012839918
-1914.6389804693258
-1883.3406767511833
-1719.459820376784
-1722.5234650404034
-1783.637573202802
-1733.1903242844098
-1686.2451909999986
-1565.312185637673
-1533.3356170002423
-1648.27209937203
-1651.709074722111
-1639.9632508736374
-1660.4276994274232
-1895.589034241858
-1625.719541592446
-1683.2929060246688
-1780.6288396922016
-1652.341530721395
-1543.1235365009472
-1514.1316513523568
-1708.0592654185073
-1519.9764481435616
-1723.9802748346647
-1375.6806425209925
-1475.4751995832619
-1787.8192801304415
-1711.4294509184597
-2001.0088428431059
-1683.9747928670513
-1875.5106195492313
-1653.9953809630188
-1529.0835843070486
-1732.405277273286
-1549.6275026713524
-1672.2163524541847
-1711.406377169893
-1778.4733303789164
-1636.7142437380312
-1548.8599781455196
-1871.139606792055
-1704.8846600297445
-1470.9847506899305
-1744.2544369702148
-1556.3586559096614
-1702.195419144102
-1929.1501323285343
-1969.0021534187215
-1671.1212518179366
-1328.1008743773991
-1688.4548672502792
-1595.607298761846
-1760.9207548868774
-1784.4434941904037
-1671.5283518027804
-1496.5732756141335
-1705.6099745429322
-1657.706454303051
-1555.3165517325335
-1439.4740930369983
-1617.757723805518
-1511.9361814560925
-1635.640332635838
-1639.7316525584993
-1499.0629595108405
-1745.1202595069033
-1802.726514425093
-1567.3948174482998
-1699.521594534675
-1552.694035575955
-1583.1530343620282
-1477.401306198619
-1591.5116725652797
-1696.9712856296376
-1741.1854602639278
-1489.5189521897807
-1642.8943359536747
-1555.774322831886
-1739.808494162659
-1760.308245656874
-1721.3644383987066
-1506.8105923996939
-1707.4274552738984
-1855.6057616710407
-1841.895380187766
-1511.1568456706898
-1502.9858110292141
-1677.7120641430606
-1727.009169592385
-1762.61629590894
-1679.7672495494123
-1750.9473504091332
-1772.0797318874659
-1481.7989546632434
-1631.665640942776
-1586.130338503621
-1825.9925090181257
-1570.1212989564467
-1603.7189235428605
-1645.4328678690624
-1680.1210627910198
-1764.2624365764393
-1496.8176766379017
-1700.2766625983934
-1465.1650189493373
-1631.2189293810827
-1684.897393702205
-1691.2369934748829
-1520.8159878210108
-1552.977884241936
-1880.3731016444358
-1560.9115260922117
-1764.1458739436946
-1476.8390457119704
-1513.2161478710625
-1592.3286945528555
-1720.3150930544884
-1519.8920615209042
-1783.3218363847886
-1594.8228996112541
-1793.6829618966515
-1775.4015765655363
-1671.3637730756627
-1640.3877207543499
-1822.6537429059215
-1690.8572496925929
-1725.724016216551
-1772.2351079095554
-1610.9024881883643
-1699.4535951126436
-1571.7785576411327
-1507.4836261700164
-1774.1401864452844
-1758.6706324482523
-1524.448732251841
-1689.27782144223
-1550.018063078746
-1686.1720920657108
-1895.6013461032485
-1525.0161209401028
-1766.0652641144509
-1553.6741952243613
-1630.7361668896956
-1563.1383462459353
-1606.8386735897836
-1685.1391138641864
-1750.801227667624
-1427.2412322772482
-1764.2307038499926
-1559.3699236451614
-1623.4733542923932
-1560.5207141775002
-1582.0927143018032
-1740.5259474437325
-1573.2263875660522
-1581.7248355005102
-1540.9156525619187
-1773.7240927206883
-1556.396541430687
-1350.5666021638142
-1756.094233706417
-1444.8515940779196
-1764.3316142438648
-1618.7953117446775
-1656.4102549703869
-1675.603258246874
-1644.0861234739098
-1537.578840631925
-1767.9134124756783
-1726.8618168812109
-1687.4487550524389
-1634.453448616322
-1572.2111544253896
-1736.73509859691
-1588.9339125080453
-1565.2416836276047
-1535.7175815505389
-1626.0812084521795
-1596.049371703182
-1517.789258536237
-1909.618100243732
-1523.5393537635503
-1447.1410836519237
-1521.7704325780894
-1646.85174580196
-1736.6468838342614
-1671.3006786786711
-1732.4234095336426
-1512.0864045597684
-1710.9632200467736
-1483.0246588442096
-1598.1247861617978
-1576.0288820128394
-1557.6586657596627
-1700.700694707757
-1682.4373506886295
-1751.3962303192973
-1693.5435959535414
-1804.2710099503913
-1891.3785365339008
-1673.3171437509666
-1666.8247581111295
-1915.692351749307
-1648.343455889361
-1567.4444596803087
-1679.9996124896745
-1647.1445329476985
-1722.4505845097142
-1537.9095110375313
-1710.7140963168981
-1564.3207238996554
-1732.4997562692718
-1649.8523314287092
-1460.4928133720864
-1684.9005362257112
-1571.382957713113
-1542.052413887091
-1777.6250714251082
-1565.491173638514
-1719.6777854176555
-1645.47398945186
-1546.5107125026636
-1863.9627665424912
-1578.1281049256818
-1541.3906699719462
-1522.8835773399055
-1560.0610319841296
-1844.415693848725
-1532.977812011601
-1589.220069557505
-1697.9823150722186
-1589.5377155988485
-1531.746761537759
-1632.8777275008422
-1726.1660562567783
-1627.910728693109
-1723.3889314162416
-1798.418722812151
-1616.861347278265
-1655.872552593365
-1664.2252271437223
-1622.7519983656623
-1841.5967721084837
-1675.4816241835397
-1594.5303903114211
-1678.2245957776315
-1599.6531645115663
-1902.1580905307508
-1704.5238599996162
-1613.0776881320787
-1787.2332538347807
-1679.5054077965501
-1779.0486177761593
-1758.2580435860607
-1673.5781248711269
-1759.7418645134035
-1688.6706665024283
-1798.1911638656582
-1763.8464380629978
-1589.2747480105486
-1817.2129355101806
-1485.5963163852155
-1564.7281827283007
-1547.9202902450877
-1614.9226781192797
-1595.828916087232
-1772.6596091778933
-1475.4952353726387
-1639.7833072642381
-1687.334052720002
-1486.308863212847
-1779.7667216706166
-1720.2219860185405
-1871.6190941947139
-1639.7765693339497
-1589.0384728484732
-1695.1160481675327
-1764.5821265263376
-1522.8241240388843
-1690.7301120678906
-1649.8867715583042
-1688.6608349437254
-1612.90998293676
-1741.7593483039846
-1568.539054928717
-1491.328628696887
-1619.1254069341405
-1963.0479350688324
-1602.4531976519365
-1510.8042625849084
-1730.5996107636277
-1699.2244887156394
-1639.5449027786817
-1827.1529007820088
-1755.7926867037806
-1696.2232367822583
-1684.780822419891
-1660.5549435955095
-1603.1586461844581
-1873.656308250023
-1552.1540795335154
-1798.2066027730864
-1487.5058381897995
-1676.376591068531
-1563.3317634111684
-1640.4963268122071
-1807.5231953986904
-1556.3762929761224
-1799.328948377798
-1618.4474696610514
-1795.1401053617326
-1627.9826395956213
-1777.3416832079579
-1585.2944959838765
-1673.6591061787562
-1689.3827530691592
-1584.6978615394885
-1550.8324791297487
-1675.5477667586622
-1600.695739171616
-1460.1255174001426
-1618.1774456327908
-1647.9323029545678
-1693.977206347363
-1755.994031479641
-1522.327103285045
-1689.273544083238
-1761.2067692390049
-1511.3042366381621
-1581.3135546208575
-1514.6862800412327
-1638.3643237893434
-1624.599783089686
-1528.5647576205315
-1719.6532313898858
-1584.6334690464892
-1606.9023105219085
-1672.4922452438566
-1578.1372166332183
-1730.6473998344293
-1626.4575424948216
-1662.818262325878
-1559.7219873802753
-1676.4132006659424
-1635.3913268016001
-1678.8449881570345
-1619.3880481995552
-1598.9348645471798
-1814.6099929182
-1928.2768150662014
-1529.549510521318
-1775.498044691303
-1587.0981181076747
-1624.7960156244428
-1634.5835630093911
-1430.4945622871685
-1561.1294904550339
-1778.0219005174265
-1520.1681062340324
-1874.6684537661404
-1617.079229972417
-1715.9524475409805
-1611.0790924860312
-1747.8549052802607
-1603.255276826233
-1734.976240249864
-1607.0071661052898
-1579.863416957588
-1666.8238514780408
-1631.6608096640814
-1622.6247019003372
-1786.3995963527475
-1519.5157134468407
-1458.090344838845
-1468.4608415092673
-1810.0545372659556
-1720.2625882498448
-1774.2194251217168
-1474.4004271504286
-1557.8384617461115
-1756.9961612891273
-1889.07387260195
-1605.3234822865086
-1569.6673148383218
-1665.0893700739687
-1490.9599451575518
-1663.202890402161
-1655.2801449706906
-1484.772078667191
-1872.6110687469134
-1513.3060347450912
-1615.3364724928501
-1603.8172014565139
-1804.0293108435158
-1583.7143529139591
-1602.9891753922655
-1625.382110372266
-1666.63054328173
-1524.38141249569
-1526.8258339900708
-1870.7975897687538
-1757.8550475783697
-1663.8393350102574
-1720.5395376670892
-1511.4477881756163
-1657.2937359711798
-2048.1869988264525
-1464.0610151125413
-1556.585769817848
-1640.4488021042316
-1603.3499259787882
-1640.0301891152913
-1748.5639739409276
-1653.389260131771
-1722.262389488447
-1636.0976574777212
-1608.1665408960193
-1608.704400910757
-1613.8095370903648
-1672.365761330712
-1811.3787813372535
-1722.8216188656502
-1709.294390031367
-1684.579973693544
-1460.9501632222111
-1462.7647358936633
-1914.5557011989774
-1716.7601355468319
-1646.8567551104452
-1521.048561955606
-1620.4835584934544
-1588.9723673823473
-1589.9759082010085
-1592.0301091699491
-1643.7417653727578
-1439.0624826691874
-1592.9713250017876
-1551.7544387913583
-1503.7996196238903
-1488.9138650287448
-1661.2574447816758
-1849.4870160938135
-1670.429592360312
-1747.257392184183
-1736.712324687307
-1559.3748498097536
-1649.4102948080858
-1439.0403427817794
-1556.7440680057198
-1652.142814239042
-1580.944145618404
-1827.6102624493944
-1655.2857301472038
-1730.8663398354743
-1510.4543566855991
-1603.7577273476686
-1419.054583272591
-1700.8643954057525
-1705.334564936608
-1669.4698342535623
-1559.3938377240681
-1480.6241255589218
-1698.3450565586386
-1549.0785069317208
-1857.5357591106872
-1570.874316440637
-1495.1012518417936
-1751.38617597508
-1778.80206996877
-1696.0893802203643
-1537.551176547246
-1564.1430665252876
-1553.3407159571193
-1616.4301972277476
-1629.3972481485248
-1540.2144708129947
-1646.4915287816657
-1596.5626435567349
-1687.6850869481725
-1730.620443826906
-1712.5692429377877
-1443.3530779798327
-1583.6651234809042
-1867.3532855612177
-1507.0491816181382
-1651.2391552234963
-1800.8918010715377
-1417.7466303008616
-1679.4207165764076
-1700.1044767284689
-1705.028808666573
-1590.2670248628708
-1557.3915763055388
-1416.5981309601545
-1755.1413018563396
-1762.023849701607
-1588.1491054485557
-1603.783602438953
-1812.9219748204268
-1837.186299743515
-1674.4243029755592
-1525.275994971813
-1648.5450525855408
-1766.6869971088606
-1480.1281073456087
-1672.6224632120882
-1845.1880033274344
-1754.6727048019325
-1602.8788405408518
-1678.0297130091512
-1564.8180925032925
-1554.075706938775
-1434.5517795035041
-1575.3040986360195
-1775.5348496737624
-1684.4329193799629
-1439.8275007708708
-1631.103432821352
-1683.6831862616234
-1650.9946197255547
-1789.8430544722999
-1537.4387697977334
-1597.3317643046146
-1467.582031418722
-1715.3003966836548
-1754.2001212569398
-1614.0300777868795
-1677.9428880691112
-1786.6465350386204
-1621.3775567824537
-1766.8578258584628
-1607.7167980596166
-1463.5312191610403
-1632.9689642521012
-1442.1500156119253
-1587.041863050682
-1600.7703573262843
-1569.682568181497
-1735.0420878859134
-1674.4904021216469
-1594.3949811308623
-1632.1232292011202
-1566.1418573815822
-1524.3653409462706
-1621.1729685747366
-1484.0267450338938
-1786.4246895452814
-1713.7127262993315
-1550.6974387764963
-1752.9479841781258
-1663.6863515752686
-1646.013701478345
-1505.9315625229626
-1792.7858926138406
-1712.108690888503
-1792.6608093477626
-1642.6121220545988
-1585.864188334909
-1906.1004605173896
-1618.4965556672405
-1604.088010636368
-1617.9086170512303
-1469.7704024054935
-1660.645970565777
-1870.079840023891
-1726.4681032946446
-1655.8361085766276
-1604.3870092808074
-1628.3337853106766
-1822.893033630386
-1632.9994766315735
-1517.3344534462728
-1651.9271175187612
-1739.9407533685019
-1620.2719358647273
-1570.8831593217453
-1549.569754236751
-1546.065583184029
-1947.801285415718
-1555.894417699337
-1659.9594333451214
-1507.892191395373
-1461.0233746327378
-1657.3136031850227
-1694.7786871788765
-1596.0025215469807
-1665.1584588670278
-1598.475737089793
-1763.4219982641955
-1717.4692068578572
-1702.92057335392
-1649.7059371723446
-1558.8224900431273
-1647.6864113885413
-1486.5163642364869
-1618.3671591540142
-1586.777297889133
-1760.5606165226689
-1549.9861793281596
-1646.0743697106914
-1659.555305403249
-1555.617525225418
-1751.4720705779775
-1763.0491805433905
-1685.958043490278
-1673.0211960040679
-1806.7972420709432
-1693.0124703763286
-1791.2122589682442
-1555.8480441139252
-1567.812493321274
-1621.367690903431
-1607.9074824183633
-1619.8792091686691
-1665.8389320646218
-1797.9230794072898
-1753.7998871243196
-1697.947376913267
-1649.147302099748
-1780.479805836217
-1527.973842016884
-1701.8254962783424
-1658.356741373712
-1545.7730282144553
-1618.321417433834
-1722.120731473465
-1624.9022347399234
-1576.9093886003066
-1692.1745716964401
-1539.9914670346664
-1516.952814607657
-1600.8640045337713
-1370.2474261617695
-1700.861325705769
-1713.8899770739818
-1689.9963949337327
-1754.3784602885144
-1768.895305404276
-1755.8734735907503
-1736.9219757026729
-1642.4570593729552
-1747.0191909687028
-1634.4218056979616
-1596.5006306224304
-1565.7421752123992
-1519.3096630599523
-1698.2690053081737
-1778.692649664756
-1661.9683225744811
-1527.142913327936
-1688.06389403563
-1519.903681897286
-1508.7789967495794
-1712.2465838965688
-1713.4692658300633
-1517.6968602126892
-1524.6052434778796
-1754.0603672278462
-1630.985610201796
-1652.9083983884814
-1770.6751551727818
-1643.8615493276054
-1652.8749496902587
-1767.0854216470648
-1822.540148026166
-1636.2929329387728
-1503.7790671860223
-1697.2104430758122
-1755.6488875715863
-1658.2617140809436
-1723.832302997664
-1596.4646570516663
-1492.2013847293263
-1601.0755188734142
-1631.682548817558
-1671.052918077652
-1650.094602377912
-1688.6673154390226
-1527.893033654854
-1808.7892881702871
-1820.7468766815505
-1708.4959052775384
-1668.0013999891396
-1588.829853124565
-1808.8920463657337
-1702.9621953159024
-1569.1869181583595
-1717.5809730975022
-1729.0145092356345
-1575.7469230494917
-1757.9621109328518
-1645.3851406782792
-1458.8991741132982
-1403.1133842951024
-1594.4648296798453
-1678.6056607458434
-1671.676998674857
-1657.5447123533029
-1816.9001755801116
-1540.1159109557632
-1577.793519280191
-1775.9663986648818
-1577.560736009296
-1652.4805355024669
-1831.274968401207
-1623.803901238324
-1679.0451140332843
-1658.2958445647803
-1715.3055860381437
-1573.2098880320368
-1685.4938350503337
-1801.1500865711298
-1854.034759365836
-1580.6826741092632
-1706.0256860889344
-1587.419483276342
-1634.993371258899
-1463.2417081213955
-1567.439175762289
-1691.4824348753357
-1556.890852069296
-1638.4929046601903
-1602.9605639773936
-1722.9519298146354
-1592.256631022641
-1642.025633396571
-1453.9430359062505
-1523.3512286172192
-1639.8745472150833
-1615.573368427377
-1519.0179080902262
-1720.6061772160544
-1921.4087238339566
-1782.070892450684
-1526.4227628518272
-1886.9040551911464
-1627.1030103844225
-1665.7916859535346
-1644.6619633444807
-1552.7343583028235
-1676.9126630411413
-1663.1864240803013
-1595.392962826909
-1779.5055542690886
-1720.2500958810108
-1538.1608296691015
-1711.648050790285
-1640.4544783377125
-1739.7273971161458
-1770.5594325460868
-1769.4282067262081
-1868.3700700889137
-1528.8761385407263
-1611.999195459528
-1708.1199659430686
-1770.968113923754
-1561.5131671132315
-1763.535212273272
-1612.6010573086846
-1771.5507395723919
-1611.027067959338
-1922.5643665149223
-1666.3441791728408
-1723.0838921083416
-1574.1694852528726
-1759.305000968997
-1676.6403731446946
-1774.773276299574
-1642.1325450115514
-1656.1388390570362
-1586.427918799659
-1503.7829409564663
-1856.5222341742901
-1675.7837632635217
-1546.1336708082742
-1584.7839347984018
-1595.01948901949
-1554.9128601102957
-1638.8449711707938
-1821.0605112468554
-1584.3940380352212
-1512.9364000286434
-1893.7101144330031
-1725.0800818755145
-1695.1587091002398
-1577.7728782151937
-1810.3054142727535
-1815.3074809461789
-1553.6082861750451
-1593.7699464722073
-1698.19708393803
-1571.4965189279958
-1551.7920777618929
-1618.274672814767
-1603.9636978667388
-1706.8575856119426
-1455.606230334454
-1675.0403318536949
-1759.5080839819925
-1608.367501393022
-1844.6821368843398
-2014.117180668927
-1755.4490942280702
-1921.9179089945778
-1557.060557914361
-1787.3289105589897
-1774.1089502222355
-1589.7934705002672
-1936.2912097529386
-1774.1316117453161
-1588.8277986714147
-1595.0081117855789
-1651.8134815515787
-1610.2628641777405
-1843.4970702873384
-1608.7051534271957
-1483.0986708046999
-1643.8279718085419
-1721.1004824440545
-1641.7861580952008
-1713.4364297181485
-1694.1900064989982
-1802.6189535765259
-1631.3263847808425
-1726.8311346338126
-1726.6216874554623
-1695.9736861765552
-1381.6705755098733
-1688.141069201745
-1791.6112537893634
-1620.3889565529337
-1651.3898155499787
-1626.7734217998113
-1579.0512577729544
-1749.1208405869181
-1556.7840576635215
-1728.4294682177103
-1462.1190165704284
-1586.3968608474827
-1585.5257150333566
-1669.6357542517055
-1606.7466141968662
-1582.1999181777442
-1753.2807642579548
-1681.9029253610506
-1646.971661154282
-1803.795071854082
-1704.2953905249299
-1536.5755175301617
-1649.369792856589
-1788.5031034049393
-1575.885665091499
-1664.1938314808717
-1713.3385157466764
-1575.5188826601393
-1533.7313154835772
-1609.444975365447
-1509.5717416389539
-1393.8382178092497
-1522.232825473706
-1599.8784969027124
-1676.0337607663446
-1495.4314450993102
-1637.0337245153526
-1677.5015351604998
-1505.0916067700994
-1456.2993365349591
-1632.6686091105225
-1726.4459400127491
-1708.6251495013844
-1620.420173191988
-1493.6053019121036
-1787.320164450634
-1468.2908892351757
-1650.6849228759186
-1542.7505956195735
-1636.0856491989707
-1506.0948465095908
-1565.285220483674
-1522.3497472129459
-1689.2844264645107
-1607.6434836350354
-1668.7872521685194
-1622.8046984383095
-1671.0018779926388
-1665.8460397573194
-1763.9047866199276
-1831.4050812435135
-1792.9195162364406
-1784.4434648629333
-1567.4109826027563
-1533.2272296200188
-1576.0109045012573
-1639.74224698333
-1667.6621955063792
-1542.2922720429635
-1591.0025431671493
-1462.2996900309179
-1604.536084617825
-1561.6845762351716
-1495.2225470988385
-1714.4405044366079
-1734.4633256912418
-1621.457599032322
-1776.3779664509277
-1671.9589031094044
-1697.833132301986
-1650.6427304255938
-1617.5938477411303
-1557.2641832513436
-1663.957760351402
-1568.3084437823375
-1613.6550356710516
-1677.9736369306947
-1589.99712803182
-1547.672659394222
-1729.5661945885593
-1682.3498875567882
-1765.519351371509
-1738.760923034297
-1594.811541263346
-1477.4722067992664
-1711.4759276569994
-1553.7269730295882
-1530.6912707041674
-1479.572652859514
-1601.6732859897631
-1704.3959199754706
-1551.6814382523269
-1621.1923982576839
-1850.7733061685672
-1548.8023642519581
-1636.9128453982114
-1620.8175579452393
-1636.8596821165986
-1488.034067483072
-1496.665873870426
-1440.04278372853
-1744.3174273290322
-1653.072563129774
-1601.1603329220172
-1606.0727454806195
-1464.605921326615
-1411.2566855011826
-1754.7617702369898
-1696.0913536683133
-1719.143658156714
-1626.0891781829775
-1712.0597307039106
-1658.9125589804369
-1724.4583694586552
-1786.9097958682646
-1702.1543654499042
-1564.9218643194433
-1466.2262695320985
-1717.637948105216
-1631.3368376658932
-1764.0785189054109
-1798.4769337401988
-1792.3500716343797
-1708.2100656703883
-1618.1499164504946
-1663.7387024361137
-1870.2345683729814
-1892.046540249404
-1575.6817927442883
-1505.0079498399007
-1698.5489994470636
-1581.7108120452758
-1705.7350913677174
-1822.5354253274913
-1662.8690737497384
-1689.3742237525437
-1712.0858992488702
-1551.4952182524084
-1736.4044153417915
-1691.0402801629043
-1473.6160837414213
-1688.7786477182808
-1639.9153625661213
-1679.4110553692744
-1517.3326883798136
-1491.0900373214258
-1425.8219995147228
-1792.3393683351535
-1499.2093571415917
-1717.7313480659698
-1843.7672098477076
-1639.2091378687512
-1610.538450507129
-1596.1292388449056
-1628.5262750357344
-1489.5091487064171
-1851.068850917788
-1637.237543200754
-1526.3300568211077
-1642.7760591922356
-1589.4917408725917
-1532.700947747095
-1609.3501589688265
-1704.6626936181244
-1585.8844986261881
-1529.3168514443812
-1522.716012185237
-1664.5365643181467
-1715.5108385838578
-1672.6154449770945
-1605.9077547926722
-1672.9660332057954
-1583.7351517514298
-1513.4057984710814
-1707.3168193461552
-1652.5064312597115
-1624.992313087031
-1677.3031638452908
-1665.3742554110286
-1813.610931043133
-1468.802419973021
-1586.3982404192946
-1691.2450565408776
-1718.989738541548
-1666.9488598436228
-1650.628071596247
-1654.453620202288
-1706.1157052914828
-1560.5704063480603
-1617.220869832706
-1696.4443164685265
-1578.2975157981293
-1669.4226122226962
-1644.3512561648324
-1540.0270446552593
-1781.5961998537139
-1610.4847620745818
-1452.9304434735036
-1736.6686909204345
-1674.2411444450147
-1699.9696921549148
-1673.8819425296344
-1662.5924183945035
-1736.0267835269988
-1575.7266819678027
-1570.2284130225344
-1685.2113381778438
-1806.3249961469664
-1713.6553845287324
-1552.8032201951019
-1798.5850941971728
-1967.1850912241698
-1800.458980980682
-1616.9039993597585
-1658.3918745212943
-1542.2484378847528
-1690.1891202347979
-1689.3333689600083
-1611.9432530838305
-1636.206395137822
-1843.4687273166103
-1601.6511901814074
-1456.754873300895
-2000.276555514412
-1609.9905693361975
-1650.172671877776
-1647.7183539385387
-1713.4962626292336
-1572.5410647813042
-1640.692725171166
-1610.5075324703405
-1411.9528309026534
-1569.8911910311565
-1655.4016334053447
-1631.642931052524
-1724.3078807432394
-1543.2439681960388
-1594.5145365981955
-1508.1197939521517
-1454.394133310302
-1917.6407149728764
-1600.057359229839
-1582.4906139229513
-1598.7291548565368
-1541.2393797659706
-1650.4064868354758
-1556.7517531083734
-1632.633879273673
-1663.978279485352
-1730.2332512792716
-1670.3770405158878
-1440.8636387227823
-1598.6346842642035
-1660.6045122688236
-1706.7942956076954
-1533.6131565191806
-1700.2574621618598
-1608.7464416094265
-1650.9431415800843
-1498.6812787559159
-1503.1212826608514
-1669.9788645400588
-1590.717248970137
-1700.5180744488407
-1602.2689179204062
-1727.2111505568416
-1571.6850565567663
-1681.9164518617538
-1690.0485576383078
-1546.2908459178884
-1539.8618747900593
-1706.1680665139158
-1711.2844584371926
-1594.2725074307166
-1603.806313262184
-1748.8287161029552
-1420.1265571746426
-1683.455629364986
-1687.6241817347984
-1639.90822997925
-1608.6055895091304
-1623.4235330141464
-1472.2917833267172
-1630.4431796665442
-1497.7515521894445
-1503.2770463791292
-1812.4040343755207
-1639.2491735375493
-1602.5034378512132
-1773.8767206461425
-1796.943833388696
-1410.1241260725035
-1641.2046954570003
-1530.4093817885346
-1564.5903918934334
-1733.8682876507867
-1693.9870297054936
-1586.2780744712868
-1705.5823331272486
-1489.0388256452588
-1767.3285554119345
-1670.3548447836906
-1452.1354310074148
-1599.4725858721397
-1733.3410663428967
-1535.4820784694264
-1507.6861080966382
-1646.2229034241084
-1727.1156187215402
-1671.5305851486362
-1633.8195601800182
-1560.9491506921465
-1513.8935458476853
-1665.6055951751605
-1739.82758248212
-1773.4571014997105
-1739.7904275113447
-1718.1355507760454
-1699.9161963494469
-1665.0690573157924
-1629.4378712517193
-1535.6589647345372
-1461.8997003146203
-1738.2347810251028
-1770.1037422214747

