-27082.299338648827
-23015.241165427047
-29913.078971628373
-25329.56825625044
-25793.018341330007
-27287.038492183994
-25741.89804555854
-26946.18369706666
-29281.447541148118
-24952.032077263288
-4491.383334462067
-2817.3611380196553
-2632.1793738727843
-2837.85253157795
-2232.8381792254977
-2204.25638744705
-2114.9900383187073
-2335.2251588293325
-2342.882694775511
-2522.5805602841388
-2475.4811576409134
-2534.387781921353
-2284.4662321797528
-2347.171152755341
-2163.4176175463263
-2276.6923963696436
-2572.0190013959477
-2552.846502298758
-2883.717723730742
-2193.3421090808138
-2111.699935607974
-2100.0502721549883
-2373.322336300005
-2334.379276337545
-2391.6631705235827
-2387.1956536798393
-2444.737630128017
-2365.692603708966
-2071.1071512919975
-2436.977578123506
-2325.827627703124
-2407.244069854326
-2382.4017922451017
-2239.5926905350993
-2320.5049899703913
-2514.3991108231858
-1966.3507283587273
-2293.3447099114733
-2162.7344750157927
-2110.0153956518984
-2146.8672949715783
-2110.575413051276
-2311.535871540449
-2006.397239503556
-2410.5865009743834
-2056.0106548516796
-2034.885837006432
-2176.0055537989256
-2221.943618870257
-2242.3273248392584
-2031.3351765213172
-2114.3613340430265
-1931.9421597728235
-2065.152878912336
-2192.728750890763
-2220.3281286404076
-2007.2462675974762
-1947.768432833122
-2337.080266511451
-1924.7791778018966
-2052.5867972797405
-1772.040302852665
-1906.3194942933997
-1989.9932748989813
-2003.8671322375337
-2068.431939863259
-2168.7166389504832
-1873.0288792062827
-2105.360892413881
-2108.4981304416924
-2214.039627393028
-2349.4682931934094
-1910.3894210227495
-2032.8435026192708
-1873.0598392712097
-1914.2531254755586
-1987.9281357887203
-1984.245382534245
-2124.2351546108475
-2442.7062943303786
-1868.4063329342814
-2131.079031931779
-1880.8674084982767
-2124.6874248332983
-2036.8675162763263
-1827.4460181619472
-1959.3184561437752
-1792.6295844087037
-2002.7559885347403
-1806.6647920851337
-2030.2135011708767
-2006.7640231933747
-2021.9084216838621
-2103.3504709367394
-2138.890890293693
-2322.8397784930835
-2064.3483141244424
-1865.2081657385631
-1914.2141555006508
-1916.6178329100521
-1805.4633032322838
-1728.0974077233857
-1910.6140729553533
-1967.2566991495378
-2358.2721767252765
-2033.2690617191802
-2372.365744009877
-1920.212449809318
-2254.8871547724216
-2450.0733223123557
-2007.8230968974467
-2080.201068312041
-1853.3450765348005
-2164.3979529754156
-2015.1073918935163
-1999.7377229765505
-1894.5763117119498
-2583.0919874576653
-2172.351305035664
-1832.8983722721157
-1857.0137091575807
-2015.1356835255754
-1822.9842140781782
-2046.0448161883942
-1801.9253628401536
-1934.9571162247853
-2088.280510959364
-2297.530603063171
-1963.1353021644416
-1857.4182586304287
-1802.1578381602149
-2452.3326373982372
-1907.916559602221
-2049.16074800245
-2067.9059856813205
-1746.6998314230818
-1825.6203411517783
-1911.5635063232935
-2003.1288947313744
-1973.7465186291915
-2264.5270580372467
-1882.6149224776557
-2154.6410197120563
-1839.453780858385
-2084.4451238233723
-1645.8745060639717
-1848.7808571683165
-1949.539415616567
-1961.0923003760406
-2507.1742445308573
-2026.2933705505175
-2093.4312419084613
-2241.734107227104
-1890.5362043077712
-2012.4462290006334
-1877.205368959991
-1786.7749380246162
-2010.099995954059
-1959.3591776807439
-1963.6073848284266
-2021.4078525298942
-2007.1215267236832
-1864.528021458507
-2114.87467574169
-2000.045997178512
-1680.4464194703132
-1875.1865058745109
-1872.7802788611978
-1970.835487942487
-1951.9313996134313
-2124.9916875306353
-2406.6181658724995
-2004.7013991531908
-1844.0422394439404
-2138.0849732798406
-2075.0814781831727
-1928.2746383382678
-1863.230269086505
-2143.9602961439364
-2000.13944985338
-1952.9484612942692
-2129.7146958339663
-1820.8798071965243
-2110.0983055570746
-1959.4052574401753
-1957.5266471280431
-2010.4043320634928
-2005.4144427177357
-2128.0311461555684
-2432.671488809219
-2099.097204874329
-1849.2436370402015
-2106.6512155306755
-1889.1948925361157
-2157.781764588276
-1802.7295722041174
-1544.6290924622808
-1665.9267588779874
-1844.4174615273612
-1890.1537714008423
-1772.8002941724328
-1998.1383532473897
-1947.8600942066917
-1904.5620093561572
-2033.913264202773
-1903.1516946883808
-1758.6031574892231
-1681.6270484619279
-1897.3392206066915
-1942.2367955657062
-2083.788349865396
-1881.909088224188
-2016.7400490706718
-1904.6467271237705
-1674.6277119497308
-1927.7102823953003
-1672.2881049149028
-1903.5885750461598
-1935.343475040593
-1899.3323194448817
-2065.8634689895143
-2029.1679633315734
-2146.966313775106
-1656.9979695754812
-1983.7271918348747
-1951.2623396223166
-2007.969562907899
-2076.2214515580577
-2009.3491335985868
-1849.9779650653404
-1643.7201253247463
-2003.5459531728566
-1928.938030856366
-2114.3997306339525
-1827.4335556660105
-1934.7702423473083
-1883.9359853404706
-2191.486564062801
-1890.4944124080503
-1904.4320517850028
-1742.874737405017
-1968.3277264564704
-1853.0522122654988
-1842.0255610620527
-2067.593137543699
-2237.5389031066275
-1912.7358071390297
-1871.59528056022
-1705.9814524216827
-1605.9019219056013
-1747.1856331848446
-1929.9646615121114
-1798.8378595320112
-1986.3377371068123
-1946.5209488973703
-1842.2848287690042
-2046.2241360493706
-1541.081696533884
-1793.222815122863
-2274.562737427933
-1857.743109667656
-1848.9485316861935
-1797.3319133238542
-1823.7989327436733
-1878.8795600551268
-1754.215862897018
-2106.617936036103
-1838.530396929768
-2024.9589445295107
-1866.9431068317444
-1848.327390480968
-2117.4206376741167
-1792.1226279587288
-1860.4632270072714
-1620.644153196065
-1908.6234334277278
-1866.7601249840895
-2081.4580013063514
-1915.9606406502685
-1777.1629597178262
-2048.336400436185
-2106.279619835112
-2210.9253485022946
-2438.1362781618905
-1816.7319084447638
-2046.4624950956377
-1900.770960568659
-2216.0994528664255
-1809.50276850474
-1834.0198469017225
-1962.1925318825054
-2019.7338552370338
-1928.398002059061
-1857.858991335073
-1936.0884768868248
-1750.661536938164
-1898.8637363648324
-1776.9458827951973
-1850.3651036823294
-1848.4575648030327
-1875.1495713242487
-2079.9180571532934
-2025.579637491431
-2068.050319507763
-1900.4002587745774
-2010.906363885987
-2064.238341433546
-1779.7796445510069
-1877.469806180322
-2071.0317053262406
-1797.4230637862674
-2238.7361261051183
-1922.00040471041
-1930.4588920729198
-2068.314636287468
-2316.392974397487
-1959.5098187688975
-1910.596738574196
-2070.2724983810094
-1967.830023046269
-2062.5341022645207
-2016.3026393473467
-1953.0407882081379
-1813.5328371682976
-1868.061206578872
-2011.1227823295353
-1933.1892040500009
-1846.39180138476
-1951.704911477089
-1939.684208715674
-1682.0818372379388
-1980.4634398090313
-1819.330586209345
-1825.661027204718
-1890.430756952555
-1998.4878739188287
-2038.8205132280357
-2021.111740810602
-1911.109021060702
-1941.493542985745
-1713.1593928118318
-1864.1893229515797
-1979.3616731305974
-1991.3340859653574
-1915.955764211169
-1882.2866233519226
-1963.210621641627
-2083.984009575272
-1921.8483720492452
-2011.7438006993436
-2044.9783487366374
-1731.845803000765
-1875.3468538505072
-1979.501540166751
-2055.0286588230642
-1790.3999973245382
-1879.932912190729
-1823.2748979635603
-2046.8271509926694
-2001.4801767351369
-1690.9757375216147
-1876.3456509226228
-1943.9400771206529
-1676.57702601332
-1923.2220156808437
-1933.7220313031958
-2032.18260754908
-2020.9094347761475
-2040.7018654505068
-1812.280130440538
-1864.6855308860634
-1783.4010988666846
-2055.6714930290427
-1937.4644927821503
-2001.756291955533
-1824.595589091166
-2123.216973294555
-1990.8761529675023
-1973.1948873253814
-1884.006104025481
-1817.235116564042
-2008.9582917980902
-1898.8156847332946
-2031.7023616817125
-1715.2773271488238
-1789.7880960638006
-1874.5282189175493
-1706.9184208375384
-1997.0066827432408
-1792.627211453681
-1958.5920342464085
-1971.2978906370258
-2038.7601568500913
-1720.5872818207433
-1721.792188784382
-2040.4918947891854
-1899.8001507394574
-2220.78264159886
-1859.6660645347115
-1752.671269801151
-2073.973725699877
-1925.442904007103
-1984.1119210846332
-1767.5297652714444
-1651.806970523203
-1868.6873816017169
-2035.897504082523
-1855.3197070582187
-2026.7412851379688
-2098.1701715102577
-1888.8961155253876
-1995.890867230555
-1843.1441118276366
-1904.2143695910008
-1690.154187475704
-2100.2020099149913
-1805.212527558538
-1950.6592532618995
-1766.3595963405878
-1651.0255936336034
-1854.4338160148895
-2226.904565214231
-2131.5568767391223
-2008.4640910226371
-1843.281899558467
-1849.00726191901
-1844.4195685419581
-2060.240716375216
-1919.7895401232681
-1874.2746044261112
-2145.5493055230445
-1919.8470593060379
-1629.7146199179733
-1746.470987489206
-1791.0332644307134
-1905.8057057733404
-1837.5702092782562
-1964.7340204150307
-1813.3890394452703
-1757.6933970665411
-1896.1298995591517
-1764.4894288041255
-1877.5830281077021
-1890.5273013623573
-1707.6073409937353
-1865.588860649794
-1827.742406840227
-1767.596210797721
-1912.6332592905544
-2028.8523875914004
-2007.3787024243445
-1912.61195360021
-1887.4492849353385
-1961.8032568467524
-1726.3273652144333
-2090.3361263698735
-2040.433759441303
-1784.0992062143139
-2060.9054000249125
-1862.0388992298683
-1787.920509612972
-1786.3422512377695
-1809.4659197480394
-1987.1652750610835
-1904.3774299748436
-1896.5085923208255
-1657.9186236076282
-1983.5487025461819
-1872.8911964734825
-1913.4664174347588
-2164.239463303374
-1919.3448199387403
-2073.9762195250605
-2077.9331965321962
-1726.9281548271397
-1901.134218586338
-1746.1089258665154
-1898.6057673092866
-2053.734223471713
-1815.955829648454
-1818.8781265377522
-1601.0335422162123
-1866.9603482428288
-2179.2260013788955
-1711.4456456506748
-1847.0834532716851
-1864.4843877361393
-1791.0806508238695
-1842.9584212861087
-1851.129522095252
-1965.9751922823903
-1827.3372862970034
-1924.7696073537104
-1777.8165397333441
-1929.204690711422
-1809.4932287120523
-2211.3649219885556
-1619.1952351698571
-2019.3749241010314
-2061.0042474267534
-1884.6770131221763
-1839.0506245015715
-1765.5504208338716
-1999.2257345797216
-1709.0109186458621
-1785.1304685572206
-1760.3532747990175
-1983.9311376818544
-1972.6392092805465
-2039.1999901698653
-1847.1257136059771
-1874.2610620294354
-1785.4838053942995
-1833.9833228660605
-1808.6498110775376
-2092.788608465951
-1864.697509890628
-1852.565519044643
-1939.7834911213731
-1784.7206883397598
-1835.4881789382607
-2232.222345795179
-2005.3625182799708
-1794.307715608498
-1788.4596218386432
-1990.729951535255
-1868.1156699536682
-1694.403035882482
-1553.2348155267107
-1814.7718796990698
-1951.7635598813513
-1845.1050436430567
-1845.0244033175893
-1764.2218742333473
-1848.1995850030285
-2038.6466115864241
-2129.4859687469657
-2054.581164121875
-1725.7403429931453
-1850.8361241840487
-1963.5884046810413
-1929.9104297026192
-1904.8993469763698
-1890.5062240800598
-1649.701339634011
-1895.7938345414964
-1709.000268484267
-1632.5269175522928
-1900.36768282293
-1903.517601245889
-1824.1013325444399
-1992.0886874579373
-1995.9461701087798
-1781.555839427892
-1900.2277073205278
-1888.511722363101
-1878.8069273509905
-1878.4186064542525
-2125.1988618665787
-2039.1437745757398
-1682.9722068888327
-1962.7845982042013
-1989.2296265354585
-1689.5889831430502
-1775.771724341671
-2111.9852197636446
-1850.8597140114525
-1686.7540266472804
-1762.7218902574284
-1642.9325380936314
-1810.05639834661
-2078.9514875768555
-1961.3771619122845
-1763.8408984046755
-1955.6103863251612
-1927.853715082892
-1821.1287069917635
-2121.827672686709
-1829.4506634060824
-1843.6989578743178
-1819.899774801103
-1722.294814714253
-2021.5798213974654
-1888.488237630893
-1749.3983061430094
-1927.586221072451
-1866.6316413054583
-2001.3843777955894
-1978.7990987236358
-1605.006264967508
-1670.4770167287481
-1824.4468204519476
-1723.8785206651103
-1815.8957217518046
-1972.8538364328274
-1773.6931420000453
-1690.0380910183653
-1888.5717877706606
-1698.876652898221
-1938.160208025642
-2149.2058557903515
-1829.6918485492345
-2296.136256741495
-1689.1300342977622
-1875.7866133303398
-2074.8258793259897
-1836.6255725565834
-1868.3054759991312
-1933.6739609464694
-1858.8533167678736
-1728.0880611314813
-1784.3373667313524
-1597.5997611276493
-1845.8193964028894
-1646.1693164705548
-2160.2146205864237
-1850.5626017548452
-1834.55175173227
-1713.9558106561446
-1470.6678481510844
-1675.685603703113
-1915.2468397339485
-2193.302690337302
-1595.3907099072576
-1900.8458266648374
-2206.047458403908
-1811.4077682833567
-1904.4575979847211
-1641.1166823768947
-1781.1833590262186
-2054.8765432044383
-1765.6689612849666
-1872.3225921871856
-1663.3486229320797
-2079.7930819231956
-1799.314173449054
-1675.8757995662954
-1895.554641932715
-1886.8188831080356
-1778.779967933486
-1803.990630974668
-1697.871519534787
-1832.912068652636
-1666.0986893545023
-2054.636808396473
-1735.2278006904126
-1653.8243096313226
-1587.2968653473158
-1923.631681122113
-1856.241984420211
-1550.5220279155615
-2096.316440987315
-1773.693841603643
-1784.653457396916
-1899.2452483220186
-2037.7902904351147
-1874.1586867222247
-1606.7868910608743
-1694.5280189222435
-1796.4318527025112
-1788.7876491704528
-2009.1935931139953
-1917.5136175946704
-1766.8927122311695
-1603.853146854784
-1905.990650687263
-1850.5050660894394
-1752.5884136129632
-1702.8168765903984
-1909.8619059194687
-1829.315907668194
-1705.2209330283906
-1663.590385878761
-1716.58247774686
-1713.1942153173259
-1663.294438964155
-1812.0402901964026
-1747.3679641649194
-1839.0343470376629
-1776.3891742922735
-1793.5409304984612
-2128.618709366387
-1872.3106282608353
-1636.187856313026
-1772.2962672378126
-1694.1117455832589
-1607.3753347310935
-1890.5507574163134
-1544.1007506582696
-1657.5453431915525
-1694.966146350066
-1730.7353792783624
-2067.886294998715
-1711.343420773667
-1928.2667115063985
-2066.4079468807086
-1956.2398744441525
-1878.4222751310954
-1768.3061880058308
-1804.2902978833706
-1942.741219106913
-1909.9114481355355
-1731.953949036074
-1708.8896069155294
-1753.679581723045
-1879.549703139102
-1844.3902770196412
-1722.4060186477784
-1659.6905475931494
-1691.8219830299834
-1771.7504711780703
-1876.467596492114
-1741.0085931449332
-1959.0983686976879
-1866.906566471614
-1809.8632974017578
-1978.916385326183
-1596.704084184965
-1771.1385755257909
-1704.5372328998606
-1897.1792579674773
-1831.6245167727886
-1772.9079664865365
-1525.152206144288
-1631.315897669328
-1526.5308814505256
-1675.9166243251623
-2175.540127791116
-1991.3563853417631
-1735.9643374920263
-2141.183031614399
-1635.1672848033115
-1714.5104074512808
-1864.5767033612628
-1785.883575105551
-2096.966789456039
-1950.7714201217266
-1845.1830810212716
-2189.102317696035
-1911.3980064846032
-1635.420743153001
-2053.8258417568854
-2146.753985525125
-1943.861577381725
-1887.731117447437
-1641.502399839354
-1918.5391269760482
-1683.6787958530426
-1595.7618522384155
-1731.1907689640286
-1735.0746239063212
-1643.571279125265
-1903.6842539340416
-1614.9665166739378
-1765.8327392578483
-2039.5246267054672
-1666.362807245359
-1557.937194610181
-1900.0110263595952
-1596.4392236564588
-1742.075864246193
-1804.9593049807697
-1976.7533529884477
-1762.5789126281788
-1999.290246854295
-1695.6663257676034
-1958.526030681602
-1957.728408413528
-1773.3976708982516
-1846.5123956817433
-1657.4682982210848
-1716.3792759235735
-2033.5012654437585
-1664.703980294323
-1940.7207888469766
-1801.0710800981615
-1805.6049783110616
-1669.9057522979604
-1952.8460209732498
-1983.9373061315328
-1819.773969977439
-1901.8581499188645
-1813.754666911024
-1841.7400902108254
-1606.4730882597362
-1868.0982808326846
-1643.9319266369105
-1879.3911983326088
-1674.8957976970291
-1636.8848205499417
-1654.6570650429887
-1850.2757318351742
-1822.392747230008
-2124.9933508878867
-1773.553494944218
-1616.9131711849573
-1963.8280915820321
-1855.3959775233461
-1924.594687293574
-1896.908151770881
-1834.8019759233232
-1833.5270852478147
-2107.410193247604
-1833.646427107898
-1873.0632631222622
-1837.6968800362176
-1699.4239367686253
-1987.7935497263875
-1901.686162555746
-1707.7941532783846
-1782.4781120294422
-1761.5105981727781
-1872.2299592221248
-1879.7683008884273
-1946.5531945016205
-1692.924876446366
-1961.5291488323337
-2143.293137289741
-1761.13860086247
-1935.6036969508107
-1895.8055821943167
-1792.5030140121805
-1599.807849079075
-1771.6365763489366
-1919.8590653605304
-1762.414190501783
-1938.4765254480858
-1542.7867238090046
-1826.4995533298063
-1895.3465589476075
-1799.2690223643547
-1746.4360008699211
-1737.4187805885308
-1647.298056486131
-1687.6408016560858
-2091.48621224743
-1573.1750358221116
-2012.7476906939703
-1654.1446313742945
-2002.6386313898379
-1879.693536013281
-1751.9806315237213
-1804.2114463836338
-1652.302256095325
-1698.4961665313695
-1858.2423391126993
-1666.4063918172117
-1958.9042641381168
-1761.791218093506
-1834.6006384882655
-1796.5119282502453
-1690.4723706205962
-1833.56961376609
-1646.78721170902
-1878.90246865715
-2031.4948080864988
-2260.2204094024178
-1785.2358314003882
-1795.0522966649114
-1851.0406316805515
-1819.039575123199
-1943.2312779538174
-1974.0474068513918
-1667.9435157310572
-1655.9471169939593
-1754.3985077442212
-1890.6682343225102
-1730.2576008379244
-1833.6393479369578
-1874.1897720187706
-1898.3590140647864
-1839.8596885055447
-1777.509613624635
-1849.7683917008178
-1795.8770903514862
-1660.1498899166052
-1984.2058440425064
-1846.4209218283058
-1879.8012926322863
-1858.0840088614734
-1658.7736612545025
-1718.7427795093404
-1867.6710629895535
-1743.139557891975
-1787.3744868736744
-1831.2583848309048
-1751.2713196847671
-1349.4828624823454
-1686.92138995486
-1943.0298812359833
-1727.2463921079677
-1941.9396669646305
-1832.2198234723528
-1929.6602400748127
-1915.4111549753752
-1894.7361382308
-1759.641022692326
-1666.207253996249
-1910.8618851468416
-1781.0500835289974
-1775.823400124282
-1751.8693522323556
-1875.7663228909075
-2013.4612070543
-1946.5857574533231
-1779.8314384487685
-1646.10677659179
-1534.531281442505
-1687.2719519063278
-1780.7136226742286
-2310.427419828309
-1797.018037762541
-1705.8779622738998
-1874.232352305908
-1639.3649310097646
-1886.5141836630296
-1841.347151443554
-1804.6080442919206
-1834.430013506203
-1736.4469298836557
-1941.4743729887336
-1935.1839606687847
-1776.5473857676927
-1958.3939306918344
-1698.973984896648
-1946.4871515353218
-1668.47182363938
-1726.5011142185754
-1691.5767001040126
-1890.5092859088595
-1904.5391465135185
-1537.4112345187132
-1750.0246469351034
-1853.0134309964571
-2182.3171184780063
-1833.1394425809287
-1796.779379598127
-1817.8675084161564
-1567.8779635942883
-1831.0929493015424
-1698.0648940271662
-1777.5816698734366
-1793.3375309707571
-1571.4759863201543
-1931.329453999978
-2039.670615051238
-2003.1236019770631
-1855.3889140154322
-1702.2382041751835
-1730.6647558828527
-1847.470106445397
-1832.5463233454545
-1693.5004391326247
-1616.4370146636727
-1750.508090906849
-1803.5755904504283
-1759.6937630937664
-1852.8485164031238
-1677.5917286476422
-1857.9913867663581
-1864.4301645856908
-1906.9781697320068
-1847.4416199926898
-1748.7540187319055
-1837.0720874247695
-1753.0631848746687
-1839.0362186098087
-1807.8807991940537
-1727.8590871913814
-1967.9758240812441
-1525.808097871887
-1615.3963084225895
-1780.2415167728268
-1762.1812604825218
-1764.8606570524196
-1642.2303053063256
-1633.948448257591
-1860.8880308726866
-1704.6049036240836
-1729.0352649644885
-1719.242723430707
-1892.8132046321546
-1764.833849289707
-1887.4614111043807
-1769.8227906048653
-1941.3255645529857
-1772.7900452094564
-1658.1124313146577
-1928.6895066489574
-1979.9968627277274
-1803.538939315902
-1835.4068934103632
-1910.301667419918
-1617.4744390153685
-1807.1276354360746
-1610.80330809694
-1864.544714666344
-1748.3736489223581
-1728.867313936426
-1883.0292682245822
-1723.7836154840436
-1726.2047548981993
-1514.7513818222076
-1754.8425747247459
-1745.5805039917684
-1955.085868836201
-1623.904018324379
-1650.7146352941124
-1841.046493211257
-1874.4553689718657
-1949.1031933647885
-1746.8992405553454
-1790.7702275387514
-1717.2751722287894
-1734.6744122061955
-1778.159503598678
-1897.2854957938196
-1868.6496214638953
-1818.6371876547137
-1820.9575469146173
-1807.9226356469208
-1818.6864552592463
-1545.5589769116941
-1746.3681554247803
-1817.5485915713464
-1770.5261626285587
-1762.4695233377652
-1642.8870382560385
-2026.5944366549907
-1892.452695747296
-1723.411557855129
-1800.7125384923113
-1822.7837144956113
-1705.7565352206557
-1978.3303412058615
-1694.487331276276
-1984.9006069092818
-1864.1382462774945
-1745.128992773083
-1892.3888565526302
-1612.1417027899902
-1658.77800425124
-1709.013655398414
-1760.3332224143091
-1831.948623638651
-2071.918948827524
-1868.6590531718632
-2005.6110230343493
-1781.6660410784673
-1841.0591966366367
-1808.9574557493263
-1863.6800190227434
-1828.0510001592488
-1940.7578874668404
-1620.043877682437
-1869.4430136789051
-1663.6161980480454
-1701.1348084412468
-1770.8655727171108
-1731.7646843943219
-1697.5619262512773
-1603.5276301478243
-1969.624177580464
-1887.1880510885478
-1711.305639838402
-1926.4120016112313
-1658.4543647659818
-1784.5751129209343
-1608.4510105073316
-1690.7290376705505
-1839.2392586622811
-1733.7442612655516
-2100.2719551423465
-1668.5084798016526
-1871.4008009696652
-1897.3946254220307
-2075.3295840309124
-1766.6723506424066
-1876.122800798525
-1741.655230966201
-1895.5842945729994
-1953.4132461736933
-1667.5703249591445
-1922.17853757939
-1875.0781938006094
-1857.8073476135362
-1960.6444626490995
-1819.3281386451902
-1842.355499575024
-1686.5813506424915
-1636.0574346512606
-1837.4493313253984
-1570.3417815490145
-1682.0989446950987
-1989.254440900468
-1853.701837787873
-1798.8251945276268
-1663.047155072731
-1940.3044880078662
-1870.1453451030063
-1734.1237686759678
-1612.5506390466362
-1572.9283637199883
-1800.315652400769
-1872.1563237351356
-1667.1443915597547
-1952.9386044836017
-1735.9524261395381
-1639.4012027279448
-1732.6312942334507
-1595.0708623866064
-1937.536673294783
-1939.5834336629778
-1655.3863226880023
-1695.777302582355
-1751.7256507665886
-1672.1024738299811
-1786.7770238118524
-1766.3301862338815
-2018.5070633639082
-1581.2956683603888
-2087.6066227457013
-1819.0607331718684
-1789.7964116998523
-1939.3312986221997
-1706.3220215608649
-1814.848896621093
-1674.5835226153322
-1692.8637727649382
-1744.6885533325428
-1855.2494798043322
-1756.2824496281928
-1848.9686782921995
-1630.961015205891
-1799.9318158684555
-1875.6400448286672
-1839.4381850148366
-1837.7164105546296
-1591.0237691179082
-1748.1403279032716
-1730.2707687924856
-1844.1884521413563
-1875.6527584110643
-1986.4486230794182
-1792.986634837419
-1662.809459610567
-1657.335821467792
-1863.1583225593301
-1800.5076242022292
-1751.6223341655761
-1837.9642290522595
-1753.9122099887106
-1623.8962494091666
-1630.9229712975568
-2178.0509359957505
-1766.7122253165285
-1837.2567322717114
-2054.2613524081466
-1703.9862486021295
-1750.6661645808686
-1974.9518605581657
-1863.2822221113788
-1626.314485850827
-1529.7164802273655
-1882.4548604430602
-1848.327513177671
-1880.0174265390992
-2022.1170667635338
-1803.5713582869203
-1627.3633029481714
-1902.3987727303745
-1864.246203366201
-1519.152882047457
-1619.6620964279705
-1796.801303747258
-1638.4053994016922
-1694.1107169743484
-1745.920918124881
-1644.7693809904415
-2071.3243593215993
-1827.8352658630224
-1864.3580057524287
-1663.8125760028488
-1731.9621705722648
-1787.6879228862517
-1476.373176338579
-1616.2967632624059
-1897.5196655188395
-1735.9090500680718
-1873.1258587975549
-1687.852837261833
-1682.4693338806137
-1823.2106550635501
-1797.0987108053168
-1706.0990379767347
-1862.9304404305228
-1702.8059151940636
-1711.5881141965185
-1551.6827546752552
-1867.411883849499
-1708.056529774851
-1658.9122965460244
-2003.8125088081697
-1925.7470363755613
-1618.1980317739788
-1730.4299341609262
-1536.9912285350517
-1860.5788461570273
-1768.5432871310668
-1856.056598031957
-1843.3822680880767
-1832.6079465229018
-1811.2692175795405
-1815.757053534653
-1689.2606011686264
-1741.353947014205
-1953.9634927497211
-1720.188570848238
-1904.3211448738477
-1819.5030859936164
-1846.416334845384
-1849.1589342850862
-1719.183629149113
-1948.737852599501
-1704.170458942312
-1556.9554119380523
-1692.6256346655657
-1942.7213716018584
-1751.1630195693742
-1885.8732351820247
-2076.0684915355955
-1914.7337867196331
-1742.4069889529367
-1842.6630915810538
-1778.203065401386
-1787.0138639911536
-1639.731455150844
-1683.2267616804163
-1795.3023605960848
-1834.2401999645683
-1652.1853084834272
-1949.1188007932433
-1838.2614439314625
-1800.4409043526393
-1622.6749964261683
-1649.0362468618002
-1780.0010962892288
-1705.530837191885
-1992.4854187842639
-1950.1523056740537
-2044.2392329048666
-1456.1610740490269
-1579.0556307902182
-1726.0274283398692
-1782.456373284014
-1627.5932306075767
-1879.266842748898
-1858.3369435497932
-1768.4548905254205
-1850.9223052739185
-1836.0427874844124
-1676.4574072835978
-1528.4704952248742
-1843.1424776355125
-1784.5161255696696
-1777.7171263596586
-1875.6531646518113
-1836.6767340243841
-1705.6618455055466
-1690.4189615625528
-1861.4448392992813
-1775.0851118084306
-1850.5985631176482
-1752.3046828879933
-1962.9446438514021
-1841.6862497796262
-1679.4794895593266
-2071.2006201677254
-1861.8402895134013
-1840.812386199103
-1880.6809569502761
-1778.0020862138763
-1789.4461224931295
-1747.6377165647489
-1831.2740965656913
-1656.5699752499518
-1730.6264406428284
-1649.0403425708118
-1843.8256397263253
-1820.5515344587932
-1659.1547314457075
-1709.4471291169207
-1849.1258355026152
-1812.3587707891263
-1731.4466745065981
-1695.3124919182753
-1643.0779368137612
-1741.4790539653734
-2060.399481100209
-1749.0526196687529
-1649.7418050644008
-1779.7121362127452
-1736.553823101625
-1933.773425004899
-1734.1580378549195
-1689.4522646702655
-1674.0466670162139
-1764.7794726178927
-1818.5138185256017
-1754.3069298033
-1904.4078117902475
-1704.7341259053262
-1777.9162214542253
-1994.9691109394018
-1741.6742276256653
-1996.2730110581233
-1623.8078540532433
-1630.0284100801866
-1726.9579474798927
-1738.5957403265918
-1887.5639795331108
-1736.4371975591114
-1812.01740346637
-1993.0660636069042
-1861.9062183097303
-1532.8785485768858
-1994.5604915724616
-1671.3179973894166
-1841.2755284243724
-1582.0033018824704
-1810.6879185221844
-1911.2805808765042
-1817.064933330411
-1828.3408615453177
-1611.9927854121274
-1634.339014515471
-2057.353362920662
-1746.0368159936722
-1669.7000172349588
-1706.4985062504072
-1515.9031482990306
-1613.619670839948
-1705.9613049129957
-1772.351813943862
-1770.236203090227
-1714.5778912348558
-1874.7300197246761
-1864.6212159521804
-1650.267946055282
-1846.2109227155718
-1595.364735907192
-1777.5055236778467
-1793.6859754042312
-1676.2415133135228
-1757.7193764909969
-1709.8210942498415
-1673.3350608573926
-1622.6453782504789
-1671.8863360537327
-1737.7081772472907
-1794.1942969355953
-1816.9232077682634
-1624.9897377662735
-1844.489793061472
-1765.5583031500057
-1750.8428953559833
-1771.670709286376
-1668.8566046765432
-2154.9192182709257
-1874.3603952345436
-1868.7924636561204
-1765.4187920933928
-1572.5804862913242
-1632.7658669350387
-1682.7834597107976
-1742.5618929683906
-1654.4475487390027
-1689.7113720438967
-1690.099609064374
-1744.6707112188883
-1742.1524969378534
-1675.2083479844646
-1857.282299929024
-1796.1393847038516
-1584.4637605481978
-1816.7280289043415
-1918.4979747670948
-1683.7403002983845
-1679.4990227177498
-1771.6540020362022
-1773.888418258576
-1885.136024552455
-1887.9014544999914
-1795.7147058424243
-1787.6806816667975
-1728.0727456710317
-1832.9298748467875
-1885.0466237956691
-1643.9171001335033
-1965.3017828572174
-1629.9335906773736
-1924.1399604102735
-1790.4854204497708
-1865.1577499229556
-1801.5450933272532
-1793.7368460510486
-1859.3933662702734
-1947.9085714717016
-1789.9662787865257
-2046.6178045153201
-1973.9817132061107
-1752.0848091224657
-1814.6278493757538
-1837.8414063029002
-1753.7704491790514
-1597.4202701903005
-1814.3543503373976
-1509.38417237973
-1632.6524693844945
-2002.0963354642442
-1756.1830397022438
-1947.1932046446975
-1898.3011148660485
-1618.6159865166876
-1806.4477123933295
-1686.4778135984147
-1701.2901382611103
-1680.5437674508435
-1858.799547511218
-1734.681111804702
-1635.449642922131
-1824.2287152482925
-1756.155990281827
-1750.0298456268758
-1760.0697640303015
-1908.6197097936638
-1691.1230539234577
-1630.3105653432656
-1811.5587693563941
-1656.8568172328514
-1816.0931177519367
-1971.6517095121983
-1568.3514188375216
-1870.0163377247393
-1771.2457447216314
-1786.3014474094182
-1587.8778412124427
-1816.7357697253517
-1930.3532503743193
-1715.8839670469636
-2080.7462160450787
-1667.8890002234698
-1716.3105508488402
-1775.8351771593814
-1790.0129971183972
-1883.691070988509
-1585.5346973153767
-1689.639072525087
-1859.5988160871352
-1735.2580063767564
-1738.1921779785848
-1751.397326838504
-1702.003912519787
-1635.0113948967605
-1770.9220306610173
-1916.0017506232518
-1903.0176840716879
-1919.648865296992
-1632.1756756487955
-1968.8307056893834
-1750.575552537853
-1625.9048263635102
-1655.4116594028033
-1472.2865491317261
-1909.3373981608768
-1743.8792075430192
-1606.396870341254
-1658.2713588150796
-1809.1921821914016
-1883.0704401090586
-1810.9029534595006
-1867.1609373561307
-1769.279242691102
-1852.1819102813622
-1609.081959423709
-1753.2601044458336
-1739.7626357494614
-1714.5025418060009
-1875.2949675298291
-1912.2980087048986
-1817.7988775404551
-2088.704914917745
-1636.912883821843
-1593.7200331254412
-1911.9558044386858
-1937.0796293068001
-1615.1111104582094
-1540.3657660437016
-1866.2586250245045
-1668.3174713642713
-1643.5334140794769
-1776.4147681487946
-1749.8004644229543
-1716.4282206795826
-1868.7125474218094
-1892.0167992215268
-1709.1077972913906
-1951.2308570913237
-2010.7340301064794
-1875.3435003288187
-1773.0295465406596
-1564.2682058726987
-1926.4527917668759
-1685.624735033376
-1711.831694711573
-1584.414849070288
-1946.773913655266
-1789.38227095769
-1788.285407940016
-1703.1067293193341
-1620.6037803644986
-1904.265987408328
-1809.2373643828964
-1573.7027378566174
-1832.4407097539658
-1879.3033505242772
-1815.7771018613037
-1549.7704553443514
-1792.5073612260721
-1754.6523892688272
-1744.1704180568302
-1843.895521361381
-1564.941458432767
-1692.2988810124887
-1992.1105312700706
-1835.3858288860467
-2047.7661439834658
-1693.532534344157
-1661.6500039735834
-1775.602728872791
-1682.6607190249351
-1816.0716735419626
-1986.6329412203213
-1740.9876273245782
-1921.5999155931208
-1750.1022355749847
-1628.1470898056482
-1758.0530864595144
-1841.4395294412825
-1710.747074257617
-1731.295009702606
-1904.4770676572718
-1799.6906375458327
-1732.0279694167368
-1659.8598276648454
-1931.677868952981
-1796.6656916015254
-1724.5692449921607
-1759.3838314045329
-1815.3365044019304
-1598.1827381565984
-1814.6443070919458
-1849.351821491052
-1676.4519142146817
-1812.2169583674306
-1856.2532860339784
-1925.6902649984395
-1912.5942484857903
-1726.6822272059865
-1678.3580176762384
-1674.910328443427
-1598.540527556555
-1532.604082336711
-1924.987526683617
-1983.112638332743
-1741.5619081645143
-1686.7721046192057
-1680.380677893132
-1740.0589260496076
-1793.8004841784145
-1844.300560549453
-1792.048918740339
-1930.254551429498
-1705.857683182843
-1768.640638954534
-1788.9141027524058
-1769.8746339792558
-1801.7874109947052
-1798.0156335338406
-1740.1276624139616
-1835.0201655313708
-1712.1328155576111
-1768.8107989223565
-1827.8102397196735
-1947.3624158090363
-1581.5656484501221
-1733.901164230811
-1927.597741124141
-1627.8398834444574
-1686.0744531541038
-1751.3169572504787
-1889.2269885664816
-1869.0024018999386
-1753.953289891924
-1594.2006219119185
-1700.652343714449
-1847.2867563834739
-1780.607924365371
-1941.1778674903812
-1644.656284594128
-1530.622429611272
-1695.9334600692403
-1787.9753958795152
-1623.1282001891313
-1974.980632715534
-1816.8026148313825
-1574.9517861842446
-1639.4244978842212
-1978.9954841241286
-1891.2465142663277
-1720.1410362447907
-1580.1036607326214
-1960.1800653224402
-1622.4332605224583
-1745.76798997898
-1625.834324032092
-1844.7110688971268
-1860.653043224163
-1876.9949824818557
-1692.5869731758146
-1786.067400473595
-1728.8761819993902
-1676.0368071801915
-1869.365321226187
-2098.1111903818914
-1681.6242916981037
-1562.8420673148532
-1871.1056186979054
-1729.958797218713
-1602.0853412767217
-1824.0851222925605
-1667.7171417402003
-1793.8457364468666
-1790.903438972463
-1797.0330658950547
-1824.8182186195804
-2114.2562442534813
-1682.7935276773792
-1737.3817977313915
-1848.268734900665
-1836.7349514979762
-1610.437825806385
-1714.0798067427038
-1743.08442014492
-1699.610965037289
-1842.1823937203428
-1581.092657642958
-1877.5120077760112
-1870.6192331198197
-1666.3870784801568
-1748.586705840595
-1810.3431746591177
-1899.440358292743
-1770.227978896737
-1739.62198582376
-1906.7895894644669
-2007.7269566352147
-1625.3074324927707
-1795.240229393622
-1730.8198949835119
-1732.4010620619338
-1765.812121579399
-1661.4662465038414
-1660.4913478578549
-1725.2443003187532
-1658.2073330285455
-1959.5948015621427
-1515.7095364086624
-1796.0185702712602
-1605.6076271952825
-1753.1988464556493
-1776.6894110413973
-1658.6305959411686
-1989.146983995621
-1817.9766387585723
-1970.481914706708
-1618.2359013030987
-1716.0100062892311
-1900.2648393290924
-1961.7805919524653
-1768.0316075782828
-1841.5910080045246
-1756.3805662504378
-1744.1020521477283
-1688.5830837515803
-1944.5296842854473
-1903.089855266736
-2137.475362345582
-1815.7083408623591
-1904.9241200302597
-1723.844763182264
-1911.5140446317919
-1703.2540235421359
-1675.3118819271924
-2031.3807723895845
-1728.555562953377
-1473.4151321062768
-1866.7868333817485
-1580.3010041031728
-1851.332427716765
-1880.2829133116938
-1959.7237802375948
-1949.7116771763624
-1625.0702061960228
-1746.488071655994
-1738.185790382938
-1815.646224561767
-1780.2065761650895
-1871.2978586639604
-1656.6088400591923
-1718.8018276417936
-1713.9321021963526
-1640.5771155237749
-1806.8328392794951
-1674.779757259399
-1918.2687119158938
-1842.1329151406783
-1713.8686333671133
-1742.157906050147
-1694.517537887392
-1871.8516068886113
-1788.6995877363777
-1704.5554780520624
-1988.8498878962278
-1780.1088379006544
-1826.0354639723867
-1689.277416833551
-1864.9981024636443
-2011.1577941066175
-1735.751137700018
-1892.08204081049
-1760.1990830083964
-1904.199302257122
-1987.6454969963522
-1781.2822900966555
-1763.3345969172703
-1613.792495477263
-1488.4873187687747
-1690.5781380899807
-1622.6767343648808
-1623.1616336589602
-1805.773522439022
-1612.906633435685
-1900.3786332070479
-1805.3719303796738
-1948.9420647625973
-1748.1690319652325
-1611.9875091654037
-1782.3276476604228
-2024.3472735739374
-1805.6892369311784
-1870.3075111652706
-1985.9568485459222
-1779.0081859012123
-1852.1355564354822
-1757.8049914751193
-1779.5675346760063
-1925.0516108044212
-1844.5826279902221
-1639.3554872095658
-1694.8892130975391
-1852.0654080663892
-1712.6508687486678
-1693.3530669910772
-2026.549872309688
-1731.8516713157228
-1770.5731803427743
-1795.7709352680115
-1994.3483462225101
-1751.7507244793062
-1788.1407422880545
-1603.4807732946188
-1602.0057043528282
-1885.0341431407182
-1559.7490731728658
-1937.6426300795267
-1961.1261866425896
-1700.737143823194
-1856.4535953130162
-1682.8440134034001
-1905.283555076288
-1820.7569469042742
-1701.6963731327476
-1629.3490886251461
-1871.1075025883108
-1864.804582919399
-1955.4366467517452
-1749.3228294155097
-1762.384134551065
-1764.369134305478
-1565.2171774400908
-1694.6205097879006
-1737.2885767296855
-1813.4271873635073
-1702.137324136401
-1695.594513400544
-1688.2011910379613
-1650.9199673249625
-1721.3649926430337
-1842.0611593674462
-1572.0659698884958
-1814.849133413094
-1908.3312562664285
-1826.9949393231723
-2040.3618102171265
-1653.9846223244333
-1818.315564302583
-1740.8098634871865
-1644.8638897572623
-1591.8867896959225
-1639.4100234815082
-1634.3733872648932
-1772.1834713633534
-1771.7495512178616
-1882.976205397146
-1721.1343721706717
-1794.2638573639108
-1814.6008423182375
-1796.1208354625142
-1617.1290983117362
-1809.8336354815772
-1695.6742312926365
-1632.539936840265
-1627.7294703615012
-1852.9474890705656
-1778.442063228935
-1700.2903670273695
-1782.777176934844
-1551.8646891175943
-1695.0928755232599
-1811.616563233332
-1729.7332458505934
-1849.4119519041217
-1675.5225187810163
-1686.9655716809516
-1817.836320524631
-1829.8238420704579
-1826.7730494842647
-1930.053831450094
-1960.7884192101408
-1683.011881561289
-1981.2647712963892
-1701.9596084077787
-1549.4464564760094
-1639.334534196971
-1742.6611087091048
-1914.9213199064122
-1822.3913943235605
-1697.3511140281776
-1841.4982540784104
-1809.4177377499586
-1583.3313127020622
-1716.8837911900453
-1614.307212756421
-1703.716557742651
-1500.4825593442013
-1821.4545452067216
-1919.4725220337457
-1676.6205079983738
-1733.7806631897738
-1623.2876011422657
-1894.8218249811002
-1731.0973135494573
-1842.355135618415
-1692.378895995298
-1682.135594207548
-1676.5870457771337
-2058.355790181727
-1915.3022439294234
-1775.0012294084943
-1741.1416437943071
-1809.2450543474183
-1645.4783104168694
-1605.1604003891234
-1681.882605364214
-1895.8826388542989
-1655.4122415340921
-1431.5222409483313
-1685.248563459026
-1716.1544341222125
-1606.699378912234
-1663.9497847132855
-1826.8484358729972
-1575.8832648559153
-1619.045440362856
-1878.5960180632937
-1734.2350057241792
-1902.5031868078595
-1790.4963971723287
-1727.5093793668236
-1743.0919032675988
-1768.453770084088
-1849.6517412427886
-1821.8603571225574
-1839.6260964316734
-1940.148719680674
-1731.7642474802296
-1674.5029258827312
-1632.117906968672
-1682.0567383543214
-1893.3189422347727
-1688.5294540609764
-1684.8439154868788
-1766.4565023348462
-1653.7405727754146
-1622.2657909799225
-1724.7243342984368
-1509.435442039939
-1813.7983637275956
-1930.5841380971526
-1787.2186438996955
-1949.93783603943
-1696.4626408271833
-1746.3505014486243
-1882.8661919774543
-1697.4509194992509
-1689.7477570537983
-1941.627842303569
-1774.6740018729286
-1907.7027466459585
-1895.8140113134061
-1965.2528373545235
-1639.7788540057422
-2064.508533943798
-1767.8469981494527
-1850.6904048657416
-1955.027710396962
-1729.9594725051302
-1694.6935017168416
-1821.4053163446652
-1846.1207876466485
-1883.425356776804
-1697.9264574010278
-1736.062133683051
-1629.51533170832
-1595.9221539827934
-1668.7172303678685
-1799.9628124752676
-1751.7407939277764
-1839.9157086089615
-1498.6107638728183
-1730.493284946461
-2008.1291177168648
-2017.7678728578883
-1787.6872376701529
-1754.8172137408549
-1767.7708737073617
-1564.017586878844
-1631.5682791568422
-1698.008297552155
-1715.7505542060992
-1852.8219525112718
-1992.1215625585708
-1518.7574655145334
-1661.2929223637575
-1770.618378847198
-1824.7064981415983
-1703.1449819468025
-1742.1044966727304
-1903.8666520711315
-1557.925305637897
-1454.0658902107796
-1561.311442237807
-1621.8642464464192
-1759.8210400540959
-2140.207422010045
-1586.720195625669
-1736.694799922735
-2024.5357368466196
-1748.4988526114028
-1781.7869223488217
-1670.6751264344973
-1819.9507288292575
-1651.5807892998237
-1800.2797545779176
-1892.233700416567
-1869.8121116851348
-1747.642400168081
-1441.744693818319
-1736.6082037899675

