-5080.837198039989
-4613.154646966735
-5021.419381491664
-4594.492731663324
-5006.851926369626
-5109.2245030525255
-5194.539165144861
-5294.895399939115
-4943.365240311065
-4726.669546800979
-5906.490875121508
-2498.183137975838
-2133.907503847645
-2157.2537072996993
-1979.523265157143
-1995.1179127414669
-1922.8948815363933
-1984.9993296757798
-2176.8187071697193
-2156.572147087005
-1790.0156366983238
-2009.9337408546664
-1977.8257460427728
-1822.597518497423
-2058.847083905109
-1988.4728621669715
-1747.867311314659
-2522.3207130358865
-1839.159548115409
-1771.1519112838187
-1796.6561139505495
-1944.2547530612735
-2083.711902111787
-1851.2264232749972
-1964.2471833656814
-1839.8340267185906
-1791.7366040810248
-1725.2634409220807
-1789.785683538993
-1944.4594159992248
-1991.2407187477525
-1806.8164042942628
-1955.658972901784
-1981.710891556778
-1834.1754936867676
-2043.4187077391998
-1995.991645370631
-1844.9645163613222
-1781.7726576518407
-1971.046081004097
-1912.060343366837
-2017.2517438164425
-2046.8241116950385
-2014.3158960796886
-1751.489888343121
-1750.4172157529197
-1812.577527299574
-1617.2344573883634
-1927.5935131801243
-1881.9596992614079
-2102.681107552837
-1892.1721822822437
-1525.6291597446414
-2043.5247294106184
-2020.4174414548486
-1937.33495667548
-2021.3881278417036
-2041.2153783575116
-1911.5686003583141
-1949.8859182555009
-1790.2320349374002
-1853.390989452167
-2062.582675949054
-1942.360786913164
-1965.2294514261034
-1955.0167805513415
-2075.354513636529
-1860.4284650981897
-1841.0182635234678
-1691.2016544616667
-1897.5085472301448
-1688.0137541879333
-1770.4918011494885
-2003.0470063898817
-1980.0186498611242
-1857.165742095484
-1866.1957886381606
-1864.9253638379375
-1711.664898765371
-1836.7305539764254
-1798.741353962156
-1531.2967203225473
-2110.248963620966
-1905.6208196706696
-1800.5454789169064
-1709.4744977425892
-1591.325218369545
-1663.9760566010063
-1816.406975238891
-1628.3347903703118
-1681.195497655535
-1644.153214852238
-1815.4394927488045
-2187.065945004242
-1946.2030507706882
-1920.4950008943724
-1922.7616547519306
-1592.2183035084402
-2146.5351909756196
-1929.1284724178386
-1778.1885020155955
-1702.2551709626728
-1936.7239799093686
-1713.3934197262374
-1995.4416611013912
-2053.830496794711
-1638.6622156354317
-1840.476812453343
-1753.49512364092
-2054.6623385863177
-1802.5495950926993
-2059.443362610066
-1919.4668162014184
-1788.0664621143023
-1778.1103017774444
-1820.6033921176752
-1630.7829476042477
-2043.4111139088159
-1827.9256549528477
-1955.2457692103942
-1794.2106021790335
-1803.562710025437
-1944.5533175527835
-1892.9956504658135
-1579.9165504615225
-1755.213693816257
-1632.409774665779
-1929.8148774041329
-1972.6311138086485
-1911.264713708677
-1940.3568628385528
-1686.0352989476987
-1958.621717741222
-1513.2521824579596
-1840.7994470626643
-2078.59195285623
-1880.9988963250137
-2270.4035773068913
-2201.0213537027644
-1997.1206918486653
-1684.7540904491336
-1727.1683742121531
-1605.80419980068
-1601.9604312386336
-1625.9886807928174
-1901.5662275094035
-1666.979199002079
-1611.4792059522515
-1755.738637853065
-1930.631317825644
-1873.9060718749618
-1964.4995088810274
-1581.2299899579366
-1738.402143800683
-1932.7869728741916
-1757.939148717869
-1998.3166304105496
-1693.4666721362019
-2226.26905812423
-1771.7460105620148
-1717.6888985608205
-1648.2678051470152
-1715.5407956331267
-1740.1875981639703
-1833.728303402939
-1807.4934374802444
-1681.4701030036172
-1669.6057678967961
-1583.0142134702726
-1657.6650898624446
-1550.3714142229624
-1591.408360828603
-1816.2169735636237
-1701.8459111225065
-1716.863447839361
-1838.9268033430883
-1657.1513403062213
-1909.1316302122254
-1657.493053305982
-1700.9286144780056
-1939.823406501642
-1668.2839491130421
-2041.6057121142085
-1926.3779522397645
-1702.2512571506707
-1754.051379476402
-1675.1911111927618
-1899.3400987347509
-1854.8740717892745
-1761.2283346994673
-1672.3441921780902
-1864.6163755431912
-1969.334825260903
-1780.3530463966597
-1670.3766416425537
-1821.8844277168575
-1673.8128472668886
-1843.833301795133
-1797.7820793069689
-1569.9264213762806
-1756.7295645133847
-1778.932069394709
-1801.242875029789
-1731.0505461791768
-1726.757237896438
-1730.2073106086427
-1507.2557405269702
-1871.5462820591472
-1744.2526718416684
-1667.0719715086457
-1969.7036210697822
-1686.053313849838
-1871.8685921915917
-1883.3355434043046
-1541.8941160472039
-1830.9934485000772
-1648.3704722160794
-1867.668453837437
-1724.634692230484
-1766.2413181610402
-1490.3953135666889
-1760.8789021961727
-1675.5683411543978
-1942.8607422663572
-1960.7123671517575
-1722.6299658765674
-1694.7049312586955
-1843.5097330064907
-1931.1061551916696
-1823.1219644931584
-1852.081944454124
-1825.4484488009762
-1607.4313499719321
-1887.1125544094164
-1647.4477989925729
-1673.900690776789
-1718.7430567242711
-1766.8070098076807
-1827.991278355552
-1812.8052704176603
-1692.3704041271608
-1712.9488450426659
-1799.8932425867038
-1633.6516272972315
-1733.7557786463067
-1675.8903586754684
-1814.8606484338827
-1690.428058822088
-1639.2798484658974
-1773.8292661726184
-1487.1313884989243
-1891.8749111004224
-1738.682006536542
-2001.538005956139
-1650.673936121198
-1709.629245168949
-1671.7234335655883
-1812.628082227607
-1818.171290055614
-1856.7513576695856
-1761.685842625946
-1686.1010190271188
-1700.2120433321975
-1818.8981571629806
-1908.6168556404582
-1762.5886088705774
-1740.9836595328957
-1825.83588089393
-1729.090494216919
-1957.617679145158
-1672.4068865078775
-1758.6660248438886
-1785.7385644950298
-1826.427369267521
-1530.3114095745218
-1748.7366997498123
-1677.3635993564583
-1634.2719491020173
-1643.8458015699516
-1729.3088885287646
-1531.53438234398
-1816.5056359669004
-1566.549709890579
-1631.2050950219275
-1505.727081095623
-1660.4185854499697
-1569.3742913554026
-1818.4639300752192
-1778.3687547485868
-1728.9317644960397
-1826.7508679200967
-1525.2435388159722
-1815.146030397759
-1898.5839766941658
-1711.4600243064162
-1720.7514859281318
-1728.1936836199175
-1684.8576688479889
-1788.1028216261327
-1960.1645866217762
-1966.0814025513082
-1673.0687523738286
-1967.9641945931
-1872.5035948194388
-1885.6059940828907
-1629.949470924492
-1946.1720680738733
-1945.923221214864
-1514.3100818970058
-1869.4192416192388
-1809.6795050653052
-1702.3871756243632
-1853.015155477501
-1714.9636699360537
-1668.663428476174
-1731.1852518445874
-1850.8313650267737
-1615.0108804327658
-1993.9464182424122
-1793.5841776776235
-1649.9493767471226
-1899.683346042877
-1714.100090744804
-1739.728124234912
-1679.2539415694675
-1626.7345396096966
-1615.174431781347
-1965.5942704419258
-1845.03842070968
-1956.4438740903443
-1743.9671904727845
-1673.4339281193127
-1860.6268754687585
-1853.224868923197
-1746.5964268166963
-1671.8903749847461
-1668.4291317429675
-1728.4976660259424
-1480.6771000003753
-1953.813883869093
-1832.3814204398273
-1895.3912089642556
-2009.7677858861393
-1683.4086368333085
-1924.8243890935119
-2054.796925942926
-1719.5342090871036
-1885.6547975263652
-1779.6786886259988
-1719.3812147323822
-1579.1624034980325
-1878.8399276131672
-1775.815036738297
-1446.636198693284
-1864.6132064852302
-1800.871609123777
-1842.80214227098
-1649.9499049356953
-1700.0005018499712
-1944.4400037738292
-1758.0676160313083
-1596.7956343435105
-1778.563000350603
-1854.7913446919513
-1605.9771982484897
-1560.260421650672
-2027.8742100473212
-1765.0195489420223
-1702.0369521758269
-1470.5338149242145
-1778.6356301244548
-1837.1460479174546
-1825.8680724735832
-1785.0511996624502
-1719.8170412530337
-1540.9125927000014
-1793.675330578948
-1760.0220941390592
-1705.7373659179846
-1728.583400163444
-1886.5730357484383
-1686.7502667788633
-1778.978955119248
-1671.8859423726253
-1824.827865042076
-1714.6925822094622
-1648.9967535968726
-1722.2701605055572
-1805.3949411967878
-1835.0084089185611
-1853.1705625271807
-1757.291640158853
-1620.6552270798213
-1834.8449059981656
-1492.0408795867943
-1738.6877010869387
-1774.7124713661783
-1473.2052767289604
-1771.3855572302894
-1698.670795713037
-1572.493719381527
-1637.6890483246827
-1700.7171269488103
-1782.6950125746866
-1776.3424210814542
-1566.9119081394956
-1773.0644786668483
-1775.7226601317159
-1874.799142527067
-1906.7690658318006
-1609.954822038616
-1611.178758328533
-1715.7276727155088
-1713.1799070820628
-1834.0736759553047
-1795.983937116076
-1917.811766592436
-1803.590123341354
-1646.856813077354
-1659.173473658756
-1671.6318310974573
-1607.9540666647931
-2012.56484566989
-1612.855406612719
-1608.3690326225912
-1606.6863452714383
-1575.3543914561549
-1766.495875306177
-1809.6699145697014
-1819.2955792408625
-1961.5919129556657
-1913.417342823286
-1821.497574392772
-1972.2801564424924
-1710.2706410465787
-1760.2294904909647
-1924.1303618991412
-1811.2604577544114
-1510.7246488112592
-1730.247617983444
-1639.5796327512621
-1897.438702211758
-1428.1208390889317
-1570.7738139953797
-1940.9329164692404
-1654.4811680962607
-1699.6544416759048
-1742.0916933354877
-1848.5687482578962
-1789.152722015506
-1707.9436600831016
-1828.9971489497116
-1864.0301165214728
-1781.5849363807172
-1809.134206661768
-2100.873058520913
-1693.3971692822938
-1491.6017852415036
-1898.2756209871905
-1490.953237519482
-1643.3834549765058
-1693.8318535232509
-1689.2876040697702
-1876.540444550406
-1815.411352208377
-1845.51612420224
-1711.4164270511403
-1759.720007168651
-1804.64280354565
-1970.43983137982
-1695.532211243629
-1709.5564981939513
-1642.0339036517069
-1696.560966015607
-1659.8803043838748
-1638.3101175738975
-1546.323084397078
-1647.338367871567
-2012.5289426541717
-1659.95725603523
-1725.803643282722
-1741.4797243212668
-1899.204712036958
-1615.7243632808954
-1900.5383948648819
-1742.5242784771121
-1623.9753603502581
-1741.1075110467762
-1790.4944571545034
-1838.0922169219316
-1516.8267328215409
-1640.2374658294652
-1568.1374544601708
-1642.942929645133
-1796.7315950358684
-1511.5930687926684
-1881.7243848773355
-1641.945761009169
-1741.5245785963305
-1715.3279380735896
-1606.0822689822978
-1644.925467246212
-1671.3549213621814
-1504.8633820606601
-1646.63747078734
-1709.189302261644
-1668.0420808849456
-1539.9025529001622
-1638.7716030459258
-1565.2777862550108
-1644.5960164669996
-1788.6421843990445
-1665.05396440272
-1798.983074462409
-1761.7672744823462
-1793.6981235266267
-1730.7672090182714
-1633.2690465473468
-1701.6238780305368
-1535.5549135149543
-1795.793861337044
-1751.7858806921206
-1766.8523591758876
-1889.4768247505176
-1827.5685715791096
-1862.3940242692559
-1929.8928112545873
-1516.5556999058022
-1780.6695952571708
-1709.4273192144065
-1882.8689178618076
-1626.6787327109532
-1578.6459098892212
-1759.391485143269
-1992.671464058719
-1831.4871154310495
-1808.651445550199
-1754.9014132985958
-1690.9951242687475
-1684.5229200814413
-1634.3662347509537
-1605.9943328816985
-1590.7810768826748
-1921.3231218631884
-1815.6638805919274
-1800.8233688945113
-1846.1037076421972
-1714.5179265951529
-1752.9665035231706
-1717.1518327243873
-1589.0532864245897
-1576.5189032668766
-1677.4561522745546
-1599.6020359607028
-1530.6837180607015
-1726.489594584916
-1840.3447207798206
-1569.9384297981385
-1576.8488029860891
-1851.058010400189
-1816.730675944206
-1592.0528905162548
-1813.8818676520493
-1872.6615499518323
-1644.9799273858637
-1857.943976959543
-1698.5895820833364
-1783.8887413512014
-1778.5722060558903
-1713.8221659885269
-1810.8675495580076
-1837.2978250650615
-1388.715225561794
-1712.2539304860281
-1674.7238376050307
-1713.0840081190022
-1996.0559153366044
-1862.2822638981543
-1734.3970676210847
-1608.2178799481542
-1604.4479023229194
-1726.4861393036472
-1535.1898767495127
-1886.7692516611814
-1678.41250476634
-1816.5499158841237
-1525.1729690599427
-1678.0603741877858
-1552.8536459383038
-1945.5486968018986
-1743.7207786619454
-1984.6203871863786
-1824.2840464417318
-1785.5179794999826
-1734.6823081169596
-1781.2854705526952
-1661.960586731986
-1842.0906145547654
-1750.1699798154066
-1843.550768809369
-1672.0452423186953
-1548.9117456790962
-1804.0041351393272
-1704.0065997092104
-1599.9123770415624
-1645.534706945117
-1674.9010957423116
-1515.2351645807814
-1557.419820388688
-1571.9851199089119
-1714.7443180085368
-1958.096177702783
-1574.4251173738667
-1897.2992226664282
-1909.4736607380387
-1797.2009731380688
-1770.4553790924683
-1532.1507264467489
-1782.9058147738228
-1806.4672389450127
-1517.8717385277841
-1777.6993825748445
-1678.045071242055
-1706.2614555756757
-1619.2351322142208
-1640.2569132924668
-1727.6572807324142
-1831.6226359369148
-1822.015105967055
-1900.1753751850933
-1609.5250610166026
-1540.3945873864384
-1663.3611164678593
-1483.022346763402
-1676.713643293065
-1656.4534382367872
-1638.6277520469705
-1680.4892240381503
-1593.576182160997
-1555.8719195398883
-1743.5217423138977
-1668.362004867605
-1606.632793978471
-1623.3897661758062
-1696.5922213653146
-1867.6821097492707
-1960.1701439553974
-1655.8366039002578
-1655.9415513547333
-1783.2232680763886
-1794.1883850984732
-1762.5065758514372
-1561.3762308699909
-1715.537568947503
-1793.4414067285309
-1583.622483710886
-1659.084959974338
-1759.4368697010516
-1849.1578002686747
-1844.1093737176761
-1704.31953671438
-1535.9002723963254
-1878.4617543227905
-1579.0692178729437
-1825.3716590603885
-1485.4754895785275
-1680.8188433706136
-1588.4587041279603
-1820.2701982578724
-1418.8729236980073
-1904.6349808960263
-2050.192308737641
-1815.1365497287795
-2095.116617384955
-1591.5974041991585
-1751.6440201357752
-1674.3908844277103
-1644.536207938844
-1885.3456260689275
-1493.5266840687966
-1478.856194825585
-1782.3110781459566
-1701.0451614299272
-1571.9606726753423
-1734.032555187646
-1431.2723500706115
-1826.649321187842
-1757.8654377230894
-1725.6210109240221
-1587.9582834626278
-1569.3099399547473
-1605.7187724872952
-1667.3000672646483
-1573.214831254562
-1794.1546247714903
-1975.942997176022
-1696.2837323384388
-1608.702782481693
-1759.7162569572713
-1682.7599892230962
-1583.2250046722224
-1631.2198762997602
-1507.1789566535144
-1961.0386082785526
-2192.5734146201053
-1634.2292874907978
-1962.0284842560145
-1745.6858367549094
-1631.3705355775328
-1648.0158017246208
-1781.0125842500072
-1777.0482431350806
-1704.057312733698
-1832.1761232338113
-1559.876030249764
-1851.0209061084474
-1593.157884326879
-1516.9024182366445
-1661.5814266575373
-1648.8311273809757
-1506.760154096153
-1670.7746825344122
-1822.5746413689867
-1759.8692289853236
-1656.2657794318704
-1550.39166190738
-1517.6946394295335
-1737.0255286045729
-1550.4744386791433
-1547.7786723527804
-1627.7792428224725
-1709.7937549509006
-1918.3538709892919
-1637.9683598373367
-1551.1585442894507
-1748.9847500557446
-1867.180471843348
-1598.0040198644574
-1629.8709415893939
-1779.3071985382126
-1733.6430331641152
-1709.9457991321767
-1789.497159927692
-1950.4389315595624
-1749.7471560768145
-1537.7001576149742
-1882.2546907741175
-1465.820963588059
-1603.7350493336419
-1858.4298839991761
-1996.2723963127823
-1816.7065438523925
-1681.0419644007893
-1616.136983373895
-1625.3928969761798
-2010.4913306723631
-1641.1254607034618
-1513.8090883056236
-1737.4641736138738
-1397.5188484089274
-1549.5025676085052
-1702.5161034251717
-1847.0558244165588
-1374.1429464616092
-1686.3318031234269
-1607.4695867851528
-1826.3730256217846
-1673.71700096981
-1645.7904256118338
-1634.5430478282785
-1418.4524435855822
-1748.4664224371609
-1603.1405344735854
-1783.1209858841346
-1576.5198765817674
-1684.0656466298535
-1574.6027527348485
-1401.3602901633008
-1547.1384283027135
-1551.6150964219598
-1707.235485528735
-1649.4471548919275
-1726.3991768432347
-1724.3861051771917
-1781.768903371318
-1492.8955697415006
-1853.5386190026
-1518.5470660520245
-1685.224833201276
-1437.540992580701
-1760.3121251806854
-1892.03860743984
-1686.2035710068528
-1610.2514110826896
-1994.6860518890421
-1665.139189888947
-1636.933658795788
-1608.6524549698074
-1588.71649628156
-1750.9495554403181
-1770.470885198351
-1732.8796382601395
-1932.6172604195535
-1641.5314257270559
-1660.2894241818333
-1606.6472316001652
-1650.9977511368677
-1602.0321839782696
-1682.0443099662864
-1525.8931217948932
-1847.8105870131967
-1722.6732960913685
-1801.5949315170524
-1788.2626018459014
-1758.8079507901627
-1572.6201582840902
-1771.1803406035174
-1723.3935686198215
-1522.2624550734558
-1754.6690889503075
-1602.1671812332859
-1516.7367359399786
-1754.8570276034513
-1751.426100918734
-1681.6570440480114
-1787.2501469725453
-1579.422667335771
-1790.9590522759052
-1584.623764178578
-1448.2060201810903
-1639.532505162367
-1548.4812024326584
-1782.5115529577708
-1699.5262129435357
-1948.251881506816
-1709.4917131955694
-1719.5957338044902
-1710.107508836049
-1642.6202053122734
-1801.258877495986
-1471.649051175654
-1679.2674399707173
-1677.8806792146095
-1592.959547656028
-1825.4659202071648
-1760.1580020637969
-1535.4849198780573
-1638.1043057342501
-1645.54641610517
-1532.936759754606
-1569.8334724738986
-1522.4104831844186
-1636.059336739001
-1686.9166983181829
-1800.6501211392513
-1742.3589874982927
-1674.1483330245806
-1510.5088952183394
-1625.2634370805868
-1691.5897382122298
-1791.3400343486403
-1557.6655917723415
-1811.1863848025916
-1699.848501328503
-1752.4817242791335
-1756.4258665187183
-1666.0608467762177
-1711.021690381899
-1539.1952543582436
-1783.6442209373338
-1744.293477438805
-1898.749690383801
-1757.9005291308733
-1709.5287334196023
-1612.8571692762089
-1665.8051926679125
-1566.8597658671156
-1472.8112576866863
-1612.0283668456448
-1572.2207804108587
-1785.00034425484
-1631.2861695138029
-1765.8789696502536
-1556.9274680344395
-1833.0657517068237
-1727.1715886293296
-1624.1263021606858
-1579.5038878581051
-1720.7259924002315
-1685.7551518356238
-1742.2047270933151
-1660.469506960515
-1593.5197807009763
-1737.557945549997
-1789.8418499458905
-1608.9940727978528
-1652.9123477340192
-1663.5522275075446
-1703.4077765300776
-1657.331828060854
-1508.2807834914431
-1636.9079589929931
-1575.622053355895
-1609.109603653276
-1869.4202412026088
-1570.560519086847
-1719.8677665031057
-1719.8822077815075
-1696.9308077246567
-1558.3099172690938
-1968.6961134734474
-1917.087145493615
-1632.9650574358252
-1747.4648405759215
-1784.446749741807
-1618.4455639201562
-1720.4520291202455
-1867.548621561492
-1665.4771321946776
-1436.8737201170381
-1631.5855128080407
-1735.6585546898568
-1471.60269727394
-1596.8939055554292
-1562.985686006857
-1525.1490902523553
-1834.8816174047151
-1635.3006867287265
-1566.0298401668424
-1757.7388656919677
-1554.16006512926
-1544.273087915355
-1674.4314981745656
-1667.0337004549508
-1739.9972469157242
-1808.7846399516714
-1694.698531977713
-1373.6373168149398
-1501.3775701850602
-1578.1823857124464
-1630.5045476146531
-1553.8540427885646
-1459.0269374574002
-1540.5609990520945
-1596.92368353492
-1861.5460922093553
-1949.8275238336087
-1711.572958788833
-1532.9486020586262
-1732.2762316360613
-1554.4267091128727
-1603.5756054192464
-1652.3806637249384
-1562.194947273015
-1723.5561338135774
-1824.9015505188383
-1699.7852334747772
-1694.8942230076514
-1269.890161625097
-1704.6556237657926
-1687.5608652295011
-1680.7381810875597
-1839.6589086287247
-1612.1732186412983
-1596.7718380356716
-1741.4916756345383
-1534.4490596233677
-1514.2946817359832
-1532.5669512125721
-1501.8620732970369
-1450.668715873385
-1734.818527510929
-1660.1908959910868
-1500.175871374169
-1793.0932171972806
-1657.8641655417628
-1667.6729469858615
-1652.5009516376829
-1490.7309911140424
-1552.2341414086256
-1675.3578059705558
-1751.4918758825079
-1880.3720024076488
-1601.8528694862596
-1527.248095593759
-1605.9450087545467
-1544.1284789383951
-1689.773009233946
-1345.885781351772
-1724.435711440933
-1658.7798396447713
-1705.3062900505015
-1672.6897850768116
-1517.6177602784974
-1621.2905627850832
-1530.3223971449077
-1611.2131455190458
-1889.995689727105
-1756.7175312358693
-1526.1422632960691
-1582.3773125612738
-1775.7251031525986
-1460.8604141888686
-1664.272868724436
-1611.9772453909247
-1608.8403053960237
-1611.9824692154784
-1652.9901385309756
-1604.6565733956502
-1668.5448152472068
-1812.4645983532769
-1713.8267359170093
-1619.3835271894304
-1639.2208265433917
-1665.2141546099926
-1552.750114298467
-1725.8312007186294
-1772.20998247433
-1628.0608072060813
-1645.7396421998653
-1778.4108878207558
-1935.803323929446
-1680.6844899422288
-1603.4852019622622
-1567.6409204000274
-1768.9321020242246
-1601.6306314375213
-1636.2352074797395
-1540.505131294635
-1452.912742044777
-1670.9408085572745
-1384.3153446456133
-1687.2903456549354
-1734.7945023554207
-1919.3887674562752
-1640.2093976776168
-1591.9297805056913
-1626.8551163722668
-1574.3403581734349
-1588.2376658196995
-1532.6412896672898
-1779.8710975663287
-1628.2824932756605
-1658.4364983156477
-1414.866587938543
-1632.6516768296208
-1617.1674792877873
-1657.126837797401
-1804.57393193345
-1363.5157884887753
-1513.7115819454305
-1585.006954671479
-1798.4204140108077
-1576.8716263783244
-1544.205283862699
-1640.1607564902754
-1571.4890976829267
-1706.9226318533122
-1804.857999574466
-1776.8700675345412
-1518.7141788928955
-1648.0952516193918
-1680.2386691441116
-1678.8773226295834
-1683.8671975661719
-1687.9071359908548
-1905.1379998545408
-1744.2702900860684
-1541.6197945867027
-1620.7488538001878
-1711.1254755777948
-1633.1452412957146
-1739.842045409933
-1563.8284981471916
-1672.2969979608633
-1811.1188216040498
-1691.765322389087
-1713.4618938022008
-1626.0917232025313
-1717.9117329822832
-1547.6039002982
-1598.5836509985663
-1693.6333274632643
-1851.1489056106977
-1549.1397351502642
-1619.2016575194734
-1726.7431163133517
-1635.201121316474
-1665.585747767457
-1644.4796948142564
-1612.1789484501962
-1653.9532574632053
-1512.5094126661727
-1585.606840390441
-1765.998758699395
-1781.161974610592
-1689.1668538145664
-1748.2493480091032
-1822.1869476685126
-1575.7392804890676
-1658.7527134100703
-1481.4579842141763
-1708.9115354656362
-1559.7721160178687
-1808.8053235404054
-1695.0624118719188
-1711.1017327457362
-1742.6831327417096
-1696.5174098417895
-1615.0815104073195
-1526.3469125289766
-1673.6748444074278
-1529.583320980144
-1788.7823368857594
-1656.9767625676295
-1797.0018998732269
-1660.585775926756
-1636.164832142127
-1567.677724243096
-1723.3967318583373
-1594.2276648314635
-1666.550939970553
-1741.4990293166518
-1592.4540236251294
-1677.9282202783827
-1665.1000546202831
-1468.928542419882
-1764.8528443168427
-1645.084769110135
-1537.2251399497989
-1536.537443253834
-1634.4309196765084
-1579.2736513277102
-1617.282927647541
-1589.5996227512844
-1586.15766009459
-1630.4501853562786
-1408.1164482447741
-1424.2672395887753
-1672.3680468566251
-1715.9373192188975
-1901.3246612784508
-1392.4403935061039
-1789.289221198108
-1585.426517663802
-1678.0933322550763
-1651.4002235106702
-1460.2045450002267
-1754.665120036441
-1638.377207053564
-1669.993179845566
-1599.9421719480588
-1577.9425853201433
-1836.8843903994666
-1746.0914883712114
-1695.898852743776
-1720.7895697809702
-1805.7749286832902
-1361.575141721842
-1654.9293015745666
-1687.4383480515403
-1642.4335810370326
-1753.3229545057757
-1546.871118579812
-1756.6482610484823
-1589.9585511415085
-1742.4089396507163
-1724.6034907851351
-1443.0813929297278
-1729.7609638745203
-1860.0187882321932
-1873.9996802635912
-1717.4542271008324
-1664.1124472597794
-1642.88842506737
-1854.3774212195026
-1455.6912108170166
-1615.5673987254545
-1808.583906567897
-1716.408682196314
-1649.754112483185
-1703.0946147521236
-1561.058946354699
-1504.7293460778608
-1693.704135523909
-1506.8773184402164
-1628.666701214664
-1548.2414495718294
-1571.9824589164593
-1671.7160293562772
-1582.022951436451
-1428.081140474358
-1616.7880045940494
-1461.271966863706
-1643.653675953877
-1508.2746551217726
-1663.346965877106
-1672.4138067890092
-1806.6802755647839
-1678.952724295936
-1572.0818776744568
-1525.544268760434
-1976.1757275563766
-1737.7169806106824
-1777.3076883102697
-1679.5923996161757
-1694.5526415270726
-1619.155332225334
-1734.995781089121
-1639.4234883590448
-1705.9945271840113
-1594.8210653938463
-1594.6718138896983
-1534.63203121247
-1577.6399358505844
-1764.043006646267
-1710.8273832508196
-1673.100508699913
-1560.0449341565247
-1823.0109149552031
-1735.5312429580179
-1610.4709287070964
-1810.41855645731
-1524.4846268879685
-1626.879002925968
-1543.4135264573467
-1667.7467575604605
-1508.9717934617468
-1886.3503009720332
-1565.769348236879
-1657.7705128716723
-1711.8749816508544
-1757.258701614108
-1933.0069788313133
-1620.3362798343153
-1686.0956881312993
-1525.3767257279248
-1643.643202662986
-1766.274762043912
-1634.289113774045
-1600.0530189592253
-1768.946691826917
-1610.5885571317272
-1649.922993483927
-1925.5582470382553
-1780.9846908273196
-1512.714069667889
-1488.1810278919017
-1591.3498764051324
-1588.364042920761
-1649.3002900921497
-1561.8561398093498
-1623.040191360641
-1634.5068695445514
-1697.4948272095241
-1502.4844079000236
-1491.715484658085
-1686.9712728326838
-1631.114842457241
-1654.279063777262
-1663.6876349160862
-1648.2662938959963
-1622.825910269365
-1480.3001355964623
-1745.161823597627
-1491.088330781088
-1480.8082972429418
-1547.640283621234
-1604.247061236535
-1693.9638203921388
-1879.3956013536203
-1549.4510165324987
-1553.0260976710497
-1420.2979559529401
-1599.6903731956947
-1571.1826988049313
-1506.5711581597513
-1663.8325941032067
-1500.8623202610415
-1595.6786480439214
-1589.2732336507383
-1597.9118886566598
-1590.1527437135005
-1748.8351875943795
-1662.38309650502
-1604.6410367154651
-1745.1252516641493
-1717.0230212237184
-1459.6659384552124
-1588.2215859034945
-1521.4771287748629
-1489.6864635313966
-1547.6448982748013
-1836.8847986710502
-1944.0208882310449
-1505.3683111691391
-1549.2476925838903
-1469.8358669787926
-1510.5615064293495
-1572.5903966193343
-1554.0299319626538
-1666.2005880540357
-2019.744562199734
-1666.5136107225815
-1751.3999271371563
-1618.4797883965591
-1583.2490009551607
-1540.0084627154367
-1616.6231266832247
-1779.488727403874
-1682.6169469277438
-1590.5302579440531
-1841.1227885772153
-1681.5461018768242
-1669.891075215756
-1662.630108196224
-1743.7787497127458
-1777.443936036869
-1642.2412181141428
-1664.966603156035
-1719.7197651564122
-1570.0749366766704
-1651.223770856639
-1615.4446082159384
-1572.9682476309895
-1686.2607821656002
-1549.3973150038296
-1587.2783570568652
-1651.164167925041
-1735.1204533577857
-1525.7408789575588
-1470.097661046372
-1596.9859604149694
-1800.8940326751888
-1446.4217044515324
-1582.0929236044344
-1613.602469666359
-1400.7218265386864
-1634.617124665634
-1684.1121135149515
-1587.9042124966818
-1659.5968808558046
-1757.7191820024218
-1581.103292478661
-1564.8479661333117
-1528.7542150493653
-1778.0953346352017
-1639.9648600699036
-1582.4451009761517
-1592.353807632552
-1485.792127901693
-1571.7663778164915
-1624.0332460768202
-1648.4230878706219
-1614.4195036264555
-1590.3199954684355
-1490.502667638297
-1650.236894135442
-1442.6063917540157
-1715.9157689479368
-1540.528336260807
-1566.7114351774626
-1661.912208845821
-1603.0818706307377
-1670.6937450262608
-1615.6694855905284
-1632.7022111209394
-1697.4213761561125
-1713.0317849666876
-1674.7260676156855
-1517.25729379593
-1645.3588533745115
-1523.3849390422085
-1677.2357985844917
-1689.6856202701613
-1818.1207358978818
-1643.1622107516052
-1701.5690396949858
-1539.9648776830197
-1558.5600454913226
-1409.0868830491781
-1689.1458273509388
-1988.5120074792476
-1688.0840272991857
-1803.0443830630086
-1860.3513779848306
-1657.821509546824
-1784.541947526541
-1601.8301288598789
-1593.0383504190418
-1753.0749208736904
-1649.5623097764083
-1885.0380913597903
-1601.7287124653772
-1829.7172280504615
-1779.2684898965572
-1703.2466010296898
-1669.042916710919
-1490.9327391908585
-1769.8750326797451
-1619.9153972272434
-1538.3335136479861
-1495.6123671151634
-1647.4770770596372
-1480.192517984978
-1609.883226004082
-1708.8528666506322
-1541.4267763549706
-1774.1954484056541
-1524.5504156508553
-1581.205635279532
-1654.0928284295335
-1611.7191655676527
-1744.8951218229538
-1751.58019869076
-1523.3823292183693
-1713.8232950035251
-1670.1208204532672
-1633.9090269927176
-1636.9851700148902
-1662.7524747871444
-1604.2019582877372
-1538.845245672751
-1546.808651724611
-1593.369179270585
-1723.478234042848
-1614.4928653173938
-1688.8530431779839
-1632.9545484175121
-1602.2054518477491
-1494.5000114431396
-1612.5810847184594
-1641.62000231957
-1698.7209806349063
-1639.2735934166099
-1647.70772132922
-1579.6302809658932
-1824.6554920363037
-1657.5643883150594
-1707.0690069896566
-1466.936402713244
-1641.0276063909212
-1601.8929055336287
-1753.2448320263736
-1560.1355743982438
-1640.2652377770573
-1691.987264497454
-1539.0740691023334
-1585.652612686919
-1706.4461693285357
-1712.1863647565094
-1714.036618272254
-1559.4163987613765
-1623.3603133670854
-1628.603414150876
-1723.8461999299955
-1865.1380645866584
-1586.74484057524
-1744.6404303771906
-1700.5448198128686
-1570.752083625819
-1731.5547621032647
-1622.8012442121849
-1879.1228726629734
-1640.0371488929288
-1767.77706968577
-1783.0734022985337
-1663.8798059392532
-1692.3073527093302
-1555.2395495233932
-1723.797729650678
-1653.5641104791735
-1536.579365869842
-1630.268706957883
-1590.126563740469
-1757.2694314171488
-1606.1759970733272
-1520.9356033724532
-1697.3354575113838
-1729.2050565606023
-1771.422715730106
-1740.3976505212552
-1694.1845219632617
-1604.4132684313256
-1602.4962138339436
-1711.1970931556632
-1796.1324750109386
-1608.4276185619112
-1617.1074880583424
-1669.833635709557
-1735.5417096001768
-1550.0973754078873
-1473.6037235737851
-1671.5253171625266
-1729.3850255113084
-1806.7895553829599
-1718.8115779918148
-1479.7909404749003
-1803.9298859113167
-1782.6251114536667
-1506.4413144811256
-1618.3351958886476
-1706.3199462347636
-1634.5005838878205
-1645.5148566359178
-1729.9638370828766
-1436.1481641186012
-1782.8272778101218
-1572.6547499833152
-1599.4175795564622
-1597.0355017440156
-1731.4937622614975
-1573.456181897874
-1626.5337729717394
-1488.9740414524747
-1463.5910528791276
-1560.2238234664915
-1639.5640994130579
-1406.2034552386262
-1552.823602991176
-1762.769320329024
-1547.3942032649961
-1713.2127075064116
-1765.3991314291045
-1783.9121214525499
-1539.7248245499188
-1665.5579443582983
-1481.9401924146323
-1465.245745331926
-1515.3323735692932
-1571.1166525438593
-1694.827184754292
-1483.360221831469
-1622.134686387896
-1602.2968385206793
-1714.9318045125995
-1686.3824100549348
-1735.1870210384013
-1788.9529290388614
-1496.5097961672902
-1581.9240517952762
-1651.0417762258576
-1575.3267381473097
-1480.6182839774003
-1482.0481660573505
-1534.9364843226613
-1766.8449393556377
-1674.402211284754
-1594.073701113793
-1768.1428553318458
-1482.7192516481045
-1844.745800276409
-1369.9889658822078
-1580.0901695038317
-1511.2378946492336
-1553.077030042718
-1730.7833197962893
-1761.059024945995
-1460.2108237513792
-1651.0891201590323
-1579.212610646285
-1759.567763388979
-1810.0460458925463
-1445.0239609555354
-1585.4309338406263
-1792.3919254802147
-1662.9912823293705
-1625.4384925278227
-1877.421038482301
-1626.8994592333238
-1599.0887921892827
-1620.1555042635105
-1658.726053620708
-1672.3788455945469
-1718.7656504551298
-1631.893201892761
-1683.8871163062454
-1691.5958909513986
-1510.068572171745
-1598.7672510085265
-1464.5442317086263
-1402.2355946918094
-1725.1424743722512
-1796.555881461968
-1657.8868729255482
-1674.183332352704
-1430.2928759296005
-1635.0318798028457
-1749.4873186059372
-1668.1118417041898
-1833.0449647517016
-1694.0724366359466
-1702.6909392004075
-1759.0470628761009
-1583.9473374806535
-1634.7910359231726
-1812.3849693021727
-1525.1018191663857
-1697.893427656548
-1865.1581235482129
-1596.271498172443
-1734.0810579560584
-1509.8789207573464
-1542.4910827503877
-1608.100713876296
-1748.9606319542786
-1624.7443893023917
-1541.1801825423377
-1828.8670502888858
-1796.0652655745644
-1615.0469573692671
-1593.475681184025
-1607.552848647267
-1616.988681962386
-1618.7858329819342
-1785.8148409941523
-1758.1699085644395
-1676.045946836183
-1550.034398289891
-1528.1866206937734
-1759.0382696188335
-1570.3267204333372
-1790.94104465654
-1571.8183650587832
-1527.2814894263554
-1846.0680655668734
-1483.7381368934248
-1604.13264021682
-1663.6653159247714
-1533.9828877503792
-1624.3258202714333
-1619.2228542926218
-1569.6526216599125
-1556.4584031679453
-1611.0993161712881
-1537.834247577898
-1672.9365359556418
-1542.664469918061
-1574.0483482121385
-1831.4936990625768
-1623.1018353346708
-1658.8311787165303
-1651.9629536668897
-1521.3577503005706
-1515.8681215039724
-1623.081245613915
-1609.367897312194
-1626.8605542082898
-1698.9848942951778
-1779.4130097607165
-1628.3502219188717
-1771.4429327764583
-1590.058420061598
-1605.8237188356395
-1485.851382827166
-1589.0722786046065
-1433.5385421284786
-1766.4295889788677
-1624.9028430080934
-1783.1048719431944
-1780.5140147617
-1589.5398903781038
-1697.032000730362
-1852.2248134946738
-1580.01744143548
-1572.6805779260524
-1568.12752062216
-1580.1808335173766
-1715.4874621106317
-1614.8255691305806
-1676.5886353565775
-1639.8572084799107
-1488.56060812166
-1745.1083882735982
-1513.7750283477778
-1575.731956020655
-1618.8929124176732
-1756.7018505949518
-1670.0278780529434
-1515.0150919377122
-1610.949126843003
-1698.3319941092511
-1660.8362741878036
-1696.289736005955
-1639.217811909746
-1649.98189105263
-1624.7942133425433
-1654.229841682106
-1518.1560551665245
-1637.6586782635138
-1560.0908214346262
-1707.0821594225224
-1736.664977529138
-1665.7189286468854
-1712.7804318479384
-1714.2246658799795
-1611.7601207104458
-1722.7125000294998
-1730.1660148912003
-1717.8209283833403
-1628.9575316202836
-1563.1927537364843
-1569.7056155070059
-1644.5799430384873
-1549.9844222453191
-1833.166892034497
-1612.674779707977
-1671.855660053921
-1797.4091194373889
-1594.1402592354987
-1538.779129595611
-1714.5652485745645
-1789.615962421301
-1773.687803711286
-1635.8149320254715
-1710.50583961506
-1573.8920779001553
-1496.7422901989582
-1862.1439912323326
-1542.188969759316
-1509.6920580983294
-1568.3890204346965
-1579.3537766210836
-1531.6014180863908
-1729.4878382257084
-1742.3573349937328
-1504.4722000254221
-1624.762648408165
-1666.0557458898156
-1675.8110110145049
-1515.8641713379247
-1557.0193288768046
-1589.4206216894647
-1794.0325706519754
-1575.6423955122145
-1777.30614465219
-1620.3729548172435
-1607.3591509823407
-1559.3935310612449
-1612.52632532318
-1727.9746831136106
-1549.023691721837
-1699.1072971743806
-1815.0547031038254
-1428.935938625482
-1630.3567777785993
-1650.6953337753591
-1633.0980148447118
-1781.3839258648457
-1432.2014213541036
-1503.0968884085003
-1471.5907667269591
-1685.926482085903
-1557.6572845501169
-1970.8434330686537
-1409.1674538259235
-1736.985263605073
-1583.9578591117133
-1656.2472869337182
-1502.0868982138093
-1870.573964505211
-1859.497436282894
-1613.8237445797868
-1823.6256515086568
-1516.9481057852583
-1518.5914869915964
-1604.959050953444
-1602.0499742566565
-1561.6603010212161
-1577.073291585063
-1614.4581139260104
-1703.7073997340938
-1651.5793940190972
-1560.1538502081046
-1567.4263297445011
-1446.6271936808719
-1719.7671891629338
-1644.5777938154877
-1726.7633808001165
-1725.82497893863
-1674.319875878892
-1612.09772555719
-1620.9035633493475
-1534.7272110126903
-1700.1421484467837
-1568.5729757693696
-1623.158287327066
-1660.8105093724898
-1546.5290342101114
-1563.8108770478968
-1498.8661480061012
-1730.1212674821975
-1656.6996594149098
-1613.4637263035797
-1614.2829368756638
-1856.36996221365
-1863.6346032790486
-1613.5871150938094
-1686.7659990788195
-1563.823764307423
-1636.5179930357322
-1616.2474543818546
-1487.755505183496
-1588.4545217557109
-1669.441576517505
-1383.5314148409643
-1457.6210718381024
-1756.2402719370546
-1646.0779556076416
-1669.183818059426
-1697.1530415134407
-1607.3648884217441
-1630.088151533809
-1596.1828120707316
-1499.107880401594
-1789.0495921561887
-1715.4251833634605
-1592.294925788431
-1593.2574469655306
-1630.427384262373
-1740.9899216472977
-1553.747521066521
-1666.589097779964
-1575.3537986925091
-1891.423350823693
-1625.8996265973822
-1665.9380906863385
-1728.2973610183246
-1675.9768138872162
-1630.8853168606418
-1525.089520423842
-1663.7872096202761
-1575.6919197176373
-1649.1253286023173
-1823.8671806863156
-1549.3888738821665
-1588.7671767841605
-1559.7952090058066
-1839.2940021918516
-1471.7861584050106
-1590.4453748212018
-1594.652127083676
-1757.4454776542432
-1779.8079278506668
-1798.3361819436711
-1695.9086222618496
-1557.0288691997373
-1767.6455693181786
-1675.2171005915382
-1773.059036055168
-1617.5328236530381
-1672.5640754428373
-1621.8981022411813
-1601.296903120472
-1656.5302883685838
-1468.387005765738
-1691.2956586690646
-1699.130449742624
-1633.3104863782055
-1705.6091549477273
-1605.7137919815307
-1473.8531747971847
-1548.4141552203394
-1552.7670726178421
-1671.0553435927623
-1544.5724871273642
-1548.2181327519868
-1636.6071411594037
-1614.4126380942491
-1728.2603459232446
-1580.3913669830142
-1554.388447994665
-1626.6533615670023
-1715.8782463979383
-1420.5082438389265
-1538.79579809245
-1715.2518092597809
-1693.80057912321
-1587.08495109651
-1757.617117145363
-1632.474924016801
-1820.3799725272643
-1680.143052247336
-1759.7980358354682
-1676.0547484549984
-1727.1682133718773
-1902.3428109085748
-1593.9251052233028
-1617.4793442093026
-1622.992863891174
-1598.8379582945163
-1608.0622222622108
-1781.7564131436457
-1669.4338178776493
-1677.198157905399
-1611.3292780813606
-1566.6661602386982
-1643.9439413453795
-1693.01871296961
-1639.8571089053073
-1616.7972510736524
-1561.1868651607685
-1519.3763802349229
-1601.6887231976348
-1634.5931114350226
-1712.2201954384202
-1716.4104382706878
-1500.1105714699063
-1607.5995423868892
-1811.2056831603772
-1709.4299037020244
-1848.079618539505
-1557.9156040492362
-1798.0624962872926
-1578.1927113691293
-1650.1391681728612
-1443.6495153863561
-1713.3448354189707
-1605.1584906140208
-1866.3256315630917
-1622.7222263741985
-1694.8241142302115
-1772.2608889190758
-1815.7110407198077
-1512.500034487561
-1598.9129704500135
-1762.0805607930663
-1538.3786455521251
-1482.0634821631718
-1715.298269080539
-1636.333729521345
-1569.418483180769
-1492.046143459146
-1689.0660317306936
-1578.9599032914432
-1604.8779812264163
-1591.550315537301
-1710.7663415875068
-1666.1077816150278
-1679.2491537795665
-1620.5856360076973
-1438.673702909242
-1829.1179601563713
-1572.8174286477467
-1685.4381772190127
-1601.5525963979446
-1713.4871473429985
-1752.689955841833
-1648.3909513935887
-1551.2549744629507
-1695.6876695157898
-1666.5930392688786
-1651.204440622003
-1690.5287242715335
-1717.4124096072806
-1514.7076300274766
-1589.2707924199083
-1670.8676457861397
-1707.6554954837127
-1648.478976511991
-1737.6424967966248
-1955.189852830712
-1614.3060230003716
-1845.2737684799395
-2082.215844740178
-1660.847109554066
-1523.8711715495076
-1731.6909817888913
-1652.2094671474667
-1562.621160405207
-1627.8958085706574
-1607.9837532399313
-1570.8694783300532
-1740.574336686128
-1595.6558892051753
-1816.618645727767
-1695.8759142554468
-1486.1534704510773
-1605.1068201274907
-1684.175551129584
-1709.6473969632348
-1883.4993643953371
-1744.3160893499705
-1832.5245605658913
-1685.511733103345
-1578.8969980329828
-1649.1640117829743
-1571.3042387194337
-1503.9736518937236
-1641.0325836847621

