-1508.0561882424718
-1444.3040445321958
-1963.254791646627
-1606.5892897508988
-1545.5749457105967
-1886.9133122320372
-1427.4870173806362
-1409.8636918482548
-1500.5040649026714
-1753.1256223377354
-1674.8803040660343
-1153.3298470247107
-1313.629253988495
-908.678518777386
-1330.393101075711
-901.6884521065215
-831.2105884011053
-865.9970771866273
-1120.2754857022019
-933.2453481717939
-887.2889310599018
-951.9059178158195
-845.113119385856
-953.4326084744386
-971.4086557900818
-803.808409340605
-833.1899933584386
-845.9403915191187
-821.1832241885974
-739.1742065836675
-1019.8279787698435
-957.6182293014663
-878.0933005294451
-922.7670662620711
-758.886996306715
-765.5811301243698
-871.2401948834348
-736.5317132740055
-734.7071959359665
-795.7501368115801
-1048.445084556833
-846.2552008652387
-811.527394389035
-799.6218827106829
-747.0288617514522
-819.4609345962216
-707.0319236357464
-867.1372983296617
-786.2149006422738
-733.9933351438472
-766.1477031982552
-716.7887226786893
-792.5402452793572
-722.432608550357
-720.6723573289008
-804.723204544963
-748.9803688095458
-962.3998039501644
-868.7625783657279
-855.3195254446755
-805.1746576386734
-697.6848060481851
-723.5392388627686
-726.0476246008967
-781.5578687439729
-835.7683681373736
-735.6484401225395
-732.8000585895649
-863.6005836212419
-853.280880390713
-857.9388630938491
-715.6841512176527
-748.7118766588433
-884.7176602728418
-808.84166033256
-766.6755765814937
-818.4014388690439
-673.9576914598489
-836.6510413800643
-766.9213097697364
-769.5299393882387
-723.7894962672
-824.9574328951223
-817.0627918511894
-806.3001313420872
-980.9570014150761
-859.9181452492694
-809.2848739632285
-904.1785143138688
-832.159655517922
-871.8488181031431
-746.9819368068828
-844.4050102851215
-757.5229326045376
-707.2281604460418
-805.4338925765787
-727.582749173007
-778.3840076393549
-739.8437717176414
-936.3490809417358
-759.0350515560431
-834.2372527253225
-785.6640865348844
-879.273725441767
-742.3335605536321
-729.3072363668246
-839.5672705884467
-819.4922838205225
-801.0809372854566
-792.1203323886408
-709.0472565516793
-770.082077982686
-823.4054385138154
-832.0578508396302
-760.077947335255
-680.705476788005
-883.0013655589282
-797.2351303283396
-878.995413320084
-761.8790126433664
-837.2286888273488
-761.3530045000491
-703.8946531560089
-771.908844792872
-842.0922589141242
-851.0894957126623
-781.6925451781649
-832.693165874905
-828.9189349565872
-735.2870872576324
-811.2911279301408
-765.9063696038482
-746.3212825067569
-933.1026516844457
-868.5484695384574
-812.7707014823059
-825.5701784708714
-760.184454510721
-744.227945181362
-756.0922137507682
-798.0387008267592
-766.1453072741265
-688.7465724734375
-721.0648077168078
-755.3879447770073
-708.623559631691
-850.2237566000175
-785.43553289596
-866.5050137809782
-740.818883589348
-811.9145751989536
-747.2173676546504
-822.9764631813204
-813.7086555116889
-773.5441628198118
-826.4198659118083
-816.9890362314147
-731.1235013721376
-774.6096319721029
-794.804859741343
-756.6748324538748
-693.9288270715467
-789.072539876347
-809.4618705727949
-839.3383835168112
-753.6397466955212
-750.7202883838409
-750.9636318810485
-735.8508631221189
-571.8829719878696
-765.7743192694803
-721.8960950155719
-741.3822750986155
-736.3215726986526
-684.4366561053598
-834.076708097175
-705.6383426775991
-681.302908251028
-710.0759261005098
-843.0726272152468
-814.7137798788697
-629.0083606328717
-715.945172338093
-693.25525229321
-830.5247598466333
-743.7044760016947
-795.8124145632205
-789.905522026494
-649.7437693679531
-776.630898417864
-792.9619505334849
-810.0964749404652
-808.7963200855843
-731.631534546362
-779.7569871973449
-709.8711301004813
-701.4563436289325
-720.28490907035
-733.9045252177104
-740.3046483248534
-832.9349699908103
-675.8027729028835
-754.9572756313514
-890.7842593846186
-861.3897339086451
-741.381646765431
-856.3139298508758
-711.5112812608284
-689.6752205518538
-716.6407633357795
-761.2437653315745
-770.7983665271404
-768.3317566194871
-806.9423736258414
-781.7150412012797
-759.9907954727985
-801.6343868477452
-675.4557079837468
-778.4210832809449
-762.3618702520206
-697.1023364569674
-810.7170608637061
-779.1885051524573
-867.3703201375131
-820.6455023853027
-656.3565821038692
-743.9084368138392
-797.5820864632051
-757.6355421940799
-700.7648136313503
-671.2407656561542
-934.2949466089322
-917.0751330322727
-749.5663896283438
-738.9804606153373
-640.3305053416476
-849.5042690756833
-877.4112753894666
-806.2519344326355
-747.3711590728824
-785.2390142987281
-740.8826847685814
-748.9650719261587
-735.0901158825909
-814.233939964014
-822.5909419852205
-697.7610751448937
-709.34761693179
-830.4366504819008
-833.8543502303892
-682.0276091654125
-841.6980419474357
-681.0448896004827
-760.7655991061483
-714.2650489299904
-766.1756639006317
-676.9520548184273
-760.0596617860373
-792.47927155988
-802.4948596443357
-644.6281506651218
-737.3359578471845
-740.5771746921939
-685.1708558279395
-705.0212735924732
-793.5840614229245
-813.4169322932393
-702.4881708177832
-689.6039229686762
-779.810851606661
-761.2560758930142
-756.8848654330449
-787.9456202354061
-831.3609049108645
-793.5604774437779
-681.7052000261547
-765.4694366104511
-832.7050669198414
-743.1858390955622
-724.6058320807219
-774.6838221036054
-767.2752538367419
-775.7212881440687
-687.2215720980475
-761.6948380247798
-727.4782118372782
-667.7943604002033
-824.3722630005689
-836.582650549556
-714.8739020748075
-704.161541198765
-730.4250310772001
-859.2236608232072
-759.2876759431164
-766.8504575691629
-904.9014452657425
-788.397405558251
-715.4708006967776
-652.1390096924897
-825.438952080366
-754.007162733408
-851.1316279876506
-808.2334334841352
-889.7223135791812
-754.4747793533197
-712.4895649213745
-817.624343569216
-731.8636971790721
-757.0712273591341
-840.4553008989246
-788.7533186007659
-705.2460408112203
-698.3914800606824
-826.462375066153
-742.58495737464
-741.3341104959638
-692.7957268011373
-909.6933846740754
-773.7471175241203
-691.7072009588766
-745.4886161726994
-715.7259272017944
-749.9167798406843
-748.6493106544531
-770.3484087328056
-691.0623225925312
-728.6767433147389
-728.8131405496785
-737.0235625209181
-749.3733947546845
-714.3779480497212
-747.9164804889715
-726.4573214290112
-826.9467298220229
-633.8070008631158
-734.4784242267448
-777.40225046198
-729.1714151478918
-813.832145909783
-730.8626429274068
-666.7653385010524
-739.3267773944307
-680.2247769222549
-745.0575908405294
-726.6061135515819
-700.3482803488331
-736.6565796674417
-782.3232645362282
-782.8184288320384
-763.0074580860799
-719.2059492885529
-710.5428785627968
-732.9933624201485
-704.2828129161044
-696.0700700061093
-753.5711612424406
-850.8967920782684
-689.6467478526367
-769.0904777223154
-717.5441316058591
-693.5342122008859
-773.4558899772384
-727.0651623829253
-808.1316436051492
-733.0532864829175
-768.6451541979073
-687.2107116764828
-686.8701415381835
-762.9894865442172
-777.17142771484
-779.9314762838189
-875.4795086273036
-794.3016503254789
-776.0499941853045
-727.8640307380174
-721.3331881762136
-760.653469685753
-768.1232053393287
-687.5712508459189
-817.3863843578714
-747.9691994444761
-711.4426333177197
-749.9154989585772
-768.5343502003079
-794.228594896774
-757.5913150774239
-709.7050761967973
-823.0187988792718
-839.6492787566248
-761.4011462109202
-761.8844245104033
-757.2686465100137
-718.604548734491
-755.9895626459283
-724.4303302272987
-674.0224199547342
-736.5566344626344
-849.876232647068
-710.516929753614
-738.3952682619625
-666.4398318134031
-759.5132572550388
-807.0354651131095
-771.081868303444
-706.2901080449751
-796.115700815617
-768.3404882837817
-713.7373507350906
-826.1716052164597
-691.752663400681
-836.2592409165941
-716.0542771010552
-794.560196926016
-741.9490399586288
-754.7605704922785
-725.9166177420259
-849.7602764546951
-753.3311742976359
-828.246421965116
-787.904773197049
-712.8227523997966
-666.8233563260766
-663.400264824239
-715.7121741516327
-803.1278053037194
-724.8002405583261
-789.5995806317035
-720.1169548499208
-765.6888396300942
-818.893124412046
-749.8505056466106
-816.3551342453605
-802.7363878105622
-758.5917943960088
-723.1225248273048
-704.3492626650411
-852.1229533232281
-785.8306165940141
-741.9030966355791
-682.3075817655154
-651.4777747109537
-776.4957352298285
-682.9619181609669
-713.8993075052441
-760.7398996093277
-728.7399345485964
-641.1940803383395
-772.4120549047343
-817.6245531768909
-900.9375998489315
-820.3642971494334
-761.1918413462349
-727.735953342901
-648.555278356206
-655.1538688489235
-653.5635972180863
-708.9017903697804
-774.1385858834659
-724.2554774223358
-741.6841249539367
-646.9200525626459
-740.3106682822508
-695.8750061109978
-709.3691473936248
-719.1720318325438
-760.1906659620954
-720.208771635173
-684.2629014500018
-797.6984570097466
-777.5193139270131
-664.0403304554184
-685.7434662439882
-745.1691832074081
-644.2902782234952
-681.3112718043616
-694.8695450691707
-677.9056783962561
-678.49715999225
-747.6744310014747
-709.9085911326597
-732.980309033014
-801.128579724193
-731.5995348532892
-730.224502703742
-816.5094951112178
-749.1606358089266
-685.6022511640925
-767.8791104420015
-687.2447393707955
-742.1328180279827
-687.4458885040567
-717.5974646877163
-719.90807005579
-715.2225975934232
-659.9226149149736
-753.6526564681197
-638.1812030551426
-632.2515824112564
-688.3392345732623
-739.0760666979746
-765.7566431128284
-675.2111497304671
-708.3570856273157
-603.1297357496626
-723.178851306024
-703.3103023115839
-691.9088596275344
-703.325598561097
-704.102180747622
-741.5951939132706
-740.6165828037804
-703.7029488076107
-689.9318809486838
-805.7354738416916
-704.593702012511
-675.1497886925054
-760.5592827468108
-758.642029912789
-709.6367361232919
-668.2704499081514
-723.8557387310449
-681.7920852387294
-662.0207176626864
-736.5465150561618
-637.7940638542873
-684.1929021126462
-783.8506337862427
-716.1017161631431
-612.7895626261973
-654.6072285464606
-737.7374977986302
-746.0022313422296
-672.0713534030051
-664.5336328725865
-664.1192815515509
-703.9930846007378
-662.5037344843646
-716.9619224946143
-689.6067178370946
-735.5280026232599
-752.1357082198558
-720.8786402293044
-695.6977031152073
-773.9578937813285
-700.0428813663632
-777.1476317158329
-685.4343464726588
-710.2639783957317
-683.3534259680487
-684.3031769696001
-722.7747136193557
-685.4435972952917
-696.18145101728
-752.6161978245716
-751.8279278964998
-763.8834039478045
-637.7510110183516
-690.1140986169853
-675.5684155159188
-708.9755216886984
-775.8139999642599
-676.5618049029827
-742.1095629475085
-763.0725627239392
-789.6765580195861
-789.5068957275716
-732.7586403762562
-692.8800930095304
-794.9576816703461
-640.902185540378
-641.5723463010141
-784.8890151590072
-734.7319865501455
-736.3149704810995
-741.611265838189
-805.3587984397536
-662.8052605317162
-715.6196523227115
-655.5823495131331
-735.2857651626314
-718.9604925528047
-643.881965806278
-675.6114425502034
-750.229417577646
-601.2362000587411
-643.3291515738277
-668.5741088030132
-839.3960281228352
-745.5560940088577
-709.6667635559147
-691.9552546370013
-654.5197308613659
-759.3659422199821
-788.9710784733245
-752.9611728010688
-740.3611722114282
-653.2594405880636
-705.6427451869931
-637.2348516335068
-787.9957961287841
-717.8000548940454
-741.704783329031
-696.3372713102843
-666.7967502198732
-785.3630497444235
-737.5035920302354
-748.8849889090574
-709.8422673756558
-693.2562881203945
-834.5060091726905
-661.6103872903377
-705.8294687943467
-670.3009263839459
-710.0732449159962
-646.9772812948412
-658.0964332492131
-767.0367290871366
-678.2732204396883
-633.280502610672
-674.2688220455088
-681.6082421422534
-703.6265446396374
-657.1900652280688
-801.8693826479926
-751.817704404591
-746.3767464186914
-662.242149256298
-696.6443831927633
-656.9123917100866
-705.9703898738474
-743.5161253045874
-702.3673885930343
-683.8296729523863
-740.9764268819908
-687.8451747640892
-641.2781611393998
-700.9386791064494
-771.478127606352
-788.9347643997662
-687.7036348462058
-767.7680978884919
-755.1535780317072
-760.4030850150853
-771.8643633809437
-728.6703488715607
-686.821084256911
-761.7351844299473
-783.9531996594619
-730.0248267546591
-777.8475043110892
-746.3890854912446
-690.142969037733
-671.9911258852077
-707.7342238699317
-717.040907378041
-683.4920477312592
-698.3248100009752
-819.225941956731
-724.8168556842188
-792.4529474478663
-745.9377375993026
-701.5361817668127
-664.9603413445983
-840.2794965360695
-669.0345728213856
-768.645086785678
-789.7764736369112
-725.065310762001
-772.3989086587756
-787.1411941327722
-655.7269792018227
-705.6764959160058
-662.7997494328855
-669.7137455345456
-761.1953345207152
-786.844214197665
-729.7278250471054
-802.8124276035483
-700.0444010553392
-761.2371541952751
-713.7997493218634
-746.2694326273216
-696.3610363470297
-789.5276470684128
-728.9256276496758
-711.5219837507477
-665.2259191067086
-686.1126975577558
-661.6593542426443
-756.1217477708756
-745.8148277170698
-732.7426119859804
-765.7318497348834
-700.3622341255943
-677.5455146412924
-770.8528584745492
-749.6956314977704
-742.2874407752172
-643.5618972036199
-671.0607986620562
-705.0262527584191
-798.4316485586473
-739.6963833504478
-750.9933778758642
-745.4475542238758
-703.4251748628383
-763.3330198069533
-758.6384559348031
-773.9760513360949
-665.9850532114275
-697.3543906944254
-709.5410684488775
-728.5956665102138
-693.7011609008023
-762.8813335340345
-889.6822728768543
-883.7404077614088
-669.7807928188241
-758.6699256778863
-711.9070077226629
-692.2589837414752
-673.2468565182096
-696.696121247592
-715.5537063250974
-689.6310675996108
-792.1309820962274
-677.4108345080703
-698.0400354503784
-677.7044783205079
-708.3972502763568
-723.3634991331933
-715.401435984706
-692.5733145926088
-899.0489898297891
-878.3533277131982
-683.9641406590804
-723.9011841485826
-708.9688006673177
-761.1713625496708
-653.8067969079539
-806.5050438475828
-704.776794525038
-714.7126688388471
-678.4164974276237
-717.1283397567695
-802.0090502425886
-667.3443656168977
-681.5344776118505
-721.9740368120143
-818.9533106567949
-639.9000461258001
-773.6987326920855
-728.5545525819807
-667.4336824541095
-785.0617963123605
-769.1219292860783
-706.47658839266
-763.485129851721
-625.976140992294
-701.9202701108375
-736.8300563366829
-632.4345019388225
-878.5303389615437
-765.2944741103847
-741.8586106621625
-751.5817654336561
-742.1132923170164
-736.4817592011045
-738.2565377954816
-742.6182451694153
-709.6859160989952
-762.2373173033711
-747.1849705811568
-758.6445307368431
-703.717179670788
-765.0292031428739
-628.9613606878975
-753.6675219215106
-678.5701003034252
-746.4191920859432
-658.8010375430867
-693.8992786763733
-611.0399192099031
-708.7763474210756
-691.6822147499598
-739.1249625515165
-700.1565504092914
-678.5676429814536
-730.4638192591887
-723.4471853477653
-611.6505004934805
-641.2322321433012
-682.8610019412013
-666.6959466252815
-749.1072228915958
-651.5199055057086
-703.0443861320988
-685.1190211158672
-746.3396782414384
-732.8480372256373
-713.4011857140682
-712.2875750466666
-725.7209863018396
-678.0070318207846
-817.4748698564134
-637.3878955932705
-657.6426820572661
-685.4708562848423
-638.4688487812298
-670.6389886734612
-660.9579851287112
-718.4042628728014
-753.5733842765825
-668.9199650965398
-767.9290161524887
-728.969067647217
-723.7339049316506
-701.8308520673427
-653.7197632436445
-851.329324386877
-636.1285550559517
-708.2498419193936
-646.5914497222365
-645.4823883480593
-704.645043391556
-640.6291239313027
-664.9933907952467
-628.9540683260794
-648.5074044545303
-686.9587853347839
-688.4687356827025
-747.79487011731
-675.847645831032
-726.6803281810794
-706.7664659141424
-740.1268706575647
-713.9523200134178
-756.5270103567882
-721.9766628534945
-687.2426443196451
-725.6478325488223
-643.5549683098423
-722.9874732347253
-643.2615949592064
-686.7034786701656
-720.7525454557583
-718.3051850815641
-662.7440497710286
-716.5409467663825
-711.5941074169623
-731.6788074561009
-782.4040105469926
-702.5807570934775
-677.993110289928
-695.4855296227115
-710.0174797317155
-696.175865193332
-810.5442739525809
-704.8097516235927
-637.5803142870764
-711.7891392634659
-697.1131797614435
-700.9376413152287
-691.8322795133658
-687.095346975221
-723.862835363758
-739.0715146521624
-686.2610718136106
-709.0688606794643
-755.3813084579701
-662.1934188285504
-704.9000002199225
-641.3631471507574
-761.7365912125589
-676.4326031718692
-663.7797722446951
-748.877126510117
-716.2490347767455
-671.0761523615258
-673.4060861887887
-687.6588078435044
-725.5639486419267
-719.4830577939618
-673.7126642942632
-713.5463851512548
-674.4291974435325
-701.3411209648293
-653.9773770495822
-810.6333867969794
-610.9454857350272
-626.8853981524859
-591.7446585820359
-705.7032809235811
-728.9423152037238
-640.3119047752411
-689.0205654661997
-685.9400387510983
-698.6463474127195
-679.5783006464321
-636.4849747291427
-713.7976664084781
-697.6037842072219
-636.7486234342156
-710.6908209151649
-659.6710442384722
-641.4575376977451
-580.1639098784394
-646.864985161865
-655.846607425631
-712.459677903888
-741.0837201408704
-679.1377345523788
-708.2914923596633
-703.9610409337741
-643.2902405158245
-781.4656902203142
-695.2717423068034
-682.8122458143084
-687.0996483439963
-690.8609599752099
-763.5206490579277
-649.1489897867666
-766.5631527361985
-703.9368001778739
-714.1421869426077
-646.835341897725
-642.4682599715197
-723.3297269695117
-796.4858932668258
-683.1944676772074
-728.556098623275
-688.1091196532134
-674.8698112663387
-600.1361909932501
-678.0355512447959
-664.0831010350065
-634.3345128259242
-734.8658200303856
-698.1399239093909
-660.4418931917008
-690.8662379871585
-699.2401329195916
-695.4003994907694
-772.2630323655208
-710.4083680700619
-747.8384107145503
-740.9598220396633
-669.0542231615383
-655.8462896740439
-664.1186494695328
-707.7308059291283
-677.7228639524409
-656.6292651213688
-652.2263942036677
-674.2367758321001
-686.467976228648
-822.2289559084637
-734.66402091963
-635.9000074854904
-751.7554485799374
-670.931452814224
-697.3707352008397
-775.5281486820719
-628.6490670733344
-705.2547928979708
-660.5452894224567
-651.2156611710557
-697.7275626017963
-685.1948545416227
-622.2635673480884
-729.5003155444364
-682.4777597878591
-659.7662222055969
-717.2273884941754
-750.4039099924257
-736.6175210997259
-687.8888827701039
-690.6237245333762
-689.8520712702311
-686.3676224063253
-662.6862486522737
-666.2379520484463
-647.4471416015041
-698.5767819800451
-717.7188936465841
-613.292179428482
-648.6671153260047
-649.5663421510094
-724.8917111904933
-665.1471317408527
-614.4307863281913
-663.7771987150663
-780.6469997848058
-730.5585449462195
-745.1472426754535
-656.4829716804693
-698.3666660581272
-650.7753159707107
-742.3221417752342
-629.7123361876021
-729.7639192785205
-770.0413218790814
-682.3298339516541
-687.6697976475406
-833.2253453528213
-727.0898166689295
-695.767688011066
-682.4105367664862
-680.8903018378483
-660.8246775585444
-642.0101303877016
-703.5464902913191
-678.4116360202735
-629.8886267992608
-642.6510568893605
-650.0863751854954
-728.5304100215944
-784.9439415921678
-754.0124651371611
-705.6093175247242
-646.6211832215437
-668.2131877463535
-787.9941938633789
-716.2715619156409
-725.4869994702558
-637.2510893243402
-683.8530225670902
-699.7901671620173
-739.4837242193614
-637.73432988133
-826.0532549899563
-647.038150864952
-715.7459816791143
-630.0269484936251
-657.9921633649433
-726.6938268445866
-702.8615840523388
-733.5126553388511
-665.3870155142097
-786.1958066036894
-606.6075279544668
-747.6336216738741
-626.2673560900116
-686.4018653331459
-735.6653555897738
-643.6558916105173
-677.6634896133289
-641.8629463704972
-683.3358883976562
-683.6056360187063
-715.2698855974674
-568.7925656157001
-644.7746348909905
-702.3877354324047
-679.113712935839
-659.0797353065054
-674.1950659758921
-643.5522129182177
-643.0296343685444
-788.5943925654269
-710.9639956661908
-719.7693004946709
-744.5282374661894
-616.1354781266916
-650.7275909755922
-695.5236585543839
-752.7570310031624
-704.2239708292109
-637.0614857065505
-610.8699285197193
-626.9380459470431
-726.9715608047318
-691.1481277451433
-744.9937111350456
-762.8701018773339
-766.4778510570472
-645.6460822447023
-692.671192056315
-697.2185621851913
-672.8828016183088
-721.1820228139468
-703.0436899604331
-781.9726039167213
-638.5201770036638
-742.3897199072497
-759.3076604777793
-678.3486356879614
-728.663130236293
-716.6770593708193
-783.8478172901964
-613.6011489313549
-705.0999999042339
-717.6954986119731
-722.5927093599726
-718.8337034788285
-737.7010621589126
-684.6089443014152
-735.7312984411468
-684.7230639339432
-697.1739087510168
-655.0577343200976
-623.9158110484004
-647.6080176935791
-672.8678896809547
-680.8398502859271
-682.2760509902168
-656.1058028476618
-649.3043107349731
-716.0292452365543
-703.2980090783194
-582.51673172481
-780.8039013388478
-739.2317199298476
-735.8866779223166
-652.7857323164253
-704.0006536596857
-653.0041072753288
-637.1617827215156
-655.7893810412708
-738.0525446540555
-715.8508461604248
-750.1404184942403
-728.0559614093415
-712.0576950260452
-777.1633791455398
-667.9792336107375
-752.0095308397698
-705.7218867156944
-640.979552635175
-589.8236503520517
-753.13530322895
-672.1296915966477
-660.082102866814
-669.4065708618476
-672.9837114477594
-651.528730050958
-693.5353644606648
-722.2460882383328
-680.0600937538799
-629.408053295752
-704.0278316930358
-732.124332692951
-697.1843344912514
-701.1134969833288
-688.7923786190865
-632.9651074358136
-775.2090703960862
-678.6033608424266
-657.4084640786606
-666.5184868352635
-691.8359011842714
-696.0399485256258
-700.6692442916114
-665.8676747246495
-717.8169774557813
-743.0708766048047
-654.3190999220701
-649.6573713985676
-720.8649384908729
-747.4685161068294
-726.3684627142195
-659.7410615830263
-662.9511042600908
-736.6870077255389
-660.6893909025143
-717.0245405131877
-722.9208500375112
-752.7091255174153
-743.1964028492141
-696.9304389501714
-690.0633090246647
-752.65153054507
-718.8256089007162
-664.962873672785
-829.1480378097712
-780.8972775773002
-683.738319560547
-732.7361941801341
-669.082020613146
-663.6978447003605
-665.9258044310118
-718.0673985672513
-586.5082485359388
-706.3915981285228
-641.4567048349327
-677.791114456323
-652.788654884936
-662.817882446127
-771.0067596228264
-752.1358541244549
-706.3971348688647
-702.1095220349082
-694.4625567411467
-698.9272105233705
-590.6873495324966
-685.9345846452625
-627.905906892389
-738.5429591813545
-671.6342597562625
-608.6540236905319
-701.9653008686842
-734.1445890504536
-764.0001307868461
-669.1507567705339
-671.8066624405237
-760.583968214265
-657.9951395085328
-707.4598957334824
-683.648143068033
-661.4969041860322
-726.8895392506324
-681.7607295222559
-631.7256189078325
-722.8288168593546
-695.6024512933246
-668.7352876531813
-673.0959755350787
-657.8206503477984
-719.5786340983768
-681.6487236791648
-609.9996537835331
-697.1683802913522
-742.2430061144903
-719.8231672412477
-679.4120166699807
-635.3903703397888
-659.0025408662411
-750.5261460992017
-641.1230984617899
-754.2446639673524
-669.8284828182849
-658.5546223541774
-698.5289781201968
-673.1195526933557
-688.8117964928517
-708.4330695526714
-733.9566163976824
-664.4810834034461
-708.3508279021858
-660.2396857837709
-685.667657604447
-754.8113668445468
-608.5544786860913
-704.4935859003476
-736.5914525625267
-693.3871010114997
-773.271630080129
-701.0829325098254
-746.1096052646152
-709.3114579342576
-605.526893860068
-653.9292311497845
-696.4452360064416
-617.9745663124318
-660.8361052755405
-774.312248028224
-657.8899030691578
-636.3842365737826
-642.9429289703718
-660.0931280099594
-788.5258767645696
-644.4806250888587
-764.9847418287874
-612.8714113795485
-703.1560242630289
-697.8906534335575
-683.3911252284634
-697.2305329124606
-630.2251103051321
-720.5302635712637
-686.5725012751797
-648.5426422037931
-731.8102462565963
-747.517820252081
-657.7068616523928
-752.5788225991693
-737.612158534248
-646.1160421048327
-695.0675050643006
-698.5047002437595
-677.3496661637292
-647.5782615953101
-702.9685274294253
-640.0560213059574
-744.2149303876188
-712.1584725669923
-760.990891951684
-653.2170363364762
-735.255591509203
-710.7350929954774
-673.6751917130996
-708.7240114362016
-617.1342008128494
-686.8710774948933
-698.4171413491636
-653.6943176643962
-719.4149413110821
-739.6055122635928
-671.88028943844
-690.4172227382264
-695.9071983520289
-793.5091429528027
-735.8694095870534
-675.7773624644994
-699.898303123638
-716.9428134805235
-661.4106323001257
-742.6046375860036
-619.8794257808527
-685.9303121222853
-675.7490236074802
-681.1707489215992
-614.8359278785471
-711.2218613916882
-705.2468585925682
-677.2856725522369
-768.8186727197364
-727.3568135952607
-618.9834833051136
-723.1770572009709
-720.324785265266
-668.666475958421
-693.3697280281838
-775.9175488035895
-727.2445929433032
-704.7075977808013
-729.9043441659662
-681.4693919188871
-620.5491152957921
-707.8806515014767
-751.2612477245943
-671.5476163543333
-669.3493721198929
-684.1029229607443
-650.0500154488111
-623.0612395517634
-753.962623688123
-716.7926368613417
-636.6964904727471
-701.2013337386455
-634.4439218422378
-671.1273219438195
-783.0843769582199
-662.6632770436436
-728.1886384618861
-709.4770867676733
-763.1066815888153
-696.7073848487612
-649.1400947043039
-693.8076055255219
-769.2319860057805
-678.0935778107441
-705.4869359649479
-678.0674466739798
-714.7721480558384
-686.232353815186
-810.3624176669986
-718.0774207484055
-711.1712712903909
-707.1104635202719
-707.7581049151704
-673.3144316643501
-663.6509216513916
-736.7207617555096
-652.158243509235
-593.0894906552327
-715.7073858971111
-633.5344301123301
-702.4318846422622
-767.3623668309214
-678.6434960411357
-693.2626648946568
-608.4617195269747
-788.5280726939595
-617.9181977922115
-685.6000585388953
-686.8276026487908
-800.7115547051287
-771.0696091103227
-698.315746127289
-661.6766821338238
-623.0175032865222
-744.7148482316096
-663.0069758370915
-652.8448179746332
-754.9054606728978
-650.6337301471804
-706.4263582476259
-677.9184703129108
-767.5368510099407
-659.0536726826622
-696.3104599513317
-644.1175806133567
-688.1649707745208
-686.7130018276644
-702.6328057489513
-734.6832012981737
-692.3793125911084
-669.1086914965178
-743.186911106842
-722.8402071717593
-671.9190146877871
-639.369692189295
-689.2456838146114
-616.1582415268194
-707.7248441038341
-647.7418514173382
-777.2214210107924
-666.6679009771923
-715.9647867661338
-716.2273204212074
-812.2129802457379
-745.1988308046206
-697.789494769655
-569.8469829801695
-657.3234679789753
-673.3674462383392
-704.7841080995527
-717.2827423487452
-692.6465520567717
-632.8325269207825
-657.0551881087152
-642.9304473256612
-723.1175211423608
-700.8598379816931
-696.4869286000525
-716.0730428959131
-693.4207897141225
-661.50593007837
-667.411870693149
-717.636637891841
-663.5035667235726
-715.1242123399737
-729.6595970582144
-643.8077626273506
-633.7802880766075
-769.4999601166212
-698.8825449646683
-615.8330121730891
-746.3413046321848
-666.4323072239316
-698.395137189223
-750.5672375036766
-661.547540833982
-673.3934241705983
-695.5530918937785
-721.4376613953715
-716.8325076231067
-750.2777290761975
-719.8685120435703
-674.896689111677
-693.366142237339
-687.7488466247648
-774.3048146101985
-623.3833267287241
-675.2057465829965
-642.4181495189699
-656.8872893885682
-642.120222530601
-669.630496120437
-605.291400287224
-703.0488028519339
-690.9781878064861
-724.6659141148058
-666.908001482962
-690.3077680193783
-656.6534996071791
-642.6991688793041
-673.9912044983199
-763.4912172130912
-640.080484860539
-735.5967254893927
-696.0134245762956
-752.9440402672305
-681.789896025698
-675.8174400366972
-708.1703775773153
-698.0275400150721
-771.415410567732
-606.0806845721135
-649.3206206021321
-718.0333604908296
-672.5986625706713
-729.3127832978603
-686.2506331066354
-666.0478577407299
-628.061087883996
-700.9538291943938
-666.0618465985161
-623.1753634633255
-688.9566846051625
-648.2005001024313
-754.5645525617889
-693.1575447380575
-728.9127925841575
-734.7418395244754
-727.1629893035133
-605.0672526521903
-725.2572811080302
-708.0422655246762
-658.8979190543644
-690.2779524495236
-750.6219046072431
-695.7199269955058
-695.2918303698723
-759.6349312494092
-628.419079043993
-684.5573898792179
-714.0612316987417
-605.8705987435648
-692.3779420511266
-710.3744785270994
-714.0354518337392
-609.3773402599443
-718.388207959833
-676.4107231414391
-769.6377135780601
-681.6673804346692
-684.6545505003337
-720.6473414686579
-744.5329984211895
-667.8998662748164
-726.1649142433498
-797.2703106153754
-681.6400781130765
-686.3209650310354
-649.2684972505308
-663.6223967211872
-759.1840889084409
-703.1062962074203
-657.9843165582629
-668.7121620512469
-751.2469382995807
-689.8876349754075
-706.516412878457
-659.0512037257307
-706.5815626568079
-774.2668821460614
-666.6933538552644
-768.6798045188325
-655.4982124920782
-704.1030514731677
-690.6312472976997
-640.9972684967482
-676.4918346147183
-666.4272864581566
-720.7809768951067
-737.5785804570437
-688.7835306624447
-658.2817469843241
-717.2563865211961
-746.2996004586721
-609.4461878961081
-646.3443373652613
-683.5451711607025
-736.6462863217226
-689.5213193943072
-739.753805607443
-698.9170657987873
-666.4250732359507
-658.181722811076
-662.7298344903475
-672.0126005221512
-703.8517571922657
-736.2897122115169
-645.5945302801488
-744.6532134169994
-691.9618995892109
-735.1823664060394
-651.1362795963553
-706.3695338631403
-703.96881828711
-655.577399054244
-692.0537355801349
-728.563948670838
-673.8058348262522
-688.8468375142448
-695.0254628779057
-600.3055092182784
-695.908482137764
-590.2281723449188
-690.9019210049692
-688.8606005896885
-657.4793864498479
-634.2380874499842
-695.1161721908154
-607.17515056655
-634.286481446219
-692.1235204337722
-731.7462959591248
-660.0651082831457
-629.0408686029415
-684.3813687914089
-721.8055337016372
-659.6691357663934
-626.2202754316563
-694.3321674733662
-687.3579694011164
-622.5258111674992
-678.4929691510072
-686.9326354330865
-757.7035038930617
-669.016576557262
-774.8041550442854
-686.8751781173374
-700.9502352303257
-732.6189400857444
-719.7749554973449
-694.2115223746204
-691.3985044705983
-667.7160790665057
-640.9297217702431
-611.1766285695959
-690.2416861403844
-682.4833226799061
-710.526087606724
-754.9617190204096
-697.3293382944512
-681.0975506976523
-697.1196910828241
-704.215030582918
-694.9341126744653
-618.5440756908877
-741.3059180076006
-703.292224704212
-763.4652460851075
-713.4307782816533
-752.614637855647
-769.4513800184541
-708.4100512518306
-689.851001334464
-708.5465557559053
-654.0559163792843
-730.9453707629891
-731.380324393677
-669.7646621409658
-720.7544560171841
-643.1862812114737
-745.5763195605355
-749.3375645053261
-693.6650869688547
-725.8660443958644
-724.3500442820628
-708.0850964278467
-740.7548636932047
-686.7526033778654
-760.2710820009091
-698.3340987101532
-644.3353698117971
-767.628030430562
-612.2434627693406
-634.53936680672
-758.2319646877254
-666.8886048974548
-673.3991427271158
-628.7122004015893
-678.5867355439251
-663.0603099745509
-719.1693335658531
-768.5827603830706
-696.032805875447
-775.7182795090757
-678.9738197359184
-697.5398189721125
-775.6091007292216
-656.5217209424757
-612.0086377589859
-643.1635266208124
-714.8606428642537
-697.8176010267011
-705.4753024673042
-682.9358888207132
-727.5141691513008
-647.3004055523216
-704.9075137047507
-654.9647544408523
-720.4732949965526
-666.0289365134125
-654.3412894869481
-701.396662965532
-697.6466026017301
-756.6104869093627
-687.8678258669237
-770.6567589405145
-666.7334273288578
-654.8149290086376
-767.4746325378537
-628.7010258234927
-729.8686830262077
-740.940806179507
-685.9305501757359
-694.2487700096007
-706.1896579808351
-734.3070248160287
-600.7865658912174
-669.0955706531802
-667.472634300651
-628.2318512832925
-658.4763921109641
-718.4784963995562
-685.7759093863991
-724.1771862749562
-661.9120978197616
-740.4593232313036
-732.9000234271762
-659.7266947992603
-673.3616558474187
-666.5703248723415
-714.3809316299024
-724.6502500181067
-682.5237906035669
-688.316682353995
-642.7740575783832
-722.9846691198421
-668.0574014175717
-653.923021567608
-688.9361829702648
-720.489635844986
-636.59123355115
-659.6904037262713
-625.4688567590367
-775.5967767718748
-695.2034480286454
-665.0534338736429
-682.9391278218823
-722.3337935613436
-610.7351351859112
-642.6643345373802
-652.6968593777218
-741.4730531509861
-771.9223354356309
-701.7487667112574
-651.4146040747733
-614.9136656451566
-714.9370054615471
-707.6162446217689
-692.6738384380387
-649.6817888883247
-658.8742952807823
-690.7647161530557
-641.4557663537972
-663.7626820886702
-677.6464774156716
-720.1099975883114
-682.548399822068
-698.5368202063675
-749.17546354604
-687.136853575368
-677.5164477486501
-617.9283269603955
-685.8563041858197
-735.203495123579
-721.9473192415226
-671.1749390461869
-699.4674168821888
-757.8960660535364
-658.8778656665386
-727.1129261903347
-759.4074631333233
-672.3373951678574
-641.4492933177066
-639.9227888603243
-685.3702321371705
-688.0742772514723
-627.6658217486219
-802.2592772753765
-678.981741583235
-733.3792543346061
-625.534278569617
-675.5442196010297
-751.9560603794021
-711.7018504162934
-703.6912458919902
-663.8258150946818
-675.1279026028549
-653.3115655218002
-657.7048944158842
-674.3256116471372
-658.7469460891336
-618.9294622887769
-623.574819522386
-707.0393430414609
-656.5191875670789
-682.0619406793178
-630.9406903965742
-698.3643045830369
-685.8276083494642
-638.8768452360878
-677.4516233740133
-706.7900579882483
-672.7071076156595
-661.0258966924112
-693.1513795590803
-659.5680161525963
-645.5066435785096
-692.2585306557218
-681.2514029915791
-798.1296313743342
-739.4085083223179
-828.7382209424588
-716.1622631783807
-726.4048204026698
-784.3312875527143
-757.7203154987066
-714.752450681648
-709.1700085668467
-697.2862356004571
-648.9783209718935
-702.2611526560376
-652.7527158667444
-664.3356737043082
-665.5540202820739
-704.0420075799107
-691.1669213929266
-722.6406827363548
-712.0639696872258
-721.9723969805402
-652.1162809200742
-647.8218077753711
-722.625834194672
-695.1674480020682
-701.2011792127264
-674.5871643250352
-703.6572798565289
-676.1100606828409
-622.4827917749724
-739.728497313441
-708.6473351628744
-672.1559258207949
-690.3864181342368
-803.4772178822
-641.3436018005402
-730.1858115422102
-622.5994105544905
-771.2390718370625
-723.7860172929968
-717.6417969101863
-623.3745767324601
-710.241938361882
-659.5339108885004
-724.4694119742633
-657.429509619954
-676.8683474104312
-688.1375179555457
-705.6510282262348
-696.8521167396042
-779.739142157857
-676.4252784420457
-734.6573441977333
-690.1283645903128
-649.0996452736018
-661.783953692833
-641.0098503123684
-794.2448174959967
-666.8689120922531
-682.8337000057545
-722.1178538310304
-656.9762268098955
-618.3320763773055
-741.3556469614508
-678.835045674358
-688.7095597840053
-706.3051274163456
-742.8009279573403
-707.6434289497943
-717.2606269227624
-728.6316357988044
-640.9647049575385
-735.3404246027984
-662.1214931421894
-702.1037693936605
-789.7315406678166
-670.0405204000899
-721.6104107557467
-690.7641512872556
-746.8716721356
-744.0054727410275
-659.9748688871333
-639.5340129606261
-729.8439621726333
-687.1801407325656
-674.1742568814311
-707.1830446009913
-755.801480191487
-673.69526105167
-712.9272481846486
-649.7196031038288
-679.1194993947122
-728.4164839792425
-762.7549227367713
-683.738615303027
-733.2949178415254
-767.8480717021333
-648.4117816319988
-788.448556033647
-688.1670281833227
-650.9658948221471
-643.0408599185382
-701.5152971962957
-636.975239497534
-692.6639022488957
-653.8334066137378
-626.2130359777605
-660.9407603985607
-720.2737652552904
-814.1943670586543
-702.0665000297457
-726.3562841927109
-654.5819571151006
-726.3035214598204
-720.5876325281843
-644.5600069918788
-682.1713361823661
-744.438158098097
-684.9010671315137
-675.2864964452697
-728.8375525738002
-835.7423224698192
-702.2060497949174
-769.5273565055599
-729.3058869704074
-676.9110423725566
-629.2555674534328
-684.404104207016
-687.042536605321
-673.4360535749305
-638.7457252771211
-721.2045278449341
-684.1430024158524
-644.8242243529637
-752.7083126396623
-692.1424008243048
-750.9853500737491
-669.5850313894334
-709.3890581969558
-700.4601197257274
-698.5614682951177
-695.7915807234999
-635.1240989565051
-693.8653945789645
-713.1727690842112
-623.6606145600848
-689.955086727971
-652.3555688312033
-700.0292727010819
-646.7469604060145
-645.8928164632955
-777.8715715838129
-703.2243153535869
-745.7713700904033
-731.7896542277765
-651.0777781313564
-641.746766035448
-634.3729864608597
-661.9890201364382
-657.5987598754515
-611.6627520471751
-645.787829902897
-704.8771006602624
-728.6483578370379
-642.6080323538669
-723.5937483947864
-742.506233473743
-670.6016358585704
-711.9544093974574
-613.8708868100102
-689.8817578605199
-723.2714947477747
-653.0234510648262
-662.6383246983881
-704.1949793827595
-698.1677058737506
-670.028196616016
-658.7252017810492
-706.9186656357449
-703.114351688458
-600.9924829983123
-629.3802130441258
-709.1832250349471
-634.7735952454034
-653.7631391234743
-662.0760549188138
-684.4622802743856
-689.188370237304
-670.3346708662065
-661.8693687663626
-636.5903508018412
-761.6327828364222
-622.6172719020489
-660.4129455569434
-800.9160194765324
-675.7580265045704
-688.5828415505839
-675.7112685600027
-737.8403218192022
-712.5782521820097
-764.8726362024913
-677.9932980300314
-693.2766401430813
-632.9142290249633

