-2251.546153919511
-2387.0819379057725
-2639.920886643428
-2837.2494740635407
-2263.329254063601
-2758.913615471327
-2348.2800698671535
-2336.4986948006535
-2103.440515372016
-2302.062573104515
-8628.2076870208
-2342.5413051593237
-1850.2991284217137
-2008.065136808764
-2143.055583475066
-1835.475355441132
-1765.950050470512
-1890.6089898464083
-2212.8395539831754
-1872.7333726605536
-1746.7655733568647
-2071.3733846395453
-1918.5817330254336
-2103.663687409702
-1971.5682688769175
-1771.5823104159292
-1689.230820718692
-1783.0561343735064
-1980.896249901538
-1731.7753361674531
-1740.5264477838582
-1792.7421735894188
-1757.649826169173
-1691.5537383899762
-1686.775095465201
-1712.9061882100702
-1655.9863463310433
-1677.3848372711138
-1510.119930470982
-1614.7876539420147
-1667.5437049663976
-1591.0411043206423
-1676.5820429276198
-1610.9018690399992
-1459.110906934824
-1767.2137787824568
-1566.86984890158
-1431.0325524333196
-1709.8232842049408
-1634.3770477470189
-1554.9401187925776
-1518.0312344010827
-1704.0861678025522
-1702.9962615009567
-1708.785325995441
-1495.5380666927597
-1694.298574774215
-1591.621474750177
-1641.6419467738651
-1793.1714400011924
-2132.6383365734655
-1953.4744597417018
-1529.2873900731072
-2035.36644147579
-1599.1775831988775
-1741.381669601961
-1709.293479420217
-1634.1497416683537
-1885.838523285612
-1624.5154213311937
-1337.484531763192
-1661.461269102762
-1966.2867059329876
-1708.25326409489
-1871.6650126823167
-1708.0416975106164
-1590.7245013052845
-1431.0551080406312
-1754.1634058574537
-1470.783060314845
-1531.26228195457
-1438.8094245959492
-1567.4968970424538
-1541.4042454822602
-1700.2144768158971
-1724.404882902457
-1477.5346215709683
-1637.9244108270777
-1574.326667778514
-1665.7809479503587
-1619.608194976979
-1354.770248834934
-1713.070113108884
-1661.1519368151062
-1657.2705283661764
-1599.5659764610486
-1548.1380275740223
-1617.7524935769327
-1550.4674457505826
-1508.0045533198315
-1577.8044693853526
-1580.9647850471808
-1519.3544257847807
-1839.7143679122605
-1644.006766017394
-1546.5272827332976
-1463.5440926740946
-1394.1227859660376
-1684.2943644407967
-1514.4408560214758
-1515.6841609915416
-1491.0646515321203
-1751.7854911671463
-1545.3992849446731
-1559.442098515762
-1896.3311475015514
-1591.2488734430456
-1783.692321376903
-1529.951016779411
-1565.9161289665378
-1641.9718203780938
-1717.0100002223326
-1541.8652169264597
-1868.0146335544866
-1742.1492638999753
-1619.8500461672945
-1622.4065498292227
-1583.4819519764415
-1638.6718249417709
-1934.337722418575
-2150.922965052188
-1878.317975623998
-1874.047687391368
-1687.6229784743948
-1524.1820384759544
-1505.938431507167
-1666.395437865603
-1757.8489536177772
-1887.8570160456102
-1845.5400296337484
-1713.7125671442052
-1452.344547469825
-1593.2063426564573
-1556.2908887830624
-1443.5129657964328
-1800.768127601013
-1847.505107086364
-1824.578616029556
-1792.6998610743442
-1621.9116896217465
-1466.9630535068313
-1636.8493154265268
-1766.5464222310081
-1382.9330922472093
-1524.72411462433
-1552.7354667020404
-1564.5239230640132
-1538.2415202254897
-1421.6730795452986
-1604.2052512796913
-1614.35329163077
-1864.25289929952
-1464.7102882061286
-1825.297088195615
-1835.7407612842019
-1700.651953607595
-1655.5883741068837
-1622.1617926664655
-2165.5928589320547
-1561.4347945469092
-1434.4129434371814
-1451.370567647074
-1546.7596648094686
-1430.835289519754
-1593.5376840418444
-1492.4039372868642
-1592.9015776224123
-1622.0850271314268
-1375.2734147469084
-1526.2493553051581
-1394.075910127573
-1513.8045203777717
-1550.5306158960755
-1455.3164758290748
-1466.980435070397
-1543.1524742621866
-1383.1334589418302
-1568.958009139113
-1493.793560698878
-1595.5496821797578
-1499.8139242192976
-1623.88887164645
-1666.6482514805948
-1720.7040171757799
-1686.2266043569819
-1798.6139247658211
-1583.2667175390657
-1714.9127009289518
-1885.6818286654382
-1603.2072922432355
-1313.6902900620018
-1709.6267670570505
-1771.2439577344019
-1853.7703749884888
-1495.8645285563312
-1596.4278224949785
-1522.0829531043803
-1642.5454493649393
-1375.019597467188
-1531.386661506739
-1433.3597589906944
-1469.810830732312
-1635.8305160986567
-1412.8374605894876
-1500.953138037824
-1656.0977025337725
-1813.1936472576974
-1711.6166051033188
-1473.5395395003718
-1751.8029424273839
-1618.8755820990089
-1578.8771697788854
-1659.8306814032014
-1597.4717511491797
-1446.5126108948134
-1772.9293365677072
-1528.3349490295404
-1604.8242180216782
-1502.639467797535
-1702.5814483692816
-1383.4434471082932
-1478.889267641915
-1598.4917225285822
-1790.047806310486
-1970.5777826328062
-1643.968276250466
-1599.2999546982696
-1790.916667888872
-1780.6525219402868
-1567.0080214817456
-1500.558512006268
-1713.7364435101017
-1411.7170621801988
-1597.8684852692984
-1501.4509151269128
-1504.729190684767
-1689.1970963571305
-1443.5850931888438
-1577.7384702728862
-1457.2542975195452
-1653.999797236339
-1508.3560421611423
-1814.9255790769998
-1511.5516792126382
-1488.6365778894365
-1500.672769746904
-1686.67735340157
-1658.4278594716852
-1450.7579418238329
-1430.4619398157313
-1317.245958905647
-1734.6798227227423
-1582.8215975798146
-1385.4736344566413
-1576.6136017797623
-1630.6423774663638
-1565.9310870840013
-1398.0574334643456
-1529.6177567388452
-1667.0406259200236
-1679.724795949589
-1534.9090942747587
-1551.751896151301
-1939.126036376159
-1772.5230291579026
-1617.1528558634657
-1666.2263041545762
-1789.7066703086991
-1501.3311950771676
-1683.0085728807485
-1494.032892803058
-1537.8039287080555
-1532.560502139418
-1574.0774260571561
-1410.7999390578905
-1603.2389549520421
-1552.6059168166444
-1546.4944488784
-1512.1341813349359
-1626.9658611935226
-1369.378767578204
-1637.2863866676894
-1536.884963395909
-1446.4395626561932
-1347.2899360948743
-1409.6496449159974
-1473.8324763077233
-1750.4239499505009
-1459.9098219729985
-1636.816877115361
-1697.8575893016227
-1374.8903897465436
-1810.516775828588
-1664.8477876873512
-1758.5534260550971
-1602.7867180310866
-1520.2322907216846
-1618.564160451871
-1627.0346867748244
-1799.5634298107377
-1717.9277391045391
-1551.6244459219959
-1938.7927861946446
-1568.4861743240635
-1411.590885493098
-1414.9075774647374
-1718.904964888194
-1742.4061926980187
-1405.905583220503
-1385.8442599468249
-1780.1423003364619
-1540.5907342557139
-1634.591208839315
-1490.595515376047
-1685.6916936521234
-1865.2386021509108
-1551.1427821437687
-1394.086881712135
-1784.2887734490032
-1710.2272828590446
-1654.4971576870414
-1663.3223651028084
-1305.70226266347
-1539.6421172439623
-1620.0021339222649
-1454.0456910521036
-1493.0948968810928
-1576.487452812323
-1620.5452732947967
-1696.2266347241048
-1531.8264632445762
-1419.7910161322206
-1520.4652397940126
-1563.2874606499875
-1408.3130797133842
-1431.2611479840245
-1546.4876999606895
-1468.1662111836556
-1432.0086751987758
-1522.3142032812943
-1639.541942892234
-1526.4207455187284
-1915.6590636352764
-1462.8756947446138
-1641.97314557362
-1699.3950241619498
-1537.1347563091401
-1471.2435837948824
-1888.266171509335
-1643.2851876627392
-1483.0769941802612
-1634.6915110019982
-1532.1890772117852
-1301.8797210987316
-1656.68103215915
-1532.5971570737622
-1371.6056717713575
-1446.1311508649073
-1749.1409264738643
-1776.269092044312
-1472.9411143453349
-1441.5211041072332
-1680.3155514937123
-1508.91252788818
-1612.909514926712
-1411.8120725328142
-1615.48024282598
-1896.341847232703
-1513.150565434932
-1457.7679006198766
-1388.056176611258
-1564.9344484507046
-1488.6189305713465
-1393.1385992052258
-1576.7380193924369
-1384.4474740616604
-1782.0672562568545
-1504.5378049186677
-1540.4040420731947
-1631.600877389688
-1639.5518961307798
-1520.443776366525
-1623.8831022249533
-1550.2532571955187
-2000.6277104199119
-1666.3492723704899
-1779.1528267527992
-1525.3918241704973
-1612.8725046466566
-1551.760031233514
-1394.903991560919
-1755.396097163529
-1500.823420778494
-1672.419607257877
-1433.1594783918943
-1541.336865338306
-1467.657137876671
-1473.9424406198793
-1481.3955517631705
-1492.6155336109018
-1517.8504696139864
-1408.884712203748
-1478.5250838768595
-1613.5128140633942
-1492.0364421036227
-1392.5858996806114
-1542.9961533504745
-1569.275051630217
-1560.6813198643629
-1638.322750668138
-1489.1370424746935
-1522.9698547830913
-1577.666134353873
-1422.5972556975298
-1552.1928704548093
-1795.3448726313138
-1732.3415174858633
-1497.1729842993377
-1562.7412036741282
-1343.823393832954
-1431.7894575031967
-1418.5175223676115
-1702.8911205396967
-1491.8570408167395
-1319.0472209708169
-1399.8663403163926
-1454.6774262883553
-1469.2553773823024
-1392.37632282262
-1779.988210794612
-2047.8290828268039
-1476.3439555883365
-1711.3510479312736
-1558.7803512504877
-1440.6933969275794
-1540.4069509516437
-1530.7540854413596
-1617.3496156023868
-1397.3825925493672
-1530.3759696786358
-1470.411554996567
-1685.8391338689885
-1314.1986316657426
-1360.5529683741843
-1515.322747403958
-1527.5037165926274
-1590.6388858287037
-1667.0411508900881
-1585.47429163448
-1799.9653053181585
-1506.7674079204828
-1395.8585260142327
-1672.1861250141606
-1386.1990567899704
-1515.4043742985273
-1518.016522852829
-1564.9159388015385
-1393.135030195012
-1659.3264928140331
-1358.3722374251602
-1387.9608310200392
-1630.5364476107577
-1612.9567861398232
-1668.9365631262704
-1620.242032360932
-1545.968057400551
-1510.4943456073559
-1539.3572616214492
-1419.0238312272963
-1594.690635599725
-1542.0233257760583
-1800.6741073341268
-1618.6476965392912
-1842.4021306479751
-1738.1878942599817
-1593.7266419378723
-1318.5039649708328
-1596.3019038931916
-1724.3682491922766
-1462.2781501222428
-1796.659066849312
-1541.9912634004675
-1594.7908326710935
-1459.1634745818817
-1590.0134406196025
-1424.4340860173963
-1481.7554712194287
-1778.7582234414722
-1488.6781902323162
-1671.9529800329412
-1433.7176830035526
-1589.125768736991
-1530.5988665346474
-1623.793119873381
-1567.9339857799093
-1451.9611449512288
-1743.38294184212
-1556.5743525498353
-1647.3255084779196
-1660.620322241951
-1459.268306547984
-1552.4584342295445
-1359.1568714218122
-1341.7820299909015
-1475.4383188198658
-1485.7620573670692
-1427.7561881326658
-1401.408923232287
-1379.1097988105978
-1420.8332799051561
-1930.8842756217184
-1585.6289595980054
-1471.363881019193
-1830.943907808446
-1541.8077748610551
-1551.0769581343604
-1540.039235402089
-1621.3259831755897
-1733.7526237342058
-1373.3750730169857
-1578.3101715535493
-1536.9077871477757
-1505.2541708435833
-1645.3220473461513
-1531.6545828453786
-1547.9509902525444
-1531.189274527694
-1371.1114797040725
-1598.4520193190344
-1647.4710745224465
-1643.343928180024
-1339.6421623373813
-1323.3372507239837
-1554.883533884197
-1659.5800329759074
-1623.8724491374014
-1603.9867343996505
-1579.3580145793192
-1487.8282511213627
-1448.2745766981154
-1550.0830530326532
-1456.6353891039655
-1532.7665211474532
-1480.6274199050847
-1558.3685644257223
-1617.4056993766876
-1396.8085357277637
-1454.5346293568684
-1608.392127577134
-1613.6790159965997
-1506.095719530108
-1413.6793024270003
-1529.1891896911188
-1532.808969885661
-1534.0512621559901
-1759.1225158391333
-1904.7554066328757
-1495.9302860088098
-1557.2503273912346
-1570.3981729615095
-1598.9701465626465
-1447.9979058135402
-1297.1857944027424
-1603.3905628181976
-1445.419957154008
-1603.1723939716876
-1885.5603762880548
-1589.6701705023986
-1663.7853658388012
-1629.9437687478908
-1452.5521839626144
-1439.7154541918328
-1216.2651076202876
-1380.9699401394519
-1743.7383763974553
-1539.1964480134902
-1756.1007787990661
-1493.077939866338
-1593.9728567795519
-1417.3248528771376
-1426.301455239287
-1576.53016854759
-1266.4573221825374
-1694.9205655293013
-1677.0020592078185
-1676.0664976743788
-1319.3822809488554
-1406.5761015956293
-1406.0471209778568
-1563.1607158949714
-1518.642765106563
-1729.6775235916812
-1555.9680955393437
-1567.0573347576455
-1418.089234803982
-1574.162150007887
-1625.9474562740452
-1518.5875190030022
-1435.615808441875
-1490.4245408105885
-1692.4331890733365
-1442.8341496208284
-1459.3388130273145
-1591.3606141501098
-1321.1171761280527
-1319.9467475820393
-1441.8358142306045
-1370.291438986677
-1357.736799327801
-1375.8479527556608
-1433.284282396554
-1544.6372515120866
-1401.8390493902557
-1552.084088453255
-1479.463236155685
-1417.72626269734
-1468.4082911565713
-1392.0922540779434
-1491.1844835668026
-1616.6289620422176
-1245.0949838819085
-1550.4716714608467
-1436.5627003046088
-1550.2454196200267
-1549.2346309294874
-1520.431608524778
-1568.2201859501706
-1550.1322270437574
-1490.3268974446084
-1444.6068520748117
-1495.0478878993104
-1508.9603482689718
-1496.2526859250918
-1329.4289156014813
-1472.1562825213773
-1467.855829924321
-1511.0125195201736
-1469.5688773709721
-1393.8812201884784
-1344.4668965135274
-1498.1692617524657
-1534.1265778735442
-1405.231935999283
-1416.877187643707
-1395.7838347456695
-1429.0624133884266
-1667.9956987942476
-1664.0522893611383
-1643.752598944914
-1608.334070116312
-1643.338092016979
-1551.6820803788878
-1446.9130525617607
-1480.2389734573337
-1567.8803652373736
-1347.8451288287886
-1579.3315594125374
-1526.329239676849
-1490.8147430066902
-1650.9068744096335
-1589.7710860904813
-1311.333714630073
-1569.6790421799494
-1328.3744045351186
-1574.2176958470475
-1511.2124134998417
-1463.2202028688152
-1429.584993167828
-1490.3727914218193
-1373.803029610682
-1488.5002249397762
-1675.553280206074
-1333.247488188811
-1837.4001858338765
-1444.15240211156
-1535.7037109292435
-1428.7738351112346
-1544.8078920135367
-1598.6626832559616
-1293.562003969819
-1252.6880430142353
-1576.4685406961348
-1574.9476732653286
-1422.693009930006
-1789.529690209854
-1456.5138503866976
-1645.6530320719287
-1508.6929352323507
-1459.2517824462268
-1411.3632112246007
-1483.1830350360706
-1390.84695569441
-1581.9487910272062
-1380.733129258149
-1479.9069612292033
-1603.9498324038652
-1552.2987225470133
-1488.8252202517428
-1465.9433485371728
-1407.636638853863
-1477.3390522443308
-1454.2858065780495
-1514.3511453908523
-1617.703656195516
-1629.3490833318308
-1423.2971444872064
-1443.0761231451752
-1442.2712647256287
-1332.6303736952898
-1468.1885662123211
-1360.1898085945527
-1606.8446700412544
-1536.2039814687441
-1556.043205117443
-1500.8963207151708
-1452.2833469977254
-1485.0743743515798
-1277.6442828475344
-1564.4397397335042
-1386.9502037014306
-1240.7149400080991
-1408.2231075998798
-1620.8535237077149
-1542.8149162248785
-1414.2868553446503
-1432.8159936426928
-1402.8865115443737
-1582.1465154316857
-1457.3287501782388
-1368.9146141385352
-1431.4834157460723
-1375.8840850015963
-1574.2389632163024
-1430.3900359781067
-1421.6137120149178
-1706.783703379699
-1475.840671689698
-1402.3626609378357
-1363.2494738972946
-1548.486077839221
-1381.840647315708
-1447.3332761162997
-1495.0369285690726
-1654.471549872361
-1412.1470759317685
-1337.344814750304
-1490.6834378853566
-1271.66726961299
-1354.8708547471374
-1489.4958100070808
-1434.8365732649356
-1663.710829898082
-1465.747106849034
-1478.9514583060432
-1415.394304317829
-1661.1601485354145
-1475.7001734609644
-1344.4432150034115
-1505.152885032425
-1289.4114881481983
-1276.709493892972
-1483.311399242105
-1506.2280958818098
-1491.0644976700096
-1512.0366879355236
-1355.654980228612
-1441.040367695865
-1545.7495761815046
-1497.7536755885053
-1504.1866134490913
-1225.7377007608945
-1528.1071497539544
-1358.30598517835
-1474.9708194921323
-1305.687328854935
-1447.2824125929812
-1455.8713348742745
-1243.5136122056003
-1420.3956725493606
-1329.1853738205884
-1385.2739117119106
-1496.8405394633573
-1376.5320227427653
-1532.8611784006248
-1460.5628622815161
-1426.7562829656206
-1465.894353451575
-1417.1664300327616
-1376.122917440618
-1402.9779697883703
-1612.9040422281334
-1697.6621898668805
-1504.109039713129
-1433.9339832463013
-1679.0754653521733
-1567.4675193221904
-1713.8573276272684
-1336.2136695679335
-1416.0065440964684
-1490.4411168613208
-1628.9605635759506
-1540.8501840694207
-1748.9347256562635
-1488.7293915103996
-1576.5670677904773
-1502.2600705455807
-1474.843172111194
-1531.5150372229164
-1480.057566240136
-1467.3079530988568
-1445.754628704208
-1486.246965643021
-1509.2117768793344
-1703.7665641123922
-1486.6375997819384
-1434.4568764361945
-1491.925155007293
-1550.612409631462
-1354.8378085731208
-1631.740596519936
-1541.664962380891
-1411.0313194089033
-1658.1022590919638
-1634.1445827889
-1483.4067815850449
-1441.6813740320579
-1377.8292498494407
-1551.1558084103954
-1441.3320095862057
-1326.5309752648745
-1564.5242687149744
-1429.006548403594
-1684.4148268947915
-1437.4739551454163
-1644.609086152061
-1459.1892317299278
-1466.8653495737387
-1501.872866511703
-1503.0091007501335
-1517.08502157861
-1285.9234259943114
-1425.9200159268926
-1425.4730156907253
-1394.8354149758372
-1636.3236288972312
-1529.9181041361726
-1413.122511570016
-1556.7327428243982
-1432.8546261704948
-1333.8488863717146
-1438.5112189493148
-1413.831001848308
-1409.796157599834
-1523.3583415695728
-1500.744292480457
-1395.1414206350105
-1425.184717116144
-1285.2218732769097
-1438.3504404851583
-1423.23908909085
-1351.2597832237016
-1500.2428821464732
-1582.7092439648852
-1409.5404514807944
-1543.513375160042
-1459.7074662524362
-1395.8596701841018
-1532.840807608549
-1349.5603331507868
-1837.014048608109
-1485.1293200496877
-1554.681594968801
-1495.8900021115908
-1539.926942403841
-1513.5640376141657
-1349.9835777688863
-1476.7070919174225
-1309.2136860112344
-1310.6255501812936
-1293.7657272959923
-1512.2277505907077
-1422.1307771660952
-1523.2568380903267
-1449.4506660186369
-1643.3119453548427
-1582.514001895758
-1401.534351442782
-1380.1053440095704
-1555.7746632858689
-1473.8410465238564
-1615.284078424917
-1530.833082155281
-1505.4046356923832
-1602.9347067967258
-1564.943460847974
-1327.878565416644
-1397.629381214855
-1532.8830182166573
-1491.8288496505575
-1348.077148614754
-1450.7784677827135
-1451.3242032181843
-1293.8253259068408
-1445.6731276370456
-1518.173461827941
-1398.279625481984
-1466.2352518223017
-1561.454000667193
-1406.593464310836
-1459.321697689525
-1573.454209082768
-1672.2419151089694
-1436.1610485401613
-1570.7162641208593
-1447.0412814196134
-1498.2802067870136
-1600.93219818981
-1623.8264352430804
-1519.3057349340272
-1277.5417303599509
-1372.213144155624
-1478.622861023918
-1492.5895437359347
-1588.347540926982
-1328.0323415974017
-1408.2913447651415
-1703.6746780647227
-1480.4382052940682
-1529.7342252652895
-1573.3439481059966
-1422.7315532569726
-1337.2097779668954
-1468.50781029274
-1573.335329940978
-1723.5159708524993
-1767.9858120802091
-1542.899851927819
-1297.5116315254493
-1321.7274072452728
-1313.6967312381073
-1384.1061505851917
-1355.1425943352747
-1310.962875412879
-1459.8665398801215
-1495.4558897688614
-1648.5683090451612
-1551.5371549742856
-1502.7309089669573
-1399.3306650098507
-1481.6324394568655
-1376.2064219370852
-1563.4019826665776
-1579.6489668229306
-1536.782395955214
-1540.336848077005
-1607.4709294989398
-1460.5939532243751
-1553.1035436300506
-1296.3782908564092
-1452.2255119496688
-1394.5582191788676
-1337.8086145236553
-1454.782537808268
-1473.3527732311027
-1347.4587674833128
-1493.3063216175804
-1374.9891639275975
-1399.7164004283215
-1262.7382786840967
-1293.4919986206046
-1321.6935826160575
-1410.7049011170564
-1505.5906904922124
-1476.5083613341287
-1469.6253203708238
-1403.6978496002882
-1300.2390045607754
-1387.6252306926028
-1447.6601748100159
-1382.6046612399018
-1492.5948990865527
-1487.8116418195011
-1669.2794115884108
-1485.5044388141087
-1366.0293086489899
-1307.782638646319
-1443.7836886375308
-1614.0822234998752
-1269.8790164557145
-1508.6448249975117
-1574.0825431869416
-1700.3501330501115
-1469.94116729707
-1339.881426351919
-1379.81682667443
-1370.9708296679316
-1482.2591612984681
-1503.7912202089603
-1474.9837586552565
-1290.7912730888936
-1490.8980935460818
-1453.3794808890912
-1261.6257183114815
-1395.6943433297363
-1419.278969635844
-1392.559182148099
-1364.1415325754404
-1547.7528128202098
-1409.9013583951107
-1386.8891895548538
-1584.831463311682
-1444.5249351029197
-1397.9443066593954
-1818.9765251865365
-1553.395675375356
-1330.8843223582105
-1493.8743555360063
-1440.1290626683829
-1460.8236773020358
-1441.664359983319
-1562.4161181012087
-1551.9103837667162
-1446.7795046407114
-1473.703937699876
-1497.732751157421
-1580.6572007261673
-1531.2657740273432
-1315.6479931711208
-1327.8172580506869
-1401.6056155426063
-1495.2423458926537
-1334.9208943564893
-1477.0159679850458
-1308.8933056225146
-1540.4287643237008
-1416.7934932405485
-1509.3724775120843
-1354.0915377026374
-1435.0599261615996
-1309.9959584005953
-1326.3106400873944
-1568.2717610203465
-1449.6477462076496
-1357.1227835354423
-1324.668318220968
-1483.8960979065214
-1446.4243273767509
-1459.32778054467
-1542.9196274142944
-1274.5362012945882
-1576.6812700245873
-1416.8297435901738
-1633.9218464393991
-1415.2131399336283
-1467.141708439533
-1387.8842029228147
-1428.8207941515113
-1475.787478610565
-1540.87724637041
-1525.62698058443
-1475.183305242084
-1580.613558740815
-1402.4007206063434
-1522.7287730888945
-1499.0013402935388
-1485.3959581493373
-1610.461973453454
-1458.1935137252951
-1326.2951146116366
-1497.3728107148493
-1558.1847761522686
-1574.208035220734
-1421.1165993107106
-1321.3951685456577
-1393.6572429131572
-1644.718417644497
-1454.5265066080415
-1579.6636720865747
-1441.1344863229453
-1470.5095793527428
-1470.9564215349883
-1484.046759442616
-1480.274354068357
-1394.9477157190952
-1377.9505284775857
-1572.1733174962974
-1402.7185434203689
-1529.2638266868062
-1425.276776376526
-1460.1075303154473
-1439.5952823081147
-1498.5752402522255
-1306.555747242654
-1485.0767652547056
-1466.3521507840906
-1509.3222701716547
-1518.4228276821493
-1468.8657113896822
-1643.3205393758437
-1580.3864811177848
-1547.8699645394586
-1290.208595433995
-1330.925683052657
-1455.7967128692715
-1605.1147029341296
-1435.6695759942872
-1675.7622627480007
-1554.4535905084404
-1409.1241561282422
-1338.6103833332274
-1388.8123473107305
-1391.1176660236786
-1398.935507719672
-1491.2972947357448
-1326.643692610776
-1718.1919935546707
-1515.455840511368
-1465.3223902894833
-1329.7949182256032
-1402.2212232640254
-1398.7427848138661
-1276.7330103040672
-1511.1579094952622
-1561.9674197864056
-1502.7666649792757
-1432.250513994813
-1340.727020919639
-1525.366507823048
-1494.2319697996252
-1487.6399973210946
-1490.4439686750493
-1330.0973318106956
-1418.436401163987
-1381.5511176898515
-1485.6614727825176
-1414.9410846120777
-1562.5251005833925
-1315.7035083547746
-1195.1776504847262
-1408.6213350592475
-1474.2387713625058
-1597.3218163008057
-1398.9530914041507
-1518.7129808219483
-1363.2181458642515
-1512.9127463871894
-1435.562155331564
-1251.0269741312247
-1513.4937883871269
-1533.8148276070249
-1601.375568338442
-1343.5779650637855
-1545.833258474437
-1604.6231130058845
-1522.8731543650047
-1481.3808101282941
-1489.883051732886
-1546.929902820708
-1183.8017899836034
-1472.0168045920161
-1375.3953738410567
-1624.0334805524801
-1525.2908106345983
-1382.6026118689442
-1624.7001351236086
-1413.1864590932996
-1592.7119378107548
-1571.8237716458964
-1321.8250243052319
-1481.946391255926
-1464.9557990117987
-1483.4444463648522
-1414.6463913905486
-1440.009028875345
-1556.0112412581861
-1599.612443017044
-1333.87233576821
-1410.4055559547933
-1602.2396790817902
-1607.318913390293
-1443.244103214578
-1436.8761766033836
-1455.3615566899753
-1308.2431944297657
-1556.766319886281
-1289.8173056682338
-1516.2199575264162
-1386.2904725600608
-1436.7271493271699
-1611.812338965159
-1481.4974911330646
-1302.2371529202806
-1439.8138071531791
-1471.0508969471448
-1433.1182508603026
-1306.2809892161097
-1542.8440902971245
-1507.0952210064888
-1590.4919968700478
-1544.9327013658342
-1545.0823058968772
-1585.8918266590895
-1786.6704880023306
-1625.7964082133894
-1563.442286286595
-1495.8182350808554
-1395.9862702442626
-1321.1429608609362
-1666.419763669036
-1442.0513148295395
-1463.3486472028533
-1440.0537469958865
-1361.6767901256515
-1422.5834825782124
-1508.7588992578546
-1427.2645446537103
-1457.3680690958174
-1447.8839228965765
-1437.2671873334073
-1732.5048627757878
-1587.1844148700566
-1417.2593648164743
-1387.6387619554773
-1343.4904433606503
-1412.047553882704
-1267.3728515815344
-1515.3522051853342
-1385.9779157389241
-1521.0564876652313
-1440.606204930241
-1288.144590629679
-1430.2070042622177
-1514.7323352480046
-1604.3369819972295
-1371.42709419662
-1467.5051270974961
-1454.7697655363822
-1462.4790890826214
-1452.1105744470922
-1451.9619038263318
-1481.1384572195884
-1566.5230946477673
-1524.1751066059956
-1442.786370593456
-1657.1718434040524
-1593.1863417457155
-1295.3882847666873
-1267.9940425656107
-1493.950101694237
-1478.2696693084906
-1376.291636140415
-1500.226321679748
-1399.434114091435
-1493.2416625030714
-1487.2603903927993
-1335.4864121862497
-1312.082953257
-1448.5598105821844
-1534.4045973013335
-1462.0656250385152
-1455.9204145164354
-1367.3628999498571
-1425.3648074284897
-1328.397235104759
-1465.1474291406957
-1416.0341509065447
-1271.0551697708474
-1405.913516461866
-1434.4811050603334
-1527.0546836121719
-1578.9142551793243
-1448.3237452238823
-1373.6391526624957
-1405.5085562926627
-1414.5667417737989
-1343.3019704106032
-1393.7993683820082
-1461.385643025312
-1357.0757246486687
-1490.4778665716462
-1443.426949398436
-1369.347189461327
-1476.411261403186
-1605.956522025483
-1533.1290604842575
-1403.8786001671103
-1498.4796877021874
-1445.9128138762098
-1384.4044767744795
-1559.1528626331144
-1385.38975694705
-1410.5513069070162
-1362.5324320671507
-1621.3450126714192
-1702.4216603977452
-1318.602699343272
-1451.141334756051
-1377.6437387332303
-1372.7390752932038
-1422.996058202039
-1503.2659418559342
-1448.6560678182097
-1648.054029502586
-1447.263634916129
-1533.7234892347324
-1409.3748500960726
-1478.9967028582168
-1402.8534974145161
-1460.0552589341332
-1551.6319894544995
-1562.0617951442669
-1459.7839289909818
-1635.08469210661
-1536.3190089026796
-1485.2275645506418
-1496.619518570477
-1596.8825261087763
-1597.6641830798192
-1348.376525356524
-1317.2366937753573
-1559.1365965885939
-1456.6276390284065
-1355.1069648408275
-1521.070492650596
-1411.4712803445004
-1397.918503839412
-1401.596239930913
-1371.48794850511
-1362.8947717517783
-1590.4607170841834
-1287.2543941734266
-1240.9957162128376
-1431.078212854956
-1576.633496794921
-1351.5220613138429
-1416.6082793421476
-1494.5278120614653
-1347.7090864775798
-1509.46028612065
-1553.4117839775643
-1442.6838883825415
-1489.3417151851836
-1589.4122936816048
-1491.0565606974758
-1426.5886140405726
-1323.195380845625
-1390.1275277167815
-1417.0251157441144
-1424.705087953364
-1316.3231969342082
-1366.9700025038844
-1431.5480233583282
-1621.669947169738
-1512.851826708853
-1521.0937505323693
-1490.862212217516
-1417.6907985859018
-1460.3066213230677
-1396.9295812735145
-1496.552979613419
-1480.5227572255103
-1476.3027860249485
-1336.5541225567777
-1574.8527901766106
-1480.848950260745
-1389.4562165823638
-1514.927416914102
-1496.9944097869968
-1592.986344619868
-1515.2864848647882
-1335.627463323761
-1448.4361804199739
-1399.22504778688
-1482.1443078307702
-1419.072382966822
-1485.7741483083953
-1533.2412446229257
-1469.694074590086
-1379.849106994343
-1394.5138742747652
-1388.7694034264114
-1569.2746845948932
-1572.037032465296
-1548.042799015178
-1610.1462910503062
-1562.1526574769048
-1529.872556515862
-1629.485664472868
-1358.8088852113444
-1327.7289339640458
-1621.8575875314189
-1383.222039780184
-1596.9832484434417
-1431.5595573709397
-1604.9002298669147
-1492.8143104033506
-1483.846678238283
-1464.0473479229368
-1347.4523453592853
-1579.544632876356
-1481.9550675701203
-1331.5370864303823
-1355.938223733822
-1491.015110676905
-1538.4760358356398
-1427.2609406782785
-1435.392610493221
-1333.550131390017
-1550.884814177622
-1400.5935898368534
-1414.5774286325377
-1456.8719492143712
-1339.092669681523
-1550.1751108738608
-1569.0678333486558
-1371.243481603963
-1480.807985453817
-1401.7551155246633
-1388.29407821999
-1390.7381387924927
-1439.7281198321393
-1433.6503289332206
-1329.1447340157488
-1356.4071960764577
-1405.2453288268216
-1535.76404903919
-1528.3510231804053
-1523.5268601196412
-1584.1124016637698
-1546.4005269401143
-1472.2001194582108
-1410.7409793456948
-1449.0087825981561
-1554.012205828684
-1354.6771861153493
-1374.2532710221317
-1392.2783297307192
-1658.5901843878162
-1457.0502518392377
-1389.0640617126576
-1325.4214461789563
-1421.2559078930851
-1542.8152757369978
-1644.2295486362832
-1467.6509307140159
-1460.1837555331533
-1454.5157138439688
-1352.6932809498896
-1405.899474152388
-1623.1809708835221
-1573.8108601885626
-1532.4138574179774
-1357.383712931265
-1414.764041316492
-1396.9670465224644
-1469.176048481278
-1658.9270250195905
-1428.3265542174145
-1510.1703714289545
-1452.7788210518315
-1315.0982112686836
-1469.9405455104793
-1501.3691581379767
-1512.3988716719266
-1428.7513644109288
-1442.5299713062532
-1701.0850200793498
-1821.5269655283123
-1494.9894124649484
-1420.0825479225866
-1501.8728773060793
-1528.8093271403295
-1341.5080090735976
-1390.9434792589088
-1421.9115387096017
-1674.3646440400987
-1384.2188189423043
-1369.504549545859
-1556.4761463556931
-1428.2382293333283
-1536.4093793186482
-1489.1231969498783
-1600.0316015889816
-1325.0790610323315
-1439.7074410269233
-1545.117528856496
-1494.069096174084
-1439.5705103684638
-1503.7081939249158
-1424.9451587987855
-1491.8640829288738
-1424.639038225617
-1425.1341160042248
-1420.5178134973632
-1485.1483184008978
-1510.3816795696382
-1482.5815465853834
-1293.8785027454783
-1507.3963728353904
-1499.6806710182625
-1335.3688541879292
-1393.8663016402922
-1542.9544587867356
-1301.1953671272695
-1367.3433441034767
-1473.955127034686
-1457.2505573670715
-1539.5317914015668
-1475.267461500583
-1401.2038392452716
-1408.858943583909
-1431.9720630716686
-1430.4385305094884
-1354.8571459647944
-1330.5973219105213
-1353.8556296219765
-1444.7172921053898
-1468.94461368125
-1289.668821926042
-1452.6549765648726
-1526.1639656359735
-1446.4262184369359
-1473.6990695098668
-1467.777190465728
-1575.9817937206606
-1369.4611266033412
-1560.931070872777
-1260.1408475371195
-1286.6273008871306
-1341.8492915888721
-1406.2810655008304
-1431.572741969718
-1384.2125749185045
-1446.2634132860633
-1444.512414858721
-1466.1454953023756
-1427.314421134039
-1537.822599044398
-1513.9066172702521
-1372.3387796499446
-1462.6326153766877
-1471.5862718805547
-1383.3451165563295
-1332.8653185703347
-1396.0982133847892
-1329.072122567111
-1404.7988572079857
-1483.321380217418
-1419.361356682529
-1479.4051020602262
-1394.2145605386968
-1593.8543389733732
-1108.5640928865482
-1469.824603362891
-1386.8763585827824
-1369.7580438114005
-1579.2746378597676
-1536.9120069600008
-1278.8582970797886
-1393.8693525957565
-1368.5804340494408
-1516.6568135726084
-1584.8573384871306
-1279.8334730150918
-1441.494192227981
-1528.6013400735987
-1470.8777954178927
-1481.5161440316194
-1529.8626997466674
-1456.3326170692342
-1443.1966618685328
-1345.7188978795557
-1707.0459563000768
-1536.1819005276457
-1489.3362373208263
-1546.6011533473006
-1455.3236915887212
-1590.9410241367418
-1359.5017728996738
-1428.2842543930817
-1366.9046049724766
-1273.203616620771
-1432.6908578963967
-1506.9583147911671
-1500.1941336309092
-1425.0890043504035
-1345.7096139616285
-1583.219517789853
-1551.4962298721953
-1447.9050557863666
-1635.2393746296495
-1454.996988539638
-1580.2423188195373
-1493.854671138842
-1439.7688789298961
-1375.4213026257396
-1457.3842373757516
-1389.1126776032295
-1525.5313683317515
-1441.7107123754988
-1386.7232073322302
-1568.54435854907
-1342.631258910177
-1369.2533341067062
-1486.916952832051
-1552.6149440639815
-1546.336534195038
-1457.0166108925066
-1453.8036422475016
-1530.635590944959
-1457.2621321335257
-1367.0407984045262
-1497.5722606230754
-1425.7178932166091
-1467.2193579011027
-1629.2147196565422
-1513.2037799312825
-1571.3003714919528
-1514.058169679721
-1412.685243481089
-1503.8747787816453
-1379.6733465976454
-1493.9967966838549
-1345.627892521115
-1331.4628924104068
-1733.1168190598935
-1384.4989116522129
-1578.0738200622864
-1539.7020365000167
-1377.4283282608533
-1585.6995167902858
-1447.2374463957974
-1405.50295857293
-1402.9340454453359
-1440.2317853890886
-1331.1809445479894
-1410.558529175787
-1443.936171889167
-1440.1694263473673
-1534.2830506302514
-1444.0590518185581
-1410.8757932690771
-1420.9079161412235
-1370.5959394371919
-1307.2498944404367
-1411.4205608417988
-1373.985469530499
-1512.9578749326572
-1502.4802792036112
-1505.0959683600408
-1582.9498630679234
-1532.5270291020177
-1351.1786645516952
-1355.9056182696054
-1378.737809600314
-1386.171782841296
-1268.2541558877413
-1495.0441974248888
-1478.4372204501292
-1543.916604895165
-1590.0511340466423
-1327.8878991918718
-1499.5371450855007
-1488.288131405216
-1370.591434597551
-1458.8278957894352
-1378.5857387751732
-1375.7232966535068
-1516.4110512952038
-1494.8507189216205
-1485.5987357085246
-1481.302461570929
-1242.9941817338363
-1486.1202951038308
-1397.5690052967477
-1466.1112188001764
-1374.6012414037607
-1455.370839110828
-1510.9666912688633
-1455.8200393969
-1413.051881040014
-1445.1522493652624
-1479.756038822501
-1523.664536116878
-1524.3984471917001
-1433.399104896253
-1396.2563098019875
-1465.7060127044122
-1389.9486484130678
-1535.509232594823
-1371.4306457971534
-1474.994590851242
-1508.4331216754165
-1488.7245758550876
-1440.8569962016259
-1536.9038705017774
-1352.265004003053
-1644.7834343938039
-1403.00812490182
-1593.6045988771832
-1438.0529023158203
-1393.8595433060357
-1502.4161914686197
-1417.2002334531567
-1445.1970007205546
-1593.1325496297382
-1474.1123826313856
-1402.097235960058
-1513.732545494177
-1604.6461757091217
-1505.3304908124614
-1492.960466071595
-1673.5211216544667
-1599.6392370426222
-1414.1208659819174
-1466.276724894987
-1476.1655688649294
-1344.7284957085303
-1762.3250351941342
-1413.8169504637797
-1368.4683877377392
-1426.9681308115503
-1360.2159189902088
-1428.3976553986886
-1443.8903024877952
-1602.3152373753594
-1408.2749990339514
-1474.8256810807884
-1490.6011334795314
-1426.1079211555812
-1408.7184341594452
-1379.4022289453492
-1423.0626319330631
-1631.7213160115955
-1332.175703588494
-1476.9904598807773
-1387.9698968711612
-1535.5062112211974
-1376.8220178076356
-1566.4612208434
-1437.3011140202957
-1419.6369682015347
-1526.5901644926714
-1604.6166392263146
-1215.3479115594137
-1453.3509075123247
-1432.9718300911077
-1479.9285672555866
-1392.680966747822
-1252.2696299437132
-1321.5650374034064
-1390.1185812070137
-1496.8062311510685
-1486.9041177098313
-1468.7834312223545
-1285.0738691820638
-1546.9348378179006
-1342.2609456399327
-1386.4481342418555
-1302.7024590953656
-1558.21630106042
-1595.3613174405898
-1402.839816444298
-1633.5891390571517
-1361.7445935187018
-1375.126762444227
-1392.6576169877671
-1363.454147441853
-1407.4896942337214
-1427.9420147303065
-1378.0975348154182
-1544.1277345573435
-1504.9716675982816
-1386.8752948129702
-1413.284097763018
-1261.4065803125575
-1493.838123553721
-1473.4303317110916
-1570.7802453201468
-1553.059795249723
-1511.3225029423409
-1420.0571043231052
-1431.3479021915487
-1459.4515696892108
-1583.281874784449
-1639.3881659842798
-1485.9931234593091
-1519.2268263382473
-1376.5419644629899
-1370.850315684984
-1441.2154396335602
-1512.0336405532742
-1390.2675683937894
-1458.6447118561657
-1588.6825448610034
-1515.866422036248
-1720.013060551276
-1453.8233272993361
-1418.2151484859573
-1407.3207800113312
-1461.7702724510834
-1329.0778658864103
-1360.073626302613
-1363.797597150079
-1389.0901969529643
-1265.7866636469098
-1317.888583996171
-1511.9693968989216
-1518.7925653765374
-1394.6003642589812
-1432.1384430084033
-1435.2804150174422
-1450.1645274788107
-1455.9158644676097
-1407.1970788960386
-1497.439059028609
-1502.9628420412876
-1611.3263197438334
-1472.1047256879458
-1416.0734203026093
-1651.7537186419745
-1492.1037190623067
-1536.5048986760812
-1407.2748299732505
-1403.170649593216
-1469.7849418447483
-1463.1333681534193
-1622.148410058849
-1380.199746378892
-1501.1516207455566
-1319.3557682085325
-1508.5034510882197
-1367.6179176614287
-1394.5910829910927
-1562.51153594078
-1324.4184361571615
-1523.6603065225274
-1415.5659936327052
-1569.5805081155165
-1355.6249850275678
-1328.9548367855905
-1488.1677579336979
-1534.7574960880731
-1507.8586932562055
-1632.7647794037623
-1500.7735764803435
-1441.2709823113687
-1601.954932609366
-1458.3027275272434
-1653.964419438998
-1391.193624692329
-1418.5221116260486
-1526.803871114123
-1593.493599688266
-1476.9165575420047
-1414.7262451800361
-1468.6366241814783
-1507.4286317582005
-1519.7496563508432
-1448.6931550446159
-1392.8696520303135
-1431.223544035985
-1461.8006606757249
-1201.0642222465178
-1436.3817141843367
-1388.665721209299
-1296.3978875496766
-1470.7537716846912
-1415.7245003811029
-1606.5757737217612
-1446.9314532732467
-1452.9921005328135
-1482.8052383610648
-1611.1322726374024
-1340.6999120939208
-1349.79231367853
-1504.533133805336
-1335.387978082872
-1375.9669994336648
-1419.6593763283863
-1590.855130380095
-1559.9701471806673
-1495.2688066550766
-1595.593926583678
-1440.1696124520395
-1676.1826340707748
-1560.4916647257576
-1415.9962571012484
-1443.4449101158912
-1431.3027715737708
-1458.6771805189576
-1438.2897067254303
-1451.919395403609
-1636.8133198904857
-1522.8632849277021
-1616.478063874024
-1462.8369910050972
-1490.909425751611
-1444.3070163041398
-1453.7332744023201
-1524.8357222779548
-1364.3950018525106
-1383.922314149566
-1307.1448816253794
-1456.5730999522384
-1432.475322423886
-1548.1611055253
-1443.1220881006695
-1449.2965561930746
-1628.342967564143
-1481.3239872746897
-1630.8732502323307
-1402.21696149308
-1421.2708111886554
-1393.0420624485055
-1432.413022919461
-1351.528889429826
-1507.2040825110894
-1665.576257437773
-1571.28000776883
-1287.9985080577887
-1475.2426293700742
-1643.8097207716185
-1707.8985279769383
-1504.7372944930582
-1440.6212293635906
-1570.5965884880766
-1286.5352668374787
-1304.963711452326
-1547.0156399840946
-1415.7860483826357
-1285.0817623725836
-1367.1431784079653
-1518.058409529596
-1376.390211797966
-1539.1493817822707
-1592.5766776735884
-1652.0712162595946
-1439.1063703819516
-1519.3559526243955
-1508.7344672299505
-1371.3014600818356
-1612.2337727023853
-1467.2842564971177
-1499.062314512297
-1509.2640939712842
-1430.2512108684066
-1451.6157771716719
-1429.9444409721825
-1422.3253062388212
-1535.5540493553256
-1511.323964436712
-1529.6213059426734
-1625.0948977629407
-1489.054505169746
-1395.0303054356243
-1486.0655250181585
-1405.3371094989475
-1493.0733915574021
-1474.8359596720602
-1563.1964988095929
-1684.3602069897922
-1332.8032433745782
-1609.2336224335063
-1539.0518327826524
-1448.2601792962396
-1412.951171019336
-1520.608559304898
-1423.1395689173655
-1435.4325633593517
-1318.0475958086836
-1520.5585353120023
-1568.7094191598103
-1430.564453652671
-1515.515123421374
-1602.475635584763
-1517.1671956621415
-1297.2650138832942
-1480.4327589255722
-1452.2607003882918
-1555.3409959385453
-1514.2362166593457
-1420.0013874959109
-1519.5440041458182
-1467.2324243098915
-1323.1405754450523
-1438.6615949620625
-1419.313384232345
-1379.411672454354
-1541.391846039102

