-2256.153558267896
-4089.1233918420326
-4109.621721377313
-1559.0164094620482
-2281.3601834842493
-2415.543705034942
-3406.2060835420457
-4083.2253546215115
-3207.2886660938193
-2269.3080431149547
-2746.3477477308465
-1218.1976876973984
-1286.1226816256753
-1203.0178331629697
-1396.88634903031
-1221.254479074639
-1217.1929323512318
-1253.9519025018521
-1153.1499868126589
-1177.9847219077606
-1232.871980833305
-1218.3345439919703
-1241.6991771789794
-1265.1411499828225
-1316.5905954367443
-1064.358340593846
-1344.944315131377
-1123.492014260922
-1218.4859120780136
-1124.8157070282614
-1146.1508400615028
-1307.9271674578504
-1149.3796373281018
-1092.6618933612815
-1154.4039280060817
-1301.16545312916
-1081.1677334390565
-1230.1479854104136
-1408.5103653833237
-987.0318089043271
-1104.498040812017
-1239.9376638536346
-1077.5560776903167
-1166.6370004685923
-1125.1920244722905
-1100.5734587523239
-1065.5287499004055
-1163.4999950831937
-1038.1197762123243
-1204.0740615206694
-1143.066895328583
-1155.379349417388
-1094.3134211134886
-1131.8102938234688
-1079.4505922075846
-1124.040263465069
-995.7823923673618
-1067.654436116399
-1082.0666276706584
-1195.709765671118
-1166.949331239714
-1150.8788872226737
-1090.578189882548
-1143.1874179954075
-1283.1892054099899
-1241.8358078459228
-1060.541970112278
-1008.6729763866658
-956.3760850713302
-1274.8350378857538
-1099.8866151904285
-1246.9216232591186
-1120.518220605771
-1198.6650475662523
-1061.4080823310705
-1161.2761530511884
-1095.2395981954003
-1267.9252352305928
-1099.8240435177743
-1117.975042538936
-1011.8449572515419
-1125.9227736921498
-1103.618846664357
-1112.5337401772433
-1120.319447114613
-1061.16144698461
-1173.08340167877
-1082.6029364803637
-1178.3886498933673
-1132.9097249496301
-939.8617229594687
-1093.3239993091397
-1036.7349435874648
-1043.4241260092483
-1085.5626497621815
-1219.1093511581405
-1159.2746001721441
-1001.3516622820258
-1076.629130570797
-1058.8798249044055
-1116.536578912954
-1275.9883137724294
-1070.672520168297
-1152.8691167813124
-1114.6467211338077
-1093.2001387821783
-1234.0120015897855
-1116.1024746262426
-1086.6758006565935
-1118.0177621848588
-1178.0475835281372
-1114.8915809968817
-1207.29208084811
-1084.4940667074047
-1107.0981868498104
-1160.1937704852853
-1098.3310960732829
-1067.0403373524907
-1191.079310830283
-1020.6670704745238
-1191.5128675473989
-1157.779126449354
-1072.3842467875845
-960.68130338071
-979.3910312698133
-1144.1029633504431
-1139.6874975700807
-1069.3939754901128
-1121.3208348000019
-1025.2714081789175
-1018.8560289183469
-1100.4471768007982
-1057.7586870714622
-1040.2404722628835
-1038.3813371887488
-1070.5856997812516
-1015.3980102379505
-1087.2359540995224
-1053.6618057144533
-966.4712142816875
-1077.8695128467587
-1075.2208968548825
-1031.0769787356276
-1244.6146987866239
-1165.8601642022877
-984.319230598989
-1201.626146778411
-1123.993538383471
-934.1834522977776
-1101.1194701984896
-1089.0852840782788
-1054.8683777986112
-1062.0116957872115
-911.8719752412837
-1036.2396780469867
-1105.3279929792627
-1143.3326859668937
-1044.28234507743
-1154.563749411032
-1100.3887426642168
-1108.4456804435622
-1031.9238065296197
-1061.808698206886
-883.8305747722842
-1184.9238848666034
-1147.5157218604495
-1094.4932066834015
-1202.5579085915776
-1029.738613920397
-1029.9425473828976
-1145.8474559119204
-1047.8510372409582
-1088.6191071406986
-1150.9432215082825
-1067.1979167418879
-1160.8371737564567
-1112.7585851371564
-1047.3690514828709
-1139.4787140931671
-948.1267835264854
-978.4768653241078
-1187.7786520666614
-1239.7709457566154
-1084.31355147761
-1088.5911574837687
-1070.6816205515597
-1017.8466504858598
-875.1697994736159
-1060.3400409938242
-1096.1068995008616
-989.8412535731595
-1049.078566202235
-984.8869826639102
-1156.9683846386824
-1131.7784556716645
-1075.067192476679
-1001.8479780024733
-1098.2576771227598
-1092.417606265393
-969.4573818120916
-1162.6897428084417
-1043.1125899592353
-1023.9280336664556
-1052.5951134824304
-1017.7850708051308
-1118.4452073233115
-1111.7396816503533
-1055.478524489561
-980.61748674406
-1075.4434823620709
-1214.4234131036712
-1161.89520332601
-1142.3529798751879
-1110.9466948830245
-1182.4378108294716
-983.3856088601374
-1035.3226858755543
-1247.747771292041
-1116.1901636108146
-1130.8551062407635
-1040.6294863566704
-1061.4612077762472
-1122.3791366591347
-1138.0806772721428
-1133.4853394990976
-1280.4312913132403
-1023.629246667176
-995.3129379587591
-1216.4358704391223
-1077.1235975233108
-1111.8279579630384
-1204.934970534332
-1141.4305257503577
-958.9180681012123
-995.4612607078258
-1021.4399321278042
-1073.1602706224453
-1112.9901039104304
-1089.6752754811976
-1017.214813769965
-1323.6903445852015
-1062.7176389501114
-1217.195518544243
-948.7346669162604
-1012.1137419169546
-1030.3613929822984
-1003.8752099824659
-1021.9512187495678
-1080.3380168796657
-1162.8400881249665
-1274.0605235804976
-999.1030855787183
-1053.4008700813592
-965.0463333647283
-1184.391256623595
-1372.4347873438278
-1046.8119296288728
-939.6729817531163
-1115.8365424128792
-1202.8651728828413
-1090.3394854968938
-1134.8319578692124
-1040.0436472888102
-1050.639789334269
-1037.046595983353
-913.2084795822079
-1120.4618872538265
-1110.8646855602653
-1202.999137692112
-1101.6236106317442
-1237.0880564180827
-1134.298312060491
-932.5035303389204
-1135.560715349033
-1113.5094958710183
-1119.3372137093463
-1017.9898379820451
-1173.636909658021
-1198.323847584793
-1010.6185729964832
-1151.6770370197132
-938.6781187710055
-1105.833510041294
-1208.3594187072194
-998.6356852942863
-1036.4631770598912
-1193.596224137487
-1092.8146742286372
-1052.0800843731968
-968.9782313975403
-1028.5617225339433
-1036.0306229605048
-1234.4207251339003
-947.0858041686482
-1078.9831035988682
-1032.2176575672108
-1068.2604728985161
-1179.629300365185
-1149.5034877181818
-990.5145238344943
-1008.7958284762783
-1098.0668036298055
-1067.5298541453244
-1049.2820862146082
-1111.6225497047478
-1093.5972960001925
-1109.1028874978324
-1099.4393239912786
-1023.7413740610526
-919.538183724957
-1456.602725215159
-1099.4850472307653
-1056.221590086745
-1181.9150628997586
-1188.742728086417
-1023.7688254367998
-1094.5276878176958
-955.0286349066147
-1001.7808722238436
-1053.240161288446
-1261.1746720812068
-1209.943094970569
-1235.1537896934167
-1027.0069087376696
-1135.5135785084622
-1025.9898731968267
-1126.167914005461
-922.353100033853
-1024.1207253209136
-1034.680964522021
-1238.6078978418177
-1130.8241733387454
-1066.4584422979456
-1002.4684871574891
-893.7239119662099
-960.393787491947
-1022.9355939876768
-974.9990929966614
-1034.4211608892315
-1006.1857895139115
-1039.410073919794
-1123.0007619801602
-1098.5599601176302
-1222.7215499514687
-1033.3886586204262
-1085.6082976287814
-1002.8433489590586
-961.9401680860951
-1190.7868012379058
-955.8674227918146
-979.465596761064
-1018.0870594643383
-983.7279373242385
-1015.9231361621812
-1114.4031733324505
-1213.3105344660435
-973.726456087169
-1005.554023825368
-1213.7723597366105
-999.1508158751802
-1039.758993069937
-1116.9258851700454
-997.5268949883313
-1094.8965671972103
-959.9361492347657
-1024.8362781387693
-963.9691454875649
-949.26386951534
-1149.556456244705
-1083.6159031723723
-1118.5375250078012
-1015.7357506377048
-1177.459744207525
-983.464498691885
-1072.2897651853868
-961.1042625169208
-997.847696173443
-1018.8088361929201
-1125.7959505947688
-1013.9799063987
-1072.005164361469
-1048.8366779659154
-985.574714594029
-994.3039644905015
-1128.839402154999
-1026.9604470879312
-1056.961941971482
-931.0722179001269
-1017.2706751696192
-1016.1908861147256
-884.4629113769439
-1003.2087727207655
-1007.7748067303842
-944.0085553399017
-931.439701395765
-1099.5210378482268
-1152.9121073560068
-1061.1524522931743
-1155.55558366712
-975.0698456828152
-1103.6202678635009
-987.3145075171237
-1112.5960373296314
-1037.6731660448045
-922.3642674987284
-995.0069220669803
-1065.0582336043217
-1040.3864835856562
-1108.1485936120148
-944.1816832553648
-1045.0645346802846
-1004.0475566154742
-1019.1666543235605
-944.9550717725497
-952.009881501867
-975.0543706851583
-1007.3953014151216
-1014.6476009157157
-1071.9865382041503
-985.1983077893983
-1065.6753426279176
-1167.1950955097193
-960.9426766609465
-1034.6024849965722
-902.7684936518469
-975.5632579948908
-1027.2574264986965
-998.1807535720368
-1034.0720161004688
-963.0318644618635
-1070.4212771495036
-999.6702867817751
-990.2174540850795
-915.9492258588411
-1036.4029062435384
-1018.6068857576578
-1003.1356896860583
-1006.0951332850203
-1037.9250011565637
-1083.2341642590227
-1023.1496350126515
-1072.9657193611006
-987.0646576025804
-1064.5680773310846
-957.0012371920556
-959.6591912460497
-961.2754706853727
-1079.402051524865
-1233.6691526056372
-983.6144865788339
-988.9803632423262
-1078.5322785371236
-949.8924625832896
-1072.0049065416117
-959.2628008958269
-933.9859947495246
-913.5426524712543
-932.0931573808388
-924.6292776610645
-955.7432094051743
-974.6422869959558
-1082.1187061057965
-1028.1154845295664
-1034.8067456380168
-992.6820892446532
-972.014514116442
-942.7056066117298
-1046.5836750871204
-977.7464632690155
-893.6950169616966
-1054.3740229541563
-1092.1686037382522
-970.2672275914081
-888.641766479347
-1153.7600076673434
-944.4924500346449
-963.3139765204883
-1118.0006755967247
-927.2434674439138
-956.2884140295569
-1027.9868125835742
-990.4512459190225
-1072.9899220556
-986.1507853632536
-1043.0216777827507
-926.3002022179937
-1015.8646840151416
-1079.9765377305573
-981.9107499009499
-1087.3857964069632
-1038.4507621832038
-804.5504492554336
-994.5636933801381
-978.8115266236389
-961.320495132197
-937.2232897638665
-1030.3828909415897
-1062.284957413341
-996.404089829796
-981.2215470349302
-1023.0502550945309
-976.2288338572397
-1325.9970325557
-1001.9254047891786
-1021.3864487734528
-935.5652554014694
-955.9249038863034
-1048.7913901711247
-1038.8673281276265
-925.2347522371823
-959.5276289087025
-901.8268839272921
-927.6632407946453
-916.6695891583084
-1092.3764705159233
-1002.8845329451397
-893.0238961216592
-1122.7470860343221
-1015.5157566098818
-987.105870411659
-1046.6982250015246
-962.5864976721815
-1044.9986119740213
-945.8992108327063
-979.1241159122021
-1137.5792058671195
-1132.3566134871137
-888.5552701446268
-980.2485013998502
-930.0311886588656
-1003.123917559388
-958.7253037298584
-882.4497028609643
-1035.3666791188305
-1126.1193378159644
-1166.5614012536118
-995.3431707521642
-987.0209720548039
-1020.6579739720316
-1009.5164192048405
-1109.9941134477895
-1030.980529270342
-901.4069715284929
-1046.7289493772553
-1049.036281260877
-1068.2209512209652
-1044.7600842572765
-952.9773601386388
-996.9579846483407
-909.8773821944247
-924.9253715916019
-973.4986612733505
-1066.8926272530825
-1053.2611326948468
-917.8166694782741
-1017.9964548079071
-1043.5106437872087
-1084.7732298590129
-994.6447340087534
-996.1462954617832
-1001.7772304986997
-965.3089631154085
-1059.7405803211402
-1074.0209930712958
-967.685814304589
-1003.1200172244942
-970.2206381824499
-1062.8719197070245
-873.444507827318
-1081.376569985473
-999.3574536836496
-1087.7799876016197
-820.51993481286
-1091.9350387221816
-1063.1031550734986
-1093.4920093143976
-888.0772537547932
-986.8459644328219
-1127.962198698509
-952.8942694095899
-1080.2843661122827
-1037.7548127350735
-1033.04473094058
-1145.5075631550328
-1083.3952311131984
-953.1284407468721
-1052.846519477118
-958.639199997266
-926.8330887017405
-1078.1845902989053
-1026.9148817315133
-1039.69662476576
-925.1378664864874
-925.6631619141401
-988.1974236619542
-1077.1652880612096
-996.2769607177484
-992.8147856357975
-1056.0893818424063
-1000.6247625266608
-894.1628656855487
-1039.146457682339
-1043.5080446996049
-949.9020789325085
-1014.021624154656
-1050.0071929905891
-925.7997268742253
-1095.6563456401673
-1005.3980977358235
-964.6838053258825
-1024.07184701686
-1071.292697424822
-905.0913524090081
-973.4762568315759
-1172.4521767223869
-1023.9764700192051
-1097.977099579925
-1094.1436257351288
-1053.4883536443513
-1023.5632729119741
-1024.3845215846504
-1010.7217697823799
-987.6989664433603
-1123.364949024409
-1088.8500112036695
-931.6007877335037
-1156.4134958268173
-1012.6456452201741
-983.3762603877007
-1203.5165981839225
-1005.018610335582
-1092.375158097038
-899.3101371989829
-991.419806453411
-905.4366838268975
-1117.6626449202374
-1042.3478195632176
-953.6580795250436
-1005.4475114358837
-1060.4229315130572
-995.1072802526008
-1038.7270582741787
-1026.6206991765355
-1055.4883314559224
-1033.8148101299976
-1133.927113701905
-1132.701863679411
-961.751889105486
-972.8480055022469
-980.2939386131351
-1020.638440044384
-1088.927552625825
-989.3803386829984
-971.4945126483066
-1169.4433681361427
-1055.0542956672505
-911.6125612130093
-1122.5970922716706
-1143.1278234471006
-1316.859735466035
-1016.0451739163364
-1106.9864480610916
-1020.3641457101453
-994.3375454883455
-1014.0451397072654
-933.8408143359409
-982.6389015922117
-940.3687099520066
-1114.0473522093848
-939.3121858159897
-1126.9605338398892
-1074.8981326119188
-1023.2657837531805
-978.0411582096597
-1070.9429216871215
-1087.5564343665405
-1025.9694124775774
-957.2193077828568
-1070.382921095218
-1012.1899393024241
-946.9917258650138
-966.4787795364975
-1106.9000428463246
-1086.7667675900375
-1038.6099230260481
-1081.5160184087172
-867.4368342374468
-912.355803821749
-904.6166222967571
-968.3498334067577
-990.7430817450887
-1111.154035810158
-879.7038252028636
-903.6370400786394
-1146.6278496544035
-1008.0337873728105
-999.1186610496792
-1014.0133537971806
-997.7471270108064
-1000.7833598062414
-1056.632634548395
-1132.1732642002296
-961.8564146236963
-1037.8870555911415
-1035.190573972927
-917.2203005870688
-1103.947387020828
-860.5095640476436
-878.5944489103131
-1114.5613157381383
-821.2242428554779
-992.3104478352541
-1016.4058789773175
-1114.7254018543547
-1130.707146101153
-1079.093776294643
-954.6953324985403
-963.8796251871441
-1009.2626344056722
-983.6856350990895
-1011.946149334416
-1247.6781027386608
-924.6742101269588
-1338.1477966773675
-980.2815623544163
-957.1175323575944
-903.3292544853012
-1101.7198584810596
-1032.5828377314588
-882.9108803153067
-957.2003409580584
-997.9526068557664
-972.2938966240204
-898.0615469994976
-970.8545176562437
-996.8768073047211
-950.1651408032167
-873.3129802619322
-995.710953016337
-1036.7344467637988
-953.8114625022802
-990.5029402175863
-982.3878194236216
-1055.7973971329573
-906.8061913674843
-926.2684617897073
-1004.8875536501888
-974.3402096532865
-968.3948079098
-934.2588812449628
-944.247016677487
-1057.832826312193
-971.6434272989114
-987.9230988341269
-1014.1990814795158
-989.878001841523
-964.6483772735935
-957.2575237950676
-1078.0364008648753
-985.5447226223871
-998.0918609163903
-1056.0913700941155
-1027.819293877746
-1035.129653171294
-913.0193548121389
-1003.0091395069611
-943.9435690128994
-1001.3004442011936
-1141.028491093159
-1024.7465323653917
-1039.108596059287
-1030.1901884677354
-1012.0736993953115
-915.2674125757112
-988.0203783309804
-996.4758958923537
-1026.389501873243
-1110.2161525111665
-975.2753853309144
-1001.8013756103378
-1062.5975044171566
-1160.291235674353
-938.0944958903416
-999.1725038401427
-1068.2979739730752
-989.0270775763382
-971.038626059809
-968.5154572898089
-1091.705786743813
-1038.9080904770508
-924.311007237522
-999.3532799024972
-953.5431700944952
-1041.155400213864
-1040.5566343447936
-1006.4380969656445
-1021.6123681493339
-955.4361712359915
-1016.4571030507655
-1117.7186990307143
-1074.5015350331491
-1036.16902556551
-990.6132721101267
-977.2057242590663
-1000.621068436778
-972.141394428118
-925.6513538760872
-971.0776699706206
-930.2434583501904
-1080.9732787266296
-1009.8797864557213
-1048.5571072070388
-1064.1610800496885
-913.2701073409571
-964.8494463321712
-961.7072018327382
-1110.3991360167154
-973.116186880591
-1066.3879157319138
-989.9250304109278
-977.6829550837798
-956.3208066661508
-1025.5733315495338
-1013.4339230871026
-931.0461273308583
-1017.7477780687153
-1064.0014202287366
-1071.5054028353475
-1085.9867864003204
-884.7467933531175
-1020.8453362358285
-1032.633168154634
-957.1502311004112
-1124.6122259806377
-862.9496255602352
-1021.9382248422687
-1151.211852613568
-1051.8842968519052
-1013.0098597259685
-1114.9089643282696
-981.1321520730797
-979.373301094779
-879.5682731139833
-1083.40695226036
-984.2844694224627
-1000.4245048763078
-1042.468337061198
-986.7772098634338
-961.2033646059052
-1024.9377156313142
-1067.5806179790093
-882.4109415750003
-976.4541751291381
-955.1623799605869
-899.4612129535712
-1023.0160596876013
-965.976241363486
-963.1241754169457
-1017.2177282811365
-1031.291204356656
-920.2761733269024
-1006.4769161583343
-982.1127836794299
-930.1028247655554
-1135.579137629259
-957.9351858718662
-961.8404424216333
-1017.9960837410458
-885.406928279083
-976.5135016374957
-965.3577764264929
-1024.7147394900067
-1008.8332007618137
-928.1271935717084
-1061.7213951607216
-1079.502095646165
-965.8693409407019
-969.827574816401
-945.3717039222372
-1039.1204544179525
-974.353129349476
-1050.954244716561
-907.6075474010316
-1012.1195178835642
-1044.9282381693502
-920.3316490940616
-1059.1665646273084
-938.3793393568878
-1091.4871505642764
-1043.035225165562
-956.7340267738097
-930.8636556097262
-1105.8173654821176
-999.6107812940435
-1053.5534371632273
-884.6498367479336
-980.6620203536165
-1026.0980167575854
-954.4471955253531
-1017.6302524731366
-942.4764236388299
-980.7717753943367
-988.8373220001304
-995.1127633045046
-977.7517456131827
-978.8783760195271
-956.3751980608214
-1089.0315806356884
-915.1730142610538
-915.6419507691854
-948.2227615572026
-998.3366964127755
-929.678429864755
-912.4522442579031
-1116.7301533371524
-971.3880674616315
-1032.2171673600676
-1034.2069199840976
-1025.434372696611
-1000.4930858040565
-993.6802748616656
-990.2215593208089
-871.6358888079887
-1002.6828462243633
-933.0805132076932
-855.8082073671102
-1053.3611105285947
-974.5137373287965
-948.5264519568842
-897.2684412282581
-964.9858212985539
-991.2578783906018
-961.7238280846506
-873.9436399491773
-941.4262772118212
-926.9011344087612
-1104.396110102853
-1141.4287581727062
-874.2922387010418
-907.0092291065685
-980.946297605483
-1046.4293593109016
-924.9860000445442
-1000.0036199559154
-845.8945765179382
-1005.911678730133
-980.1091744999222
-969.1594446271849
-946.6066388726713
-963.1146557620358
-1057.4514224867626
-1015.328425607577
-893.2223912449234
-837.7437023904014
-854.2284225002444
-981.1996909378477
-943.0004128875672
-1007.6050625043057
-941.1264640544523
-1012.4115217655062
-1026.3161131726854
-953.5614982037226
-971.9186400881915
-881.0139653457734
-1056.5020300922527
-1057.1964572199727
-966.5676135531942
-1004.6905323735982
-1001.9005976358912
-1003.3482736974083
-1017.7739462950105
-960.0390895632777
-991.399090993979
-980.5284112991716
-1000.5425182218664
-989.3078127056094
-1029.003621619391
-957.036715286782
-1166.8618820709708
-970.0822099029352
-960.3673488919633
-903.9487515896935
-1051.828509504753
-938.8408568495132
-990.1868782291017
-1057.7645895134274
-944.7095494968454
-952.3061054289396
-905.5690981594873
-929.7710191309768
-948.6605035966552
-963.3619259335975
-1004.6381652759321
-1038.1169664479373
-934.5884369647912
-950.7670027246347
-905.7638501323411
-971.569823535978
-975.043275075974
-907.5216712986178
-891.7888710051301
-949.4399679273774
-1019.6940129351065
-966.0123726698895
-1005.4290176563354
-1026.9100382550023
-927.9379628639817
-855.4654839684492
-874.4472036490387
-1001.0224730415645
-965.2361806058127
-850.6889517188304
-956.8928355005057
-1028.8602461534133
-1098.7116320742318
-976.385845733229
-942.5811051077794
-1035.6968938185366
-872.482194904205
-966.152667884787
-954.2130693192723
-970.0425558787048
-1033.461839366282
-875.4199134886111
-915.2106473822765
-941.5884674214185
-983.3516436547723
-1088.514677990029
-960.4624720538445
-865.6003475179374
-921.2701130924233
-1066.7119311185816
-1009.848784649205
-1034.2877640658921
-1003.3805376407568
-856.5393184557964
-872.3149055492544
-949.3116587644439
-1019.4071853943123
-906.5928463405768
-969.9911041104137
-978.5139182818144
-1037.4455296815997
-986.9323428152353
-1049.7385258641418
-909.121514441683
-1041.820407396428
-1003.8997637070852
-926.5811284419391
-970.2693228526281
-960.0441880017527
-927.1704415347932
-981.3333252151681
-957.7467478505891
-920.468498373452
-1044.344665119686
-951.3438002616463
-960.1886779064173
-1001.5093464754091
-1006.1649087347746
-1059.4520606753867
-1068.2398638186348
-1088.1822167764985
-1109.1205776412976
-1089.1699598360528
-1027.0787529893635
-882.3592288279148
-1057.0948183282032
-1029.0273493378058
-891.6587858192255
-906.7158391504331
-1061.4679902940466
-848.4643689511339
-971.829489012312
-1031.0667956078512
-1009.6575207248799
-1003.5859920199964
-999.8682707370563
-1077.739510523712
-1090.7813906744386
-982.9483074002916
-947.6219535520804
-1077.7423327977783
-960.7474071130576
-1024.678838358838
-986.9410539650064
-1056.5134736402763
-1051.4828583288738
-880.239126901596
-983.9676625255219
-923.0129310883661
-962.7089087254957
-909.8605721048084
-1019.6033086092061
-992.7682845607927
-970.8943780193523
-991.0959913699068
-1060.3086910884342
-1001.3253991883823
-1002.8882033882117
-906.8383538758143
-1012.0498370160273
-886.2856176553425
-966.4168121300593
-886.2121665109706
-970.9699534433946
-1024.609764698088
-1000.1469383417115
-908.3629798975713
-975.4133016816752
-1055.3953397959708
-1097.0204481592143
-969.4678932144105
-1063.1600125947366
-985.191544110032
-949.7808518142722
-975.686504430978
-1041.0436657271982
-862.1076870623272
-898.7132724956755
-915.5708692207648
-915.5409388057747
-961.160197516829
-982.7987348542067
-1042.6150676176155
-990.6074743648657
-945.5549807401217
-906.4372021616317
-1024.346145979364
-1048.8642520883059
-997.5949936300133
-1024.8736853481262
-1013.618998440862
-896.493349611141
-979.1095156558848
-962.6823725851018
-1044.3138166339274
-965.1808850276705
-1003.6779640445754
-1014.8496948777916
-1056.3832785052268
-1065.988843692426
-1025.8037342668347
-1115.2597893687812
-1042.9119934378948
-1030.1034668424397
-979.4003308928467
-833.7043502198253
-928.2587312818494
-1030.0915971766913
-1198.9751983145916
-1009.3931164461526
-1012.17580787841
-944.8040566781173
-872.0673536138869
-979.4187682675075
-1123.3952806882342
-1094.9008794463962
-893.0197584264837
-916.7676336667708
-1091.3762161208922
-927.1883410620578
-1007.8258485893517
-1116.7198573033681
-896.0713876681708
-931.4158583111438
-884.5692930744034
-1009.2015132681743
-993.9781994059919
-934.290732544185
-929.5410005880179
-1056.4305467074914
-938.9543102104886
-938.4809666597363
-974.9134780017039
-1061.5846204328354
-964.3084152220354
-1060.5814316761107
-971.3786545638941
-918.3169443419766
-959.6008307521414
-1013.8372628363552
-1021.2121445268939
-1041.177142941007
-944.3052359132593
-964.5287577036308
-873.3155163758709
-1040.4929906869613
-938.8853904308797
-1092.2642715130596
-873.6877533689675
-1022.8177459510508
-1008.4804182389261
-938.3218894299606
-948.7490241817532
-943.0559551292071
-1002.8814178695445
-934.8437546975914
-926.2678977936646
-937.1479758668128
-996.7643959920009
-981.8777090804208
-988.2460169014503
-876.9868746462311
-973.5431117443551
-1106.7944712367057
-949.8449368516117
-1054.673193058421
-930.5536717410932
-909.6223716099498
-943.4766751781332
-986.6357150666302
-898.7094911512811
-955.4406144469714
-1064.144655422091
-981.0518147894082
-900.9448735500175
-973.0342958183276
-905.7239212948389
-936.6578761323021
-1066.4740279047974
-1113.3079642750781
-986.5346715216883
-1096.6509903589495
-913.3335708631129
-961.6249666072364
-1002.6185372951928
-1184.9019530378741
-973.27412916931
-1002.2161558029544
-1041.2239328369403
-937.2337386776148
-919.9321426670291
-931.8299472336789
-1004.9556189529537
-1028.211853364902
-1036.1994560205671
-1000.5053243804455
-1050.8653213343684
-1048.7903683879686
-909.6325569410002
-1038.5057174364104
-948.923777756099
-901.8801220498436
-911.7715647796205
-1039.8761321491104
-947.8157185877142
-972.739689117812
-1022.2601093677857
-974.2929245466842
-1037.7380706060167
-1025.2325012666029
-857.7339183695324
-989.3106014717666
-1006.0500819450106
-964.2475193538382
-953.5717319835843
-982.2771984211458
-967.7279167723055
-962.4905888521067
-1048.824309742903
-953.6596035731171
-897.6485886685201
-1008.7562011861237
-1013.4919103067439
-969.2928241692969
-982.2161055991244
-996.2212257782103
-902.109752884474
-985.5779402385109
-1026.4996600789004
-1010.793195173645
-989.5320138944
-921.5685788228319
-983.118797369873
-1027.255374074903
-1072.2018043315295
-906.917166748188
-995.4269161570803
-1056.6872337655927
-1024.2725663575757
-940.3254760126254
-1086.5967798031495
-930.668851435155
-931.4377841150906
-965.0516992006757
-899.0194742833853
-1010.2780831164257
-920.3184125714989
-919.3773090438226
-985.778797625297
-993.6487084100206
-924.9020386457573
-965.5567382346709
-950.0708015169466
-907.6948282324546
-1013.9715519081612
-932.285113048719
-936.9117415224722
-1039.797788175558
-892.8616894099106
-945.1725838699269
-985.932125685764
-954.0535367347698
-955.2442280954172
-1048.611601360369
-930.0666373567916
-943.6861799314349
-1098.8714431530066
-1030.2789311730328
-1033.0738839060255
-1001.3061419604679
-1037.6917666629968
-961.3336899594121
-980.9514666742997
-995.8908009008771
-999.136776450882
-945.3947709467157
-964.3586180464438
-1064.6751330723434
-997.6901667917009
-1009.4162302216102
-1081.3613888110017
-1108.235923834427
-945.7438659621523
-973.2349404610678
-931.5819416516731
-879.4545401514603
-1051.4185445818555
-900.8481243579362
-995.5337844416229
-1033.2017913820807
-870.4505370422404
-891.17949028228
-943.7527324751716
-841.1827453995544
-963.4693213249283
-887.6351803217433
-989.3635477021724
-940.1538367477436
-1010.9769722419669
-960.2159533400836
-1136.6541312378188
-983.6957256107005
-1104.311922016055
-1004.7324706562472
-1052.2779653744603
-924.2097168192719
-925.8543480097126
-946.9710672887958
-1024.02265662533
-851.4897904210383
-987.5602253680149
-892.4036597915135
-994.0457295604019
-1020.0135436851391
-1016.5220760358231
-916.4552507450757
-997.0394893205441
-935.4014938782018
-1047.3117942595068
-982.3370611425495
-992.3917117214605
-986.0764168528553
-855.0657411267975
-1040.3662417525238
-943.124521902143
-999.3862013636285
-994.8852197122708
-893.4572613332283
-912.8183939828649
-962.0101741719934
-924.8717608147796
-968.0326586826211
-942.2463227319184
-978.2212990610662
-954.0297268397976
-1020.8589338978471
-971.6037167153888
-859.4698194298484
-1034.004144700813
-964.9217552051502
-951.0649153141954
-881.4322340864554
-915.6432593147299
-898.763427155045
-992.4533451711168
-984.666961019464
-973.4443280664864
-1021.8511910009353
-989.2428459440508
-939.4965494957455
-1346.430323050177
-1093.3200033980854
-918.509094385667
-947.7047472149061
-967.495143763526
-1116.8520144170138
-1054.75902938071
-924.5564779588449
-1076.282456198044
-1086.904018391824
-935.8579673427479
-954.3750454518795
-1087.0170646249308
-1004.687842713201
-998.8308057652489
-1072.150143365286
-861.4690292441343
-997.0365794912597
-901.5852083112061
-988.5158576212644
-962.6986240038812
-1020.9301028842515
-1018.1865813304645
-1090.718766159222
-1019.1188865121258
-981.1457406477426
-960.5675068372041
-1028.388200021727
-982.393292475828
-974.3406583043657
-1006.104707037066
-1035.6190551684647
-1013.6062839629378
-936.9540364512065
-971.0163998170859
-927.2283924769778
-1024.074108049708
-914.4267312108386
-963.1276993729009
-997.4700073843826
-932.9161762540477
-893.3804531435426
-1032.3902109928263
-1003.9367496205463
-1019.7887454944406
-878.2882158699779
-1004.1732365920147
-961.9256982931616
-1033.4871380220359
-912.5096797836712
-881.133096654813
-964.4647702087412
-982.4367379512912
-1084.2936576227842
-947.8064224958293
-948.0861047420995
-882.5757860243056
-984.5575379538061
-1028.05928009959
-930.9933042643537
-992.3705944170462
-1008.696454363375
-967.4980129025635
-978.8431969871857
-976.0916974925908
-997.5072789561711
-924.2411137588294
-1030.9066113420322
-928.0398734884751
-978.682408713564
-1006.3386810052798
-943.9695074633643
-1023.7136818518027
-1035.485831053234
-992.0557291324424
-930.699925887953
-895.0228615492343
-1139.2082720242297
-948.5693287391798
-966.5676502728745
-857.7661915986802
-1016.6149073649975
-957.568823374746
-992.1005533432015
-1023.6934864496648
-1005.360754907446
-971.483715290803
-1008.1324640715156
-1024.3956383355546
-1010.3435560805103
-1009.3116481118136
-991.813761930416
-950.0260747595481
-989.0252765827128
-1116.2091195804471
-1050.9680311700388
-914.947877057722
-1078.0351942799227
-1009.575031441369
-916.8576255232439
-1108.1543861649604
-997.7852498401588
-1079.6510579522546
-1000.653859014528
-993.8355586112328
-1039.021711789554
-922.283107575807
-1010.9153829996869
-992.5555143530601
-920.3346207819728
-947.9073064518988
-1072.9180427824278
-968.599283388474
-957.1315121794188
-991.0536909668751
-926.3316295292136
-958.2504722945923
-974.5149134406945
-991.5137244863255
-972.1972904721176
-948.2777912288523
-1048.1118856204337
-957.0914173509909
-950.7459814248733
-964.1279512021307
-852.2356713528337
-922.1478211764377
-994.3477801891302
-956.148682478828
-1014.0572926039175
-925.0264798749208
-938.7426944318071
-1294.2431143945496
-1047.9612645519064
-885.4216310312438
-961.4440187427537
-1001.577031333781
-1022.5510287377066
-896.640076252361
-979.4218872229901
-878.6493760059358
-1017.5333805324201
-932.9951311859554
-1119.4516695424638
-1007.6947424877142
-1017.4542011455324
-991.1730284322464
-1013.9815796360629
-850.5923865682648
-1000.6424067527901
-979.1315053374702
-929.6633398937
-927.6632923331897
-911.5675379937693
-995.3655763746037
-915.5109436938636
-1155.9894019905557
-1102.146982343025
-1071.3269391432625
-1035.401528640056
-1082.01100127663
-958.3903773688616
-1044.0098379726649
-1065.0033582585572
-962.7966452437215
-1228.5735168467575
-988.6969958833942
-932.4633598395634
-986.0799935344158
-997.8432077885751
-984.0368599083363
-940.4329265526762
-1090.1428714312597
-1054.119898500982
-873.7417991226788
-1107.1972828129644
-883.8957848619295
-1020.2943062231789
-957.0148408121528
-1015.1501751101969
-982.899163751319
-903.4373901245426
-891.2218063764435
-1011.5546398625323
-1127.9464494911556
-1053.6043523301917
-1043.1154010730038
-986.9378297885542
-1000.2293844499603
-1054.6652640716377
-1020.5205195289316
-934.6283148333183
-994.5859431477473
-964.0885190230551
-967.4553305009006
-879.9765623925263
-888.0289616698511
-959.9868950641934
-1058.1058736446546
-1019.3439155853066
-960.9509398925109
-974.2061507508381
-950.3880794884144
-980.4624518627107
-1016.7353088741886
-963.5797175650864
-951.1016991387426
-945.3512912670324
-986.2416351269353
-958.325844269234
-1018.8607943231495
-913.1873684661501
-1077.4061047876005
-1073.9485898038765
-1009.7753266103027
-1018.1324203213217
-1008.9980351770339
-919.8243018489246
-972.3331974674401
-981.3967355364416
-1069.1092715929296
-956.43289418935
-983.8451682562221
-920.0354678651369
-1003.7008081680001
-993.4401495232242
-1089.7535585360504
-979.1156442458871
-1024.526531148097
-1075.4844386506893
-962.9282327603192
-933.3420964456077
-892.0377861295543
-1085.813631735281
-857.619662055119
-914.3430286733854
-948.9994049246905
-886.283679070927
-987.8299973227544
-1030.4591405593806
-955.5408408277756
-959.7085639900347
-1015.6565501173276
-1089.5787026305197
-1017.6481567191651
-1120.780998856696
-978.3066319665387
-888.5463235677114
-1016.4130501100451
-1005.0984060215378
-1068.5737257934406
-925.1427787211442
-962.3608378497622
-914.9019117697134
-996.6233171159926
-974.4558970946562
-1006.6952891428288
-1028.0071677231915
-971.2174147623188
-946.0764151770793
-948.5086547336066
-1096.620390315646
-1008.272546000074
-938.6907953714046
-885.6991468842557
-1251.2221641586732
-995.0613006911626
-953.0613296186164
-955.8587949271556
-963.342124133168
-1040.4530605873706
-849.0023197872046
-1003.6410668099315
-954.9026352011017
-1060.7328605440455
-919.204034268814
-829.1100030948786
-948.1071752961188
-871.0430181776123
-953.7754842400749
-949.3961162607121
-970.3364570826526
-885.2738679166794
-1152.0015653916623
-1031.470358381522
-1003.806388140857
-970.4728953316264
-924.4104413506745
-925.7227706801988
-961.9869445889691
-928.2728730162926
-905.0248593612514
-1019.4386464877821
-962.5227304304818
-971.2839567571114
-940.3797746931959
-1011.29518396103
-970.0316179564975
-1006.8020779926205
-1112.9334757982651
-961.7695376020918
-988.9282516598931
-940.1801755752705
-995.5721698761513
-1078.7419462039625
-912.5790666736774
-935.5715892744568
-1013.058719361753
-922.3387627575871
-1040.141504787026
-1115.4885802962206
-891.8124241409815
-996.116661769451
-1039.6647926182125
-1044.7149574879313
-965.9675067302055
-931.487234701836
-927.5685274754956
-973.5384886469727
-970.6728523303555
-844.777910803857
-930.5478436428835
-955.7851326335262
-1033.5117365457588
-981.6344086170652
-1049.2064753242714
-920.2031165016133
-1012.202395477607
-924.6749220435687
-956.8463310101665
-1045.08715471871
-1063.5098734171163
-911.7523088862429
-936.5354876539784
-993.3876864311228
-1016.7274120135423
-860.6957651896863
-922.3389013051849
-935.836609443735
-1065.9459823953912
-902.4946143327965
-895.9787862854143
-866.9445744665765
-1044.6104020022037
-993.086212508452
-945.1585053044524
-964.72885824651
-974.4236445362862
-1084.1099081966743
-977.5348547649709
-905.3265178506302
-1009.6735885147617
-878.1663075651023
-995.283256813399
-862.8274893265241
-889.4372973600142
-1040.9392764082347
-1022.4630853668924
-1199.1217328911812
-1032.4419971794587
-958.6474106168632
-901.0685874253178
-959.8320078138386
-1055.43521788149
-1011.1854788278865
-1012.6923465355037
-882.9118074416806
-952.2293327027929
-1037.9465843882335
-975.6662890442482
-952.6710405527923
-1030.6507909102165
-1124.2943348959363
-1001.2052892758969
-961.306497158589
-1025.4358906524117
-961.0260574771048
-928.9458844100959
-1034.260279938414
-927.627139530802
-1002.6361383560863
-866.7195316308491
-1027.6426059423957
-981.5405915368917
-989.7663421493298
-989.3132865479822
-928.3755119921232
-995.4109714831768
-929.0850328687659
-849.7584946359932
-990.3277922397184
-917.742935628406
-1068.2390924550525
-1003.1295008498998
-969.552010510864
-869.1542377942897
-979.4526236586509
-935.3748752211269
-1003.7139496369606
-943.7169275051538
-1036.8380255434117
-987.9823511561941
-989.112277870634
-924.9015184319574
-972.5590764573747
-940.674790265904
-928.2221528733735
-901.2585267822985
-975.7892393596137
-933.1574871811558
-1017.0655923413043
-969.6863922824834
-990.7599030227476
-1118.970423367344
-908.3426020238546
-937.4507720427696
-1102.6502295460266
-969.3145755066537
-962.6849499122026
-987.1423398663795
-958.1884987224624
-1018.130564157704
-973.8788837574855
-1012.4104413097999
-932.7988486986358
-1037.6877830604665
-957.1212629957581
-1015.4266388513291
-972.9992323802937
-1007.5901874913836
-999.7489462458046
-914.7334646455225
-968.790849160183
-1043.0895171661107
-976.922069862736
-898.788394957893
-916.5236889388239
-1002.421426143883
-1147.8266671905342
-1036.1900583695049
-1055.665438575893
-1061.649479820919
-936.2156335086645
-1006.1178536437473
-1013.410544197007
-953.3994537792112
-900.3466734804872
-926.7776477295699
-897.2023295306677
-965.9115663445834
-1085.4513858878279
-896.0625357633497
-1101.8523259915337
-1050.2824295520952
-958.038351488864
-963.5407921736519
-907.9576063092305
-1022.2722412815102
-1015.177491274177
-1057.7958593984615
-896.8623601774844
-869.4698251913509
-924.2333775236601
-929.5023962845123
-936.7795361512867
-995.2317627125021
-1040.840656883545
-882.2728950964392
-970.5803729769104
-965.0209122156832
-1007.1063341556247
-918.7656858185974
-1009.1672716339568
-918.2777276474883
-1044.9011200107898
-1038.1767903329367
-993.9290815549981
-956.9053692900463
-981.1141901857508
-924.0512705659278
-922.8421519573108
-986.2368771880759
-845.1863939387064
-1025.0754904626294
-993.5738869108214
-1031.7366414262776
-951.2893051329759
-996.0260395964854
-1024.4871956971886
-923.2892836177391
-918.0277640368237
-944.0226420402767
-1031.17676518484
-969.8719637277551
-914.8084065953434
-1050.7741399409674
-1119.5656056860003
-972.6915194320889
-911.6349851963162
-1064.588670145591
-1056.8919714635033
-947.4803665257307
-912.6551034423404
-957.1043064504778
-978.8152166281161
-891.7915004488888
-993.15275652784
-982.4603831331617
-1021.7726973998865
-1000.7341573301519
-815.9995070186113
-915.9152142876719
-1018.6403578145815
-983.1412158673389
-975.8469200781843
-991.4853977526896
-942.4938746172653
-841.0224503601166
-908.4212712696267
-1013.6857110378235
-975.0050455589208
-837.1915057272506
-1016.2571830498572
-841.3804336998259
-900.1590037655521
-870.620631676605
-1090.573438988656
-979.5710487054401
-1016.9197315172671
-885.5610007432035
-873.875963254257
-1057.0506767408276
-857.1281503807279
-917.165155057981
-952.1948671464938
-930.8086777049616
-1015.3856498145585
-891.1337385045127
-863.7828877100184
-952.3159027940898
-948.3569537465733
-975.6186453955377
-1021.4822480117737
-921.0806969191613
-925.5800534044854
-997.0326143190323
-899.9250453825593
-1124.9714714878326
-847.5074337365301
-1050.4650067594605
-987.789442917928
-1004.0515429136041
-962.3373286617468
-949.40897671363
-961.966841142568
-936.4964636545336
-1034.6214721957817
-892.9030565668128
-975.209363769481
-953.9081906954891
-984.099330479011
-955.5960003793031
-972.6642760430625
-994.3019049449433
-1060.6313058762262
-963.2214528301238
-1076.0881499959867
-1000.2253488790436
-1006.8406229624379
-1009.9758411678876
-999.9398134260057
-968.1462767196933
-988.9030158116715
-1014.6942677409392
-1014.3849652401711
-905.8375180803986
-971.9763539118111
-1193.3640241210646
-1099.8188695596396
-1002.2385942477212
-1030.3333030074778
-974.4691082195457
-908.0403980688335
-906.9737442344929
-961.0894087124839
-905.3460484336314
-966.8206813271739
-1049.1044042239057
-1001.8302556184522
-1009.8423438621107
-951.6175529386801
-1009.9253881561524
-1030.943469927832
-1047.406935904653
-907.6970380741162
-957.7001062012167
-1060.823969773919
-1032.4336230724266
-953.8047037278906
-1024.1425671584523
-1045.1128038095892
-1009.5089992041304
-918.4419292643192
-977.2517874511019
-924.7803292157804
-943.421809713062
-909.3641126490837
-953.8238143817672

