-2531.0222861965067
-2316.6837297071716
-2465.0593366964463
-2656.802121273869
-2016.7575720643051
-2417.2677854908734
-1900.7800980232128
-3022.7433197912924
-1600.3523111260977
-3624.586216739486
-3764.9662972495403
-1414.249164016519
-1242.03409815555
-1550.5922618444984
-1140.9259623105656
-1313.766394409514
-1208.3939589326199
-1522.0957077623677
-1439.0207653448686
-1314.5672543248834
-1387.265844850753
-1443.3236826088032
-1382.1420926092694
-1581.3889216324087
-1350.7984108253684
-1382.0321355415508
-1064.8499445147643
-1350.3012750950852
-1474.5531062971506
-1382.273796792716
-1232.231496829211
-1654.5875825718213
-1142.2693131371707
-1333.8998391474272
-1229.637311272999
-1371.2564084159014
-1341.0425290256703
-1325.1020090429265
-1142.2151457673606
-1218.259924235363
-1202.960894945171
-1371.7356810292251
-1253.2593670551107
-1300.2186891654987
-1200.1031698949478
-1253.3232125271957
-1126.2686983186998
-1007.1323195133691
-1050.5297676264715
-1341.5019707439087
-1083.7591690625297
-1052.3179599868106
-1390.6292417511422
-1259.3042689665901
-1120.5314796810783
-1090.7884797982783
-1192.119689510746
-1157.796266770928
-1360.1167284184378
-1241.9860573770623
-1175.4749671497061
-1092.4935158503492
-931.4001060251326
-1249.4899841080935
-1046.5089428196763
-1082.6971957743622
-1193.2311758074827
-1119.0381235714465
-1017.8970139834357
-1155.2742735898253
-980.7960821249115
-1126.7695113967823
-1082.995650749194
-1210.5213696441924
-1225.8958753476825
-1185.3208030277347
-1199.3956634899464
-1097.4419693424652
-1203.366992487746
-1201.2801419607144
-1071.411168079304
-970.9248602332476
-1081.2307646014522
-1171.3495259459676
-1262.576357910599
-1129.7568271616904
-969.1182689357544
-1145.6025055337966
-1086.9620768589384
-1154.1207210470284
-1013.4160559650707
-982.7774026213384
-1116.3614820728142
-1125.450503350692
-1025.8870781821315
-1120.1123893566196
-1013.4101498717151
-1030.9006972929221
-1019.9280647761493
-1057.7089711041579
-1106.6091456203699
-1060.1067257142245
-1121.4604039577243
-1026.6336929277024
-1108.3602538327386
-989.885648905479
-1049.2312973573794
-1034.2163271245872
-1252.5657291710797
-1026.0839336455188
-1169.302890901193
-1055.4546500156698
-1053.7270988255661
-1185.1355721656057
-1182.3408746519447
-1151.8677709348503
-1238.8728135338108
-1222.3289553909826
-1063.160333137434
-1013.2698487895289
-973.7071737650374
-1229.7035659344024
-1175.6830496191628
-1116.8286562662026
-1183.6194130299332
-1175.5010729264288
-1083.8873952647168
-1070.603804258316
-1114.5617122138256
-1150.086291986157
-1225.4008165469793
-1129.400995285232
-1196.9646357937543
-1122.4437062176391
-1035.6911576472814
-979.5600245575944
-1029.5761508633097
-1035.6169550576856
-987.765881821029
-1120.0131093303266
-1089.0968864712715
-1015.8368352393693
-1115.1593649158092
-1104.9655706901885
-1088.8948072306355
-1184.6536766677748
-984.4226242002688
-1153.8856035081167
-1155.7598972048847
-1259.5688387271455
-1089.0556782117849
-1159.662949699497
-1192.3640905624716
-973.6694578148682
-1100.9470872186062
-1059.0747695510654
-1227.8822878665826
-1116.1888494594346
-1017.2606380204099
-1023.7381135134419
-1018.6786102520937
-1306.7087256468226
-979.811035514212
-1291.6144464652295
-1166.6551616663712
-1032.5185428937432
-1282.413426161635
-1022.0484592580324
-1351.0238075924115
-1070.1335141065667
-1182.2850752539598
-1053.5998235051175
-1087.0394629687241
-1093.9474327990401
-1091.8354161946957
-1034.4171043554134
-1164.5651782098073
-1049.3071922155464
-990.0800650440605
-1037.7099104404967
-1014.1531058665161
-1021.391929552344
-1046.3990139001
-1068.9202914380862
-1116.343326603102
-1089.8998676279393
-1064.307280807797
-1048.6277137284953
-932.6649773428088
-1044.6333469268916
-1088.088294553181
-1122.8015326045988
-1331.651510082093
-1098.014599210729
-1023.7936626554623
-1134.287587423713
-1061.1202910744755
-1037.483159310253
-1216.1985921855821
-988.8367052651107
-981.085478072779
-1344.1150743476
-1113.6053165515264
-1033.0922402044887
-1011.4353237533518
-1042.4861247609351
-1066.2571491891
-1343.36835984296
-914.3159919570719
-1014.5696319179426
-983.5552370358081
-1079.001938463467
-1227.902484986659
-1144.7922593877834
-988.6332667472641
-1121.3667273304054
-1017.5721448548167
-1118.6735859171933
-966.2310077813668
-1047.9443636730653
-1053.147774909292
-1040.6233491098642
-1291.2391635161553
-1026.9686798361383
-1034.1429664059015
-1288.525164483274
-1067.7550729128463
-1126.4027614664024
-982.1116757372439
-1027.5302578337364
-939.95980478875
-1120.82856033037
-1053.1504068923605
-1114.5764482155678
-1156.692252579266
-1106.111302190038
-1028.1385533744565
-1078.2044221166093
-1342.687017376966
-1081.9570017559072
-1073.5713158715755
-1140.2089387768376
-968.58265968941
-1030.9908836659265
-989.2663522766081
-982.8729657874358
-1193.4448366193567
-1063.5876235202004
-1077.5824579296009
-976.5861486054623
-1145.3067623123627
-1094.302548897784
-951.6947683416735
-1153.0040663588752
-928.3663797594637
-999.5921592729283
-1077.855730023204
-1134.3540858708689
-1069.178009198284
-1042.7867016667892
-1051.2319345343267
-1169.9669709473017
-1077.5791094216468
-1065.5817891487693
-1042.8237179557327
-1075.7480508633564
-1185.4900909881574
-1026.5829338120586
-1008.8276330145678
-1071.1255595189787
-952.2999003939509
-1054.0347411648186
-1110.5299551011383
-1287.4079042598805
-1148.7710987041562
-1084.1991493082182
-1100.9420258321472
-1202.5603561382557
-964.2426699857803
-1043.363556641312
-997.222399541755
-1043.9096580648993
-973.476910055972
-1143.0541376771587
-1057.5155685451023
-1127.89801407973
-1002.6465978013018
-963.0857332710118
-1078.4842609423763
-1080.6950472916153
-950.3918640091347
-1051.7704789360664
-956.9437424428418
-946.758285407993
-971.6707513923704
-1024.7678252433075
-1131.1936099614381
-988.5722581507898
-923.7413767561711
-1031.4125767460594
-973.9682977116463
-1020.9312650015403
-1037.0500482494385
-1012.054409623301
-1044.508789301889
-999.8238172113162
-979.8483610255141
-1119.4235449940918
-1136.307778475888
-1229.2003191662188
-1135.9577386704184
-987.9360022129026
-1132.4259301364038
-1111.5398686198464
-1035.5306844111901
-992.9337860063142
-1086.044878136666
-1087.0804709508143
-1022.9302931145146
-986.808343685932
-1165.2397409777457
-981.8057841284335
-1079.8582100812084
-1046.7286996289574
-979.1159449316557
-1015.0188682501044
-1017.7887905517915
-1033.6434581063386
-1197.6191740758914
-1238.0798509563872
-1112.8103205236996
-1003.2188728576335
-915.0077464092993
-1070.880738716378
-1131.3859122949168
-1128.1777548261553
-1105.2834861437586
-1068.519115306413
-1076.4631386457697
-1187.5502204673617
-990.2822304933037
-955.7530195894024
-1046.6113690548768
-1225.866801564404
-1034.6142292780628
-1019.79651718902
-1093.532888225186
-1065.4574821503234
-1000.0437875881676
-1061.9530088048948
-1058.7709169017212
-1043.2367247516938
-1047.3320226831736
-1101.6072448418588
-1110.1152668392463
-1064.4425218529777
-1159.456545405245
-1090.721595345885
-1110.0830367359156
-1180.3051175994563
-1022.5821041514861
-1198.0750057389578
-1089.7690540835522
-904.2453493699412
-1198.5904118321478
-1140.0297907764916
-1177.4974731739508
-1053.1884680892572
-1176.887575582453
-1145.7982158101574
-1227.992199379587
-1013.7009482757272
-1146.302862590255
-1167.1022615930917
-1045.97437451794
-1010.3041052911328
-1149.8299429644449
-1107.7628483341273
-1137.6402976971076
-965.8480298187066
-943.0215899747637
-1109.1411022170967
-1034.3564772356835
-1056.0354631445543
-978.5352062722409
-988.1677254367869
-1112.5601597398718
-1022.4879045350441
-960.2002553314293
-1167.7423816328364
-1024.9126328427299
-1159.8536401406168
-1045.100763082815
-1070.7570245664988
-1182.3464776764233
-1004.0083486358346
-1211.4738569796218
-1066.8056973895364
-1151.573093866242
-1085.501826066725
-1100.6314380273714
-1111.3640054066389
-1035.1858507935592
-1084.1997617160753
-1031.562890785626
-1002.378891803931
-1051.5419594832426
-1035.4577657769635
-1091.3787958576338
-950.3702439800167
-955.4624023864149
-959.4187834549101
-1026.8007897232806
-1070.0133346221667
-1010.1907698221764
-927.1742035098553
-961.7618209825811
-946.6640404878797
-1008.5162245480165
-1121.0269813938503
-1011.3952165640878
-952.4081030688288
-1046.7342998562403
-975.1436776131803
-1114.686539106859
-1071.4330219707515
-1126.38788877524
-1120.603479328699
-1192.5221999404478
-940.5985126068656
-976.0430171845101
-1035.8327338832416
-1182.4439323353263
-996.2279792213676
-904.9093145344316
-990.051126030695
-1048.2680732212607
-911.4629724004765
-1061.0103556151773
-973.5077083476823
-1204.5846490034376
-1012.1800623832344
-1064.6995582368193
-1126.383669338032
-1146.6214431890323
-993.0719421183657
-1125.8646935926204
-1007.8492176622533
-949.4015726510859
-963.2752657862616
-1030.845653786955
-1120.6964319349015
-905.208044479712
-994.3831163085409
-1144.944590473171
-1042.448030595985
-1018.4391972186891
-1164.764751823181
-1060.1918133573095
-1084.7837937644756
-1094.9228018919569
-1033.8264125607307
-1094.3187306332827
-980.6244216050081
-979.3041673859434
-1034.6341388872056
-1037.3085811635374
-894.8535607613239
-1129.264506669127
-961.924211170818
-898.8441380245845
-999.7055484407806
-1020.0255659193137
-1071.4255618674904
-1116.2992431965379
-1056.624222178473
-1116.3299767258864
-1182.594920148615
-1004.8064342965731
-1133.2457309148278
-970.8175402176238
-1127.8016841358613
-1089.933986278569
-1038.8307323064107
-1022.9406205050864
-931.3800445334093
-874.5525273719506
-1043.0579652870194
-1133.8367470619808
-979.0755479944811
-1025.813168462603
-1068.9383239813376
-990.6471867923528
-1002.709104333363
-1026.5126935047786
-935.5160236889228
-990.5904089635568
-1021.8844470043018
-1067.7963641780566
-1057.7164307679343
-985.4277131151719
-965.1034543549333
-1021.0035599177284
-1041.06212729687
-1061.0881402861714
-919.7641970417384
-1188.1922974515323
-1160.8570288387093
-1028.1828366891373
-1042.1125790981716
-987.4864983817577
-937.5595816889697
-911.9213937506993
-925.6415223483672
-1011.470857691784
-935.6873025143966
-966.6534979861347
-946.2564370318387
-1102.3161958334686
-1082.6006768927903
-1032.147264950271
-1091.248757274948
-964.6344315274836
-1050.6798656127814
-957.351076486842
-968.5555571006889
-1046.8552010033309
-1064.5415867279057
-972.0132943792183
-893.8648397624352
-1051.702057487147
-963.696079662745
-1047.5414610786283
-1058.2384923024465
-1020.1923468741076
-970.9325610726013
-985.5138917466393
-853.8406661968022
-946.2976766394991
-1049.7551777832628
-1077.526631970875
-1025.7740846980407
-854.2094550458664
-944.3064081061825
-1031.3359925434756
-1039.7468926618365
-1043.7854825341208
-970.7765496905902
-962.1018802330531
-955.8751322101261
-950.9449238613025
-1006.2454920238034
-1009.8162602298187
-932.4575310240302
-1035.011548341026
-1004.6207916143275
-1068.652200980809
-1100.3416304075029
-1035.0670927372175
-1076.9335268072946
-963.479458832526
-1008.8523026707849
-1075.6477005841105
-1100.5571990225847
-1035.0721791706694
-1068.8611725781086
-1073.7083024765807
-984.7807628905143
-926.7359076186845
-1043.6728065948698
-1032.2109943802202
-925.1181629801035
-947.8603223145079
-981.9821393202282
-982.0345277405384
-984.0580086178093
-1126.8785644231768
-1007.989517757818
-1051.4082363891853
-996.3803607160495
-966.8220255999357
-938.1686364432113
-920.6520892150531
-997.4155537972274
-1043.9954413786459
-1001.7813300727685
-1100.0820679018443
-1044.1794371023966
-1022.6056186331913
-977.0214385620131
-999.5457369887744
-991.2990793912419
-861.5795985513919
-1090.58919828222
-1024.4439095558985
-1008.9382368605757
-935.8809392523775
-1094.1042887210479
-936.9028378406684
-1030.4638691035575
-1105.7510251670053
-1196.3179840987427
-987.3196403199503
-1052.6916925917408
-917.2712221214518
-987.2332949750743
-1002.9756498518913
-991.1238183950067
-1004.1679559130239
-1103.208074077921
-1016.9604684345942
-910.7719346479643
-1045.167317569613
-1053.364201436788
-930.0450652221298
-1052.1800486952059
-975.8973208057577
-917.5628011256133
-939.6796762614807
-1025.8144722323852
-1015.5767780602388
-1025.6337057031021
-987.2683094109512
-1061.032114912316
-1000.0604533901169
-920.2765540802528
-1012.8453844903677
-994.764225786601
-966.4274422499029
-1073.4017525901468
-889.8491425570214
-1076.3773230406232
-1040.2786096372085
-1053.695811739898
-946.575436812482
-1007.5967759157359
-1201.838430844395
-1020.1115113091637
-1022.3337394324535
-1136.925419265236
-1007.6817985788516
-930.6467589321367
-978.6338622061114
-986.5326222805509
-1081.68744563584
-967.0815928579185
-918.0878321882695
-944.2799561307388
-921.3163880528127
-892.7823797468651
-929.6113276298496
-1005.0829197530535
-1054.1363095699062
-1018.930610552578
-975.3267529077548
-966.8811576191522
-984.8400282080684
-957.9864961665363
-1029.3278604235945
-1088.0791076788419
-993.7945416780493
-1110.6360065339916
-913.5302539136825
-999.4862074180553
-1120.2471663589995
-910.9647163796777
-966.1295476278395
-1050.742709965084
-977.2125430119135
-973.486890187731
-980.5006423275208
-920.8808093412132
-1095.8381746163461
-959.8293223108336
-998.845363445203
-986.2302726959235
-930.379882513758
-882.7139795983129
-974.7196900502361
-923.8594998554205
-942.4091563140221
-1035.8922625711796
-920.2684242336331
-1129.1857852742876
-1006.3895979024426
-1043.283745470329
-1062.781986605154
-934.8227289372238
-993.6321864123081
-831.1782689379814
-904.5784540973398
-1082.0254380503911
-981.1266526675104
-983.8152308671347
-1028.1991512334673
-942.4787962671462
-1033.1465285985873
-964.2934278644135
-944.7723256098525
-978.7916456564312
-929.3101351193872
-951.1423289137097
-1007.7185622262018
-956.1294722757649
-931.2055590757063
-971.4407916157347
-1119.6365963517708
-1224.9931715719947
-1004.110179739743
-1018.5872574489331
-979.0593106408658
-975.2520045456705
-1080.5954824556527
-997.7989034573292
-1050.3073217882425
-987.761451829397
-1027.9698209305186
-899.0299040785031
-899.1187088068108
-981.7879792544556
-1076.8135326732768
-1034.3024434514507
-1121.1682697230615
-1030.9348803094
-1036.8686111056788
-1091.7486086778258
-995.4930703438397
-911.7838967302937
-1114.8842817768007
-999.2848122864696
-827.7828505484013
-933.2778296532902
-1034.1998404987999
-1041.3724296182245
-966.01654576296
-908.314799258931
-955.2081354078394
-1078.1935650792238
-959.3817831721143
-963.8882223234446
-926.2638444085347
-913.6948499597682
-1081.0692781461842
-1008.110863438711
-915.1549208398659
-1046.2850845669454
-1065.352155086567
-949.6664684221176
-926.1947553393416
-1024.5186492855128
-1017.1441613532063
-1020.8959225091809
-1083.0901422765776
-1183.9780578012865
-953.4492808181263
-820.0414105802391
-1028.8014323194468
-918.0480110961925
-996.3454208672356
-1055.4167344296422
-972.9113481952285
-1089.4215396191894
-968.1408970399973
-1006.3620291421628
-1015.2813723755429
-1151.9611787503916
-934.7308511819865
-947.061881808806
-1011.7375436554909
-892.4715412653608
-925.1063035352523
-1088.097425099448
-1120.0872881622388
-898.1319082189974
-1038.102943418746
-982.1231334850509
-1101.6070231450153
-1015.2564063369355
-1054.8219726286213
-964.9130426448351
-921.7619995681233
-978.3462249254221
-913.3599828952189
-935.482474048679
-890.0494646508645
-992.4711849126776
-927.8137696104338
-814.7360892019424
-1011.984090949451
-1001.176892026862
-1076.1609824450275
-1018.7119378896984
-993.4620602653287
-1025.7015849376555
-1046.4834234173702
-927.5114804347137
-1066.9235381678266
-973.7468885287016
-977.7692820035453
-883.5964972099409
-1092.4647428363783
-1028.4947080008083
-1107.6455550234484
-1031.7371875431754
-1125.1456804008455
-994.6069430616171
-1035.178279261427
-922.6075472871526
-955.6552641522537
-977.8528379052477
-1028.8585170479682
-1092.86383079992
-1096.940431840739
-1057.289045458241
-975.2081151126979
-1096.1324336312148
-912.5146761682827
-1012.682215353188
-988.2780738220799
-943.3621779989129
-1046.8413779701286
-1056.8916251461123
-987.3290661227763
-1081.671026120377
-1012.8454668914078
-1039.104919891263
-1120.0877442634296
-998.11166053842
-1005.4965484906729
-1032.7185050193518
-981.3902978592214
-1029.1917667673797
-1091.3810844162956
-1006.3164784964488
-1028.5327032659818
-1014.0119804607211
-982.5066487589748
-967.9903344397993
-1010.2714692136558
-849.0136999683338
-921.1992265438521
-979.4786396327809
-1058.3644336466234
-933.4681760771632
-1148.2431227968511
-1003.8730950132269
-967.3532871818754
-1029.9625732999327
-994.8129283848373
-995.8088733274021
-882.0471927507667
-994.5904847707156
-1089.6412715367157
-996.2948382901881
-1046.2841502930044
-1070.7185521171739
-961.9101559656498
-971.4709701321701
-1039.4681203196835
-897.0440856855948
-1034.5318459252146
-1017.9926525080637
-1110.1928687842694
-988.3485674888581
-973.790620751865
-931.5013327374428
-1214.9933427321648
-978.0406620261476
-952.8470223414491
-1113.7621716641108
-934.2344653389941
-997.9282598377523
-1081.5531477326545
-916.6896775746268
-961.3068135573967
-994.9381624302815
-980.2399705064681
-1012.9188383787794
-998.6812949294498
-1060.2083629043518
-965.8458064956025
-1016.2365932405139
-1007.7743660774554
-1029.2038326880713
-1057.9607769353167
-874.8967591101314
-935.8471056174749
-913.1870627404993
-921.9948179594979
-955.3525984652814
-958.4487965172405
-907.3702515018758
-975.5218530928943
-1028.613161904466
-1070.4781041494675
-997.2372070701781
-924.5576993066586
-1043.5551623231127
-967.517412209317
-1009.5006308299689
-1067.1524689155563
-1049.107077908748
-952.6631147087309
-1104.0719454574346
-1079.3608660127422
-903.9970273906312
-1000.7640686289743
-988.4687444857659
-977.5667315899526
-880.7095089378488
-939.9250920626796
-978.2762706054539
-939.4106955793352
-931.4286205472696
-994.0908777123166
-1008.4294764189856
-933.2167257331913
-1018.9193246791466
-1086.8128909425848
-1020.5889115686009
-1081.092306706229
-1067.2465224103807
-889.4649217329928
-1151.0025127994036
-1023.6872370081328
-968.1098094791549
-973.6172684138353
-1068.1908578269915
-1056.6281308923953
-882.6062034263317
-911.0136915389293
-996.5510384491838
-893.3614057882
-1062.761150141786
-906.211604620271
-934.0878495747768
-1084.9648842008469
-992.851175191394
-1072.9715671061783
-1054.8587753344584
-1072.6543491774146
-891.2499156639847
-892.4439702461709
-990.111387010437
-1006.5993126648101
-1053.6753936709642
-1001.3191910448575
-865.513268366462
-861.1693528596659
-941.8114638093385
-945.9607330791914
-870.9739670006851
-902.6584452034134
-922.4535502158872
-947.6961990913343
-1011.9736360067321
-1051.1572051189187
-1036.8037152808633
-1001.7130177278373
-1083.260105003707
-958.3602161522333
-1096.2044922500263
-1008.633980922214
-997.7906116215916
-975.0249499947107
-1080.5040296718844
-1011.097969218218
-1023.913443026501
-856.7090434899387
-894.3809907189199
-1123.1096534939004
-977.3520522132552
-979.9661166104167
-976.0565501630158
-943.3172501506564
-1105.4609746888589
-966.1991988536208
-905.8149391207745
-917.5282211970967
-892.0077325810847
-969.1615415410591
-952.4173675227835
-1007.1176786764781
-955.4157749964681
-1006.8918567648356
-1028.5406489458564
-946.213691570619
-988.612283011345
-963.1529020110911
-961.7601648965792
-1032.4297361881756
-979.4344397620368
-1172.2108594766526
-974.8090997497397
-924.7273616092594
-985.0697001752313
-1060.5504794313708
-1026.8521105407037
-891.7257389459271
-961.2017051740248
-999.6376959327581
-1058.9587916770747
-1031.223349879525
-958.7989325991982
-982.5749947582035
-974.1350426888744
-969.3640923149875
-958.2638506534288
-988.3906239073898
-954.251712151157
-950.0322204023823
-1003.3677854516708
-806.2080205912873
-911.8720137641956
-1009.5900697785937
-1107.4823003214008
-882.0776904990377
-963.8816876354447
-930.2519439766186
-928.2514530609265
-1053.5198973284196
-1010.4942392174156
-909.6667761207102
-1044.828970410504
-1047.000011981772
-959.1622642895646
-975.7321357125168
-1104.8452884729793
-1013.1777614524973
-979.9695209499037
-1026.1394397945462
-1059.8032189175735
-944.6243002116821
-961.6356601325812
-1079.012092609074
-966.1490143094269
-1060.7480735745505
-949.0622610242854
-908.7023707400065
-877.9111989838258
-986.996287884197
-860.3658938817966
-1005.9502448307182
-944.9136750155861
-994.3749837089656
-1031.3024859223576
-989.8207259487978
-938.8071215012415
-981.49335460197
-996.4985237671697
-1050.3035557608262
-1091.61877737627
-1120.0341170293977
-838.5592717127948
-968.0001525368888
-981.7052001958641
-928.4223441570498
-1017.7672495534919
-1031.3017044125045
-846.275998806973
-1079.1528701359484
-1007.5463272340119
-1031.8107392083837
-965.3522060114078
-1001.114249963839
-1048.3995550727202
-949.9479957505862
-992.4691607361477
-1012.544368919248
-1012.3862663588374
-1011.746316391371
-1083.0685811482927
-973.7451266032667
-997.2271740655412
-963.6590922982778
-1100.6063019611904
-1054.4867191764595
-979.8413580878016
-909.8743224424284
-930.3863736084239
-1030.676162543081
-1083.558759004548
-1005.5887178695673
-972.3760187552995
-954.3984648059895
-1040.5177598643652
-1034.3092190309956
-1120.6664909484468
-979.6661701470075
-928.6893336619002
-930.5966266777398
-954.9914855977636
-914.2697091829324
-1044.9532013668072
-934.4759123941421
-919.940916834752
-1057.631932029354
-938.7610885831368
-972.954980110305
-1006.2109050480054
-1032.2654840564635
-902.6899617344288
-865.4160763298786
-935.9879020075857
-934.1149079159484
-977.5314077284823
-1058.7362388481638
-982.1504392541269
-989.4336921808423
-972.3506791938772
-942.258798998281
-923.4148665907053
-974.1855774644043
-966.0089650307402
-1008.2958496816057
-993.2797459168614
-1087.535380385605
-977.1530581946632
-936.6418318717944
-944.5252459757477
-1010.4321589615423
-935.414620620804
-952.3427249171727
-1041.4859036570465
-938.3337118420912
-1031.4512859675892
-941.4759866098157
-978.5961367016134
-838.1286636342212
-971.2536780847314
-949.1933195091058
-852.7293043219165
-1014.43993040749
-1051.1512156549716
-986.7362964725493
-1018.308339169017
-924.9071153467241
-1043.526072002596
-984.5206514928581
-939.1491895585202
-942.8706422062884
-957.7520879351915
-863.8885258050306
-881.928202498858
-886.719553585064
-1000.8841975679414
-971.2860325714304
-878.79116427219
-850.3229769716755
-982.6314993661346
-966.7322151611235
-1135.481617330003
-918.5887867235624
-994.9318147868319
-985.107102851831
-1037.8710699150004
-985.2941094181642
-894.6530590003559
-993.2429433357103
-1003.4144457318168
-1013.4052025365481
-871.9444432576299
-1046.4482541462796
-978.175743407168
-1014.6755938414113
-1032.986871087039
-1070.2036835365902
-1029.9095714283158
-796.2162503961047
-951.2043242035775
-968.9786660442223
-986.4949843355936
-994.4039775401574
-1022.8307585643485
-1097.9078447125223
-930.310481303922
-1037.378385436047
-1007.4069447423375
-1013.7045489746705
-1108.9553217185505
-987.803195346621
-958.5899379108656
-935.4900904236629
-1029.541727734109
-964.9336577670099
-1031.699577836385
-1003.540219017517
-1004.0738637977499
-1046.854012565834
-989.4439143019486
-997.1808991798771
-1002.2804266816062
-908.2571387822773
-897.897196573559
-1034.8728850474058
-1049.0574368318078
-980.2348035268858
-929.2029738103063
-898.4138085559831
-1025.376367307969
-971.9062689673821
-918.037516044168
-924.7306863732829
-909.4724147874124
-1055.7237198323485
-929.1447668211202
-940.7380867815428
-1008.6570648241185
-1045.6883079963552
-940.413306999364
-1026.2156472404995
-912.8123313601856
-1065.0268132821673
-1033.3309114961935
-1031.843060923264
-1043.4329328336637
-935.5338215305165
-930.2484004531406
-1124.8435817023528
-917.1015055232428
-1050.2910604913932
-920.9896507383792
-928.0185174588526
-855.7807475945604
-1098.4907794130208
-954.0765205108441
-957.0158757824039
-985.3932234767793
-922.5122969958071
-1153.548841899506
-1176.472869775912
-904.5159766736606
-946.1518311949511
-903.9309368592933
-947.4929064399934
-957.825815231844
-1041.7732458324301
-906.1547832865233
-1012.2214286597247
-986.3741973650287
-893.5393967003371
-961.9641572916606
-972.0385868045837
-1095.4365262390868
-914.6937914917733
-990.9950027743714
-968.7144364375166
-1078.075771665175
-1052.9124667440963
-934.9079093169566
-903.3884104911884
-1071.6273907970244
-970.5476917826547
-985.2135222642073
-1077.982936289887
-970.055145749988
-951.017990839008
-913.2782862137491
-1047.2051365121592
-958.3777331181602
-922.334887727823
-943.7303618524145
-995.5149755198621
-961.2559712155455
-1047.1912082494891
-1031.3427786215007
-890.5477376748738
-1019.2660384447975
-928.0782043765217
-977.2831485409351
-985.4014040390373
-889.8655301078552
-1046.704726310461
-990.6496400543991
-987.0397354600198
-1047.8325215022066
-945.4752001153626
-959.7698413949643
-895.3173717410356
-947.5048078078598
-1095.4698609495795
-1025.8702366589578
-971.6326158491138
-1043.3240603905335
-935.6047556610104
-884.1178957051255
-884.6793109862541
-961.3808071489518
-958.6305838758675
-1171.761121726624
-991.1982477452588
-926.8888822508802
-917.4715019891092
-1077.9340529621104
-1024.2359023079728
-915.7306531984901
-1031.0511817881886
-1033.0777021729475
-932.0256733133497
-1022.6392864193417
-965.4183740968781
-925.2696801918896
-967.6350028192627
-1035.1950282238727
-1058.2178507585884
-959.4421343797319
-886.2096830380116
-920.2748730206647
-886.625257459541
-956.5756331583991
-918.9979677566799
-959.4587127203919
-941.4916918020932
-1008.9432005997821
-1025.6970903647546
-896.5334354376474
-967.6873425770978
-882.1916209050203
-998.8499273700809
-1082.651786413138
-1068.281872125196
-924.9494002467648
-1030.280137119543
-1031.6027006926913
-980.0859217210352
-1034.9033001653202
-1016.0937822283258
-984.3286376979754
-928.718589297539
-958.3034373730868
-982.5169126867522
-987.0819083505163
-857.5153937371929
-1009.3393745925633
-968.5029974306933
-960.8932091214746
-953.9582390952362
-928.73661724403
-853.4160019862074
-1020.5765935315148
-871.2755575721287
-933.3708345077569
-958.0708319575385
-1082.718518217466
-912.6493417976204
-943.1275614453933
-922.278354323922
-865.5580372054471
-958.3726122151157
-1012.1052562423472
-917.359631961644
-939.0433596152723
-1063.9353865667754
-1035.1031040436167
-1000.6931766058631
-898.9501826844161
-1024.4016182638738
-1052.1915552715398
-932.2067318568598
-983.2665485886639
-909.3373932685195
-1056.2099920534802
-991.772511504312
-1009.436677810355
-945.4538000127925
-903.3734004440344
-899.465807968512
-1041.5078428078534
-894.5050592870866
-1005.231647438934
-974.7609445528434
-903.1728777259076
-907.744832238548
-1075.3489059375727
-979.0846398715296
-1065.7073385640542
-1033.5926563749265
-1009.7080646654406
-1073.6321036876493
-1000.9262775803451
-913.1229191861577
-981.1854529476893
-895.7978283839557
-944.2812264491866
-973.7411867591218
-972.0896793391316
-1022.5448292371325
-982.1322812662377
-967.2148381063124
-956.8238850583155
-953.3615677053548
-1011.1635064774308
-1012.1044428521752
-1034.204209208664
-1008.0147953313957
-944.0445794180141
-1019.4480194022215
-1120.8142286537673
-914.378880080418
-912.0947204665554
-1085.559901011707
-962.4888925210513
-972.7313168527274
-958.5409518850166
-1131.9496758991536
-980.4234158095595
-1021.17181725634
-986.3243792186311
-896.0128639386947
-1189.6475557250878
-966.8184731652595
-950.536699512813
-998.0759923518474
-947.2288167092322
-1040.068024479106
-1039.6330414061447
-943.1943320079909
-998.6327409981202
-1036.4023931377508
-937.640034526603
-920.9984174634874
-1084.8091989590537
-904.6363254218164
-1067.6328691884087
-1053.9547221502419
-923.445684445541
-930.2929479642528
-980.3601957749521
-927.9656094493628
-965.2311230631253
-1000.0858424446952
-989.4178683940092
-854.8907044116908
-921.8569702835458
-963.4836128649524
-1107.1041133687152
-991.3350541651018
-1033.4923397761015
-957.6257298603633
-1053.9192417221282
-914.8225198645691
-919.975903643132
-983.4252840395591
-1084.057001640745
-922.554207685627
-923.0941270137389
-1003.2412794407904
-1057.5883413132085
-899.224397995266
-982.0644804200876
-934.4932822169009
-965.1432151091059
-1017.9205938608977
-1064.3523037631994
-980.3872225967173
-1020.9155011026633
-1005.0173170257867
-948.5802283106774
-1101.472377343005
-1088.7763344275643
-1084.5503704280038
-1152.369507915534
-888.9202172990786
-986.0803736751033
-1098.8523422525677
-1034.4482977042355
-1072.9705610466185
-960.9351534207345
-976.2297397968346
-989.6648262522286
-817.6327397047447
-1024.003528762609
-1013.4630505580114
-973.1258130941872
-948.6898135277108
-997.9515986990373
-1096.8933665493084
-1009.1361608591612
-1032.2943526067825
-924.9596150683506
-972.7704428913082
-980.0366550097773
-914.6072253687739
-999.7873898319214
-1015.6680866721607
-1110.7989798519623
-998.2288727045523
-886.0360143103933
-925.1967543573478
-1049.9205885840222
-1037.5846994227195
-982.1421789066845
-1100.4911508013247
-958.9215429945123
-1087.7377463394155
-954.3234315950174
-1068.8014886805065
-953.9358079679978
-1019.3871140500617
-992.8332760549471
-1017.0008651361005
-964.7162964344304
-932.7184433195014
-1000.1697844597047
-1057.2472593007278
-977.8560176584048
-1021.7462580321078
-883.7235799844703
-1036.1529899309546
-998.5817919268638
-926.9998672765197
-1015.5700901434259
-1020.7506877481452
-929.5211182801744
-919.106194635924
-1017.8850324942106
-862.7908529950706
-1118.324709220483
-1059.32791901529
-931.5072989174122
-917.6339659136189
-945.2387611069364
-996.5827482307013
-923.449170589908
-930.7186121041191
-917.1217786358347
-918.853628347429
-927.7176166178816
-817.4662275776722
-1025.1833021553523
-1014.4080683362317
-991.350621321583
-999.1902794239643
-934.1937140727626
-986.1043848288773
-915.7324835356665
-985.0811009568623
-901.5368628045081
-891.8725613096019
-890.6807553933936
-1025.0370540042525
-982.1023330043379
-972.2788146703183
-959.9970390627336
-975.6926177721599
-974.1329374885131
-969.6539611836063
-1042.7690500116448
-1050.7962126729497
-877.3015286322818
-976.376685999413
-978.5021632846914
-925.075786875484
-895.5256001035992
-993.9840983626999
-943.3139322849156
-1004.2416532232533
-931.0568944274931
-885.6391419514448
-986.4427037358874
-908.5733540990113
-1043.7632019262944
-830.8502239026257
-914.0359789519028
-925.1200823102627
-942.7740703439874
-1064.7121540117564
-1015.2506211377869
-911.9805157712025
-965.7342467155672
-971.931370333052
-994.2974251183285
-1025.751791121488
-821.3622870231061
-934.2781074518525
-1012.3823019123105
-977.8545085385789
-1002.6002152767576
-1134.2939600332859
-958.6675795604401
-939.5098872289044
-833.2221394484911
-936.236074389355
-1012.5323998382443
-999.0146133096281
-991.4419050618691
-1011.7392959661506
-1023.4047696905935
-906.8119473385856
-963.4720339513117
-1019.2703564248163
-849.9907509955264
-1006.1040329324114
-981.731736261271
-962.7172849581221
-983.50374259716
-901.8319229719389
-965.5501634576333
-979.6946568635336
-938.6135561601988
-1010.179293086262
-963.1667286724551
-937.5667615269355
-1000.6599612440335
-920.5054689574512
-1004.8735029142547
-1034.4060963061406
-914.4868529757152
-980.8734782655475
-879.3653486170649
-1035.6224936373533
-988.0615290007169
-885.7434592498445
-919.2216041829457
-1027.8591140935273
-948.043764116165
-1034.6710620338938
-860.1310816679838
-978.9219617412382
-1023.6451849075484
-967.3017641477504
-995.8619394244058
-952.136177873369
-930.7261656035511
-945.5403084674856
-983.2885829932727
-1001.948767126235
-972.9853932290202
-1039.8328017988895
-924.5640924991046
-1076.92778010242
-1054.722420660279
-947.455720745457
-933.6038481239018
-864.0304364546322
-1044.8460304489988
-970.5920843013499
-980.8640216040567
-1011.2910454414542
-1044.399354232995
-987.1882978847265
-958.1830305181534
-940.1289661889194
-956.8324850907808
-984.2255555343777
-985.4747445091132
-977.0357455189301
-965.069926229153
-1060.5509459636148
-1118.3395205183065
-982.9341882299547
-859.4534944159587
-932.7136380597368
-874.5754445640326
-946.6477464018005
-958.0126333837966
-874.7345605259842
-1006.2044681853574
-1013.2022362265845
-1060.6545427521075
-1024.6596025478273
-1020.0396757205256
-835.7344947230625
-933.2417973699734
-944.0658440740859
-1001.2603814061083
-867.4385848723432
-986.9058154730769
-1207.5869381850487
-1100.3148098922215
-1098.4254696498672
-961.920179287211
-1003.8823867399511
-1001.3706114155796
-938.3898053305696
-975.9471125725522
-958.1890575466044
-978.523272449611
-937.0653103546896
-1040.7242085312864
-1052.9141049213454
-980.2095015497923
-817.3527738406809
-985.5795112384274
-944.0987944407473
-1003.6318078744416
-986.7565810352384
-942.8963425218574
-977.5228672644038
-999.8578521344568
-932.9905649698413
-928.1488273410466
-949.01514130758
-969.7924708494112
-963.218444005661
-926.1448879630592
-949.5480071138275
-978.9701654479646
-926.5242255727806
-1040.5474838250302
-1008.8482254270607
-949.2749919853343
-1051.290774707671
-970.2751214398392
-1012.2225039470641
-1059.7458010261114
-928.7396408348798
-1050.3118099944782
-1010.17435573046
-995.6431282633914
-967.839017083853
-924.8404980942657
-982.7771192586054
-983.9701396518502
-1041.1443057707695
-1089.2450665328538
-919.7760905501694
-934.5709038928406
-1047.6028763872005
-1032.42957785862
-934.4747448751903
-969.2669377945138
-1097.558981020344
-971.2352037922695
-953.2435986547324
-940.862208866365
-966.5885230138898
-951.163854012437
-1123.6214288696792
-892.4926364966003
-1007.187397282986
-1040.8746244417828
-921.2112816144569
-967.2444899671782
-911.7222510769822
-1028.5426124223713
-1006.9620897553006
-970.2648896375628
-985.600818028968
-928.8864902048397
-939.1072530102826
-979.5853402838779
-982.8521790337008
-1050.2781077278191
-917.301530853307
-990.914005421732
-952.4070970304615
-1027.725058413699
-1008.1376044873898
-984.3257343206437
-1032.1368733337265
-974.5327827577801
-1076.1129283608536
-1036.1708397629973
-834.8672378410248
-1000.4697147595048
-1040.2964756471633
-971.9964979865874
-1019.6837610721856
-898.303663587136
-853.460946244112
-942.3307962104263
-1033.6727703939066
-974.1249186259117
-976.6725411978587
-862.63059720084
-1053.674604790114
-1038.6785229182801
-1045.8366874912808
-798.957489336258
-999.6998160763552
-1008.3994737665718
-940.8454078523017
-1042.3078118333265
-932.887801406325
-1009.0584497304604
-969.0840486999468
-977.2207761943232
-1000.3559729463516
-978.0994507046934
-938.2350748589486
-993.8685606622561
-993.6414009655739
-948.4974810306547
-1020.7404385804969
-876.1023485839236
-983.2817623430983
-1001.9496652192822
-1053.6887719040458
-1087.799252211192
-1006.9396815693335
-966.2787987721573
-978.6195358979684
-958.9372098329504
-1116.7971003280352
-1052.3009103952327
-949.6605045469065
-1003.0695504629393
-943.3304237461275
-974.2861090254854
-1107.1222547905295
-1141.5812122480909
-1041.371320415071
-935.7400617688538
-959.8115311991286
-1026.4087399454877
-1098.2383106227574
-929.7123512512094
-937.9072493543126
-948.8812799025923
-969.9218625839408
-913.0861046418182
-982.0037097726927
-898.8621434109174
-1018.3884234233369
-924.510904824908
-854.2430002899583
-976.4901394435733
-945.0469094311161
-1055.11232280738
-880.9870017654329
-925.5172049198276
-941.2713769499143
-886.8207910379924
-959.6825193826915
-982.8418996796314
-1035.7978331800043
-1067.552147002346
-1011.1900290136364
-910.5395072496661
-1032.20232119854
-1053.7911290348795
-985.5417708407897
-916.2634248845933
-1041.083787176664
-1025.7930086583965
-1098.3329744022597
-989.5157298352935
-989.9015884349659
-1042.165664189132
-946.6594807169595
-953.6540600210069
-899.8803425826842
-965.0884331938767
-1037.0141582007532
-903.4600438621823
-979.9544098185103
-978.1978408326429
-985.3877415889224
-970.6006603699323
-943.556058904837
-995.9356305918661
-1038.374066590019
-944.1060193143762
-1102.727290642209
-1043.8656940417984
-1006.4305862909944
-1052.0191844608867
-995.8507351911358
-1119.1764769695994
-982.4120916916418
-944.56686207035
-979.491773520483
-967.9239448198358
-1037.7454962789154
-869.4849660233243
-1013.8607394415169
-1043.833419121088
-997.5718486972186
-1067.2769303056375
-975.8937932270298
-897.1431464625317
-1001.4375767069408
-923.0227020108368
-952.112981956905
-963.808537169462
-985.0780338275379
-988.2235496178782
-997.9049906963039
-1047.3940183149302
-949.936916599259
-1007.533680669435
-1045.4767802783147
-986.0505052287533
-853.2795154255772
-971.4510513367859
-944.3268490070011
-961.3846746817178
-1027.999472083718
-932.8316967970812
-933.495986867955
-1057.886674806947
-960.0324619418767
-1115.325195680046
-939.5105231735527
-1060.3753119900714
-1074.3819515282364
-991.2545849178795
-929.9747350157079
-1081.9724588785705
-1060.1386485991843
-1013.8195897759788
-925.7943737593794
-1006.2226925750504
-1062.5944072551488
-1065.0559454803588
-923.332883142471
-987.4415403054045
-950.9556762440509
-989.0061134425783
-1036.676677205531
-956.6470671186845
-995.5133476217703
-994.0087549416255
-1013.6570123459506
-963.5251593284214
-1019.8205854583681
-881.7611968813907
-943.3840663189271
-1039.645526187239
-924.5352342474491
-1090.8908455614392
-923.7970593381474
-979.6157863898218
-902.2358826823192
-997.0706400678524
-947.8944198379813
-977.0356694580116
-995.7835253306755
-1039.0068615870844
-901.3043232455282
-1068.4022714890325
-1056.4637284879145
-1156.6879177570086
-964.5441345409841
-990.7877739902098
-1109.144675439642
-887.0188321557017
-907.3016219213777
-1012.3755708088361
-890.4722991402622
-957.3188875421482
-1004.9476253210221
-1016.2910248241851
-908.3956487472238
-918.8442694456693
-991.2426203142272
-1083.4509049928672
-944.9087744651512
-1004.9739355611206
-1050.469501578525
-1022.3672892654321
-1101.109573332963
-1007.2753150213015
-999.2643647448931
-1011.8794272022787
-979.5743597357816
-928.0467951945998
-1016.773608733683
-1039.464508657401
-1020.1641843667271
-1029.2670902797004
-1012.7022698432938
-1060.515373926318
-902.8927793709645
-955.7373050464271
-1030.891665221252
-930.4880321779054
-1088.2321391145924
-1029.5010680750356
-969.3607548319734
-1085.045881914708
-946.5941324628769
-1161.1304019309669
-1094.9254041789402
-1012.2363391630014
-956.1087161069846
-988.3343300874992
-979.6620761439932
-963.5976997398215
-851.6773444297057
-1041.805291798774
-986.829496701497
-981.5498035399469
-947.4778362799661
-1141.803632232022
-1035.1975305793226
-875.1650973629041
-1023.3575467737132
-997.551055679711
-1077.9203038548046
-989.8708318764254
-996.466956291132
-1017.6787571304484
-935.3412226982924
-885.43334051456
-1014.8767600373566
-926.962560268398
-950.8571200783173
-986.6307680731794

