-4404.7332644111275
-2748.988660726544
-3166.7041909199684
-3370.9429833332565
-3065.065804550959
-3682.6010699362796
-3868.236346935829
-3991.0698544629195
-2405.2975037764
-5695.813530109305
-3972.797710840001
-2128.9443074383876
-1800.6142051328789
-1868.1410045700504
-1551.014916918004
-1562.3816252998242
-1459.589742635964
-1776.7931222591196
-1726.4052570589226
-1321.8582343359167
-1432.973607671537
-1581.9808813658256
-1727.548158062802
-1530.1083666202094
-1554.1616166309773
-1335.3328922509456
-1288.1126202666844
-1448.2874652745875
-1456.6619483845625
-1354.2831783149632
-1610.7760285298232
-1492.1288298009333
-1477.532693230676
-1457.662350584632
-1531.3507400499388
-1446.7976073671864
-1386.6731021406179
-1355.8505165181782
-1391.4757060480879
-1359.4522603918886
-1335.4339558905829
-1599.2125108315408
-1420.007335365301
-1489.380354665898
-1474.000567673067
-1689.2398500385134
-1926.8080451644619
-1254.804144998524
-1492.1891478463376
-1534.042804493897
-1315.9643175287165
-1355.6407729750229
-1578.0776353721528
-1444.8318107790938
-1491.4744905763528
-1479.906906746037
-1462.945562559117
-1392.4166107499714
-1501.0376657072457
-1475.7411978484186
-1638.994711778785
-1533.2671604932184
-1386.781927111872
-1510.6022879118345
-1426.7734671775138
-1387.884114158634
-1572.4871947844908
-1307.1608338448832
-1385.259332732734
-1393.2365589184592
-1225.9634081777433
-1454.1431376492053
-1474.698310614399
-1340.8160908789632
-1559.195272241386
-1477.8137429057015
-1400.735241654169
-1256.5174117041252
-1562.2648025498963
-1334.4477404939282
-1543.7272131902191
-1356.161718529689
-1444.8541823336445
-1497.9385577925914
-1649.1639822435402
-1403.8431027298225
-1430.0623847193528
-1197.0271599040861
-1395.4895111743108
-1448.079913582692
-1419.1561172067422
-1287.7422623679845
-1393.2605593846317
-1383.207554268033
-1362.7366049979296
-1336.923605824376
-1323.2278910752373
-1256.080519705406
-1326.109805551282
-1313.7790336090625
-1277.4024991849885
-1316.2445249120597
-1358.89400806361
-1558.011188356462
-1497.727343639159
-1542.6910675270042
-1310.3051965137665
-1335.782868184991
-1521.2411200044198
-1289.8592131018759
-1396.461057797492
-1279.6977156457315
-1378.7776434437708
-1275.7519497241
-1398.352836063903
-1648.1466409874863
-1390.2840608736592
-1386.747100050271
-1369.298024808137
-1366.0094691616305
-1300.5242053125196
-1551.9148958966014
-1346.778268775481
-1709.3492577539628
-1397.9607597678064
-1364.4864317757058
-1247.6869547811984
-1309.2651412000573
-1469.0916924126557
-1247.7202450159584
-1433.05582439778
-1375.190448460859
-1368.8327336076895
-1315.139299267045
-1130.1144413901009
-1316.805143229476
-1522.0544842600941
-1398.465095500227
-1271.067857244478
-1343.466136761361
-1282.9464896486143
-1337.928312743263
-1375.4264447401838
-1308.1609575979635
-1160.0277315188944
-1398.70984811141
-1281.8402673198566
-1623.4231296412765
-1799.784427411255
-1354.8379117883649
-1194.3753660586099
-1483.9685961580105
-1473.8336799391757
-1225.4156759985306
-1494.4076207721198
-1420.9249207474418
-1279.6690762674107
-1288.6832188472326
-1251.0684646667685
-1260.865756331813
-1304.817656740895
-1493.5366878729208
-1447.5828804411867
-1347.4069165048631
-1374.7143318616208
-1455.0564525634354
-1513.8981211183825
-1225.8407679172667
-1616.8695306421655
-1299.4495168149751
-1380.8836053836076
-1349.711109037663
-1485.1387051098366
-1216.7149048360272
-1300.9962063529877
-1395.4109896989376
-1325.6008855399118
-1567.8129935570705
-1219.8727280982919
-1320.0339895300485
-1240.43937017107
-1271.3907339815064
-1330.2507237973266
-1288.516312691674
-1388.0133143923922
-1277.4679754324031
-1286.4948482234029
-1331.2382993494964
-1274.3273548554628
-1407.8683703699644
-1375.119277258208
-1351.1733253536004
-1454.5930528730182
-1387.6724632087996
-1273.3450455151942
-1276.663280107832
-1356.4333727097305
-1376.169033558589
-1519.9830476910215
-1567.4581677982408
-1244.3030166090352
-1663.562910968992
-1465.060813249265
-1427.5944611094897
-1497.648411748204
-1594.2627832686794
-1339.4349253653625
-1582.0499496675577
-1287.3572811299177
-1313.3379347783377
-1329.881999161377
-1286.2125820482024
-1490.8619854133299
-1409.034348578366
-1439.7835700987207
-1549.728615254776
-1262.1339260171437
-1276.8589152043523
-1302.1609172125734
-1344.8776101028234
-1246.5555806892035
-1306.1476805782713
-1459.2977020701549
-1365.8631109581484
-1406.786357820389
-1372.64459471419
-1481.7333778632872
-1562.6132964607061
-1320.5777893407314
-1340.1490161227537
-1399.449716043338
-1306.2056438599693
-1483.4419854233602
-1476.605713109745
-1437.1833556318127
-1348.3944326990625
-1480.0813023765056
-1398.4837195309933
-1435.2266285530231
-1474.7405841256266
-1356.9754823215235
-1311.8636522263687
-1176.5986812562542
-1315.2449394862717
-1229.6365493337337
-1298.0890488677721
-1443.4522884964745
-1271.9755459140385
-1388.3079748359407
-1250.6256526280447
-1222.5329711045733
-1265.901597441368
-1457.5497695339086
-1311.0659184098035
-1248.3057937427166
-1284.4118477253778
-1433.3574738565844
-1315.3388483521464
-1271.0020652749363
-1260.4289346707917
-1168.0409245179987
-1352.0479782627021
-1375.7043322736963
-1255.7206481857456
-1323.7396687634184
-1391.546350483915
-1527.0667727621985
-1158.333962634087
-1401.5532383272912
-1463.5007572566744
-1258.377066583884
-1432.9684116990602
-1327.8566683936278
-1503.6669675502799
-1322.9925000317166
-1337.9953681731909
-1394.966905099435
-1518.1307314741834
-1209.6085711263372
-1352.8278037755285
-1191.4785189460076
-1474.6696506580238
-1233.4225407175202
-1309.3085354412801
-1226.4130254758506
-1383.2114833654623
-1441.7608438490372
-1406.5812728815536
-1273.9130211028098
-1309.8800457448601
-1216.6512898131364
-1398.8695766363255
-1205.5109590660059
-1148.9259137551032
-1145.3665207726788
-1294.9103623112724
-1310.60025673342
-1387.6412829580204
-1214.4236208447078
-1443.3598404917282
-1210.3892776062828
-1176.5908154607555
-1294.7855163754875
-1243.5156763738546
-1226.014642198634
-1231.5991887074133
-1268.4569137433762
-1271.3520193783652
-1320.8915346103659
-1455.8098445830801
-1329.468082842916
-1251.6240333292708
-1383.1628785763296
-1456.805367208574
-1348.354009066088
-1203.6481816456906
-1376.1896362940279
-1473.5780987381222
-1312.3794953214745
-1230.733217427811
-1412.8890736343765
-1232.153105866415
-1253.7354530394582
-1298.6867948988279
-1241.4983119757128
-1258.728837769382
-1312.3941719948416
-1282.5179439913559
-1586.9117408494164
-1460.7317421642774
-1444.2583936518474
-1369.3729519895037
-1198.665732741942
-1360.685020226635
-1424.0820870428813
-1219.2986878559338
-1377.2529431599446
-1316.677244760754
-1418.5572242005646
-1513.1400889720617
-1254.0301612485225
-1212.4611783607838
-1373.939269892051
-1236.7223331636335
-1217.4160589514001
-1304.71159837198
-1280.5698884307496
-1219.196598271315
-1242.032158341783
-1313.66244094376
-1360.9125144693112
-1250.246366665936
-1451.1267331113966
-1229.3984018439492
-1346.647753861858
-1355.6929181154737
-1419.7092258831399
-1223.6882076232453
-1462.5627464490972
-1441.3011507208003
-1356.5931194538498
-1395.54480111996
-1271.0191672839658
-1119.6199715005973
-1256.29062599812
-1373.1946731079033
-1320.6215567406648
-1231.3227996579105
-1249.0422424387252
-1323.6943235862282
-1406.4988562542408
-1201.3169278372216
-1454.7316102442182
-1259.2121022645467
-1239.6369735503933
-1209.8264999935325
-1404.4841094627438
-1368.2453687910343
-1257.8077901668794
-1205.6263537754728
-1198.9601706196286
-1342.0302352149286
-1339.4119532599902
-1289.9035019950072
-1350.1316836177193
-1178.795090920594
-1451.6762459899865
-1275.3455792023199
-1316.7856419491243
-1308.9486023099096
-1305.527267376321
-1309.3589177534957
-1383.258937636906
-1356.8661823791006
-1367.1039411567135
-1224.5661303048898
-1296.730899944602
-1220.8022398484363
-1326.049600270629
-1354.2017134353218
-1260.8667715739366
-1479.0713424595033
-1316.5294423490188
-1277.0737610525964
-1189.8695523830256
-1246.5943665465347
-1357.432095130156
-1171.98986251959
-1404.8981863023582
-1170.4100606159836
-1273.8814638178821
-1225.2797937184314
-1288.3246073622822
-1335.536508923847
-1278.6855004017639
-1204.3050616699347
-1168.9991237779163
-1304.5791931697484
-1292.7390431265799
-1363.0425372726813
-1277.2660178341866
-1190.6182222709601
-1437.3234808460868
-1355.8708226420085
-1228.3836531909935
-1451.4944772832043
-1393.2520881063128
-1201.412259021754
-1375.1312211294633
-1366.8774692258985
-1475.698135708402
-1322.2216232028845
-1471.9184863990813
-1291.731509602151
-1237.2997625246435
-1157.89608973082
-1289.4808049564235
-1202.1789442683169
-1266.6130735750548
-1216.0031526263172
-1569.345998269925
-1433.350107752543
-1443.207933987786
-1333.270994127832
-1267.3164634430325
-1243.0000229726788
-1323.8274781814384
-1336.3241720937704
-1196.1613837485013
-1341.7451731729714
-1237.2611918521052
-1429.0044148889674
-1145.522344388765
-1249.5104320591017
-1314.0319128125802
-1286.698321019239
-1474.6606842868007
-1349.966171219967
-1513.9304609691856
-1350.417576573673
-1329.910755852245
-1191.685206578487
-1329.8641235332534
-1212.7219753361676
-1352.2913397343236
-1357.0373087021233
-1300.7345314055426
-1198.675677693536
-1300.573497835503
-1203.8397974744094
-1215.8001165115943
-1273.1920618819559
-1317.39384347975
-1417.0366005116693
-1462.6160475201532
-1345.6141069193793
-1332.1740993061057
-1284.9268003851178
-1275.2904204406557
-1474.3251444074394
-1205.984704752199
-1387.6742541828276
-1331.4800612053293
-1271.576455771526
-1314.3271997963807
-1191.0094978975071
-1225.2196971676647
-1385.4527871726423
-1416.680571956128
-1158.1090648847085
-1229.9267989430102
-1265.6631997172863
-1257.973540761519
-1237.0194484914243
-1277.349382120676
-1203.6962272760536
-1234.3294914469245
-1356.131570788024
-1402.6047511274255
-1346.5674569706619
-1215.841298021328
-1116.75513793408
-1317.4822709665073
-1402.2801612307398
-1296.792125974666
-1187.9615419900788
-1537.4299887938105
-1340.4266221551604
-1292.6983113036526
-1493.404303594888
-1282.991279404785
-1163.2236941323672
-1189.9905979500736
-1124.293870809535
-1327.5349419274312
-1173.818981967841
-1455.170029870924
-1267.523741327428
-1176.9313839198733
-1190.1700938972897
-1344.8465026726467
-1303.4871596748758
-1204.8106400488907
-1553.4330220110019
-1352.6409094335372
-1275.689419637375
-1305.0897463010097
-1248.081666939748
-1426.9411473036175
-1186.1718199114907
-1429.0668221769383
-1235.8387749311555
-1346.9121165661334
-1316.2741383588218
-1258.5805333752742
-1257.6095425687388
-1273.2444992350288
-1068.7252196892562
-1190.3235708205423
-1235.5171302203514
-1389.2202319591477
-1228.314112237783
-1238.6468983862735
-1248.6567285224025
-1345.8517964299049
-1242.721849102746
-1292.9488343927965
-1221.3506647680526
-1241.1428969528379
-1165.2745873896345
-1350.1481148545354
-1254.1435709889615
-1272.1781857333053
-1257.3687451544076
-1332.2346900442271
-1231.7150318213235
-1273.4038229509722
-1288.7694056197467
-1275.6224254818499
-1374.8681771810561
-1243.7827298853492
-1231.5674041551704
-1413.1334925637482
-1430.897340085251
-1248.7484245407902
-1289.2663490230275
-1494.7979980793184
-1399.5809225066175
-1423.3722879044121
-1262.5371483883948
-1295.7325534257807
-1148.2643814096746
-1149.2923508007914
-1389.2138990967906
-1321.498139189171
-1227.1070281132081
-1337.640426405827
-1341.3602861151303
-1387.6542898150983
-1198.7437998071937
-1167.3950566995707
-1291.537824409189
-1067.7946173069238
-1325.8736574540064
-1408.8093942228134
-1233.5158039062362
-1394.1419925862754
-1204.206873568045
-1252.1992832820497
-1258.148555516594
-1168.275530666678
-1333.3377031446416
-1089.8117414224341
-1450.2195118865163
-1232.586488528973
-1351.5336980778168
-1125.5514503874315
-1188.8099352272777
-1104.1096485592002
-1329.1416126845997
-1296.3773762937844
-1457.083053987642
-1360.837213150261
-1427.2273286728487
-1202.3442694483504
-1227.1026796611222
-1425.20440615347
-1311.8854732031637
-1284.174913491499
-1412.72832450396
-1382.297063510924
-1090.6862498838807
-1242.0119820388054
-1353.8817620412965
-1176.843361838545
-1186.4178396611824
-1249.0099150501967
-1098.294550101475
-1173.9648563306332
-1313.9246335375717
-1200.2277864827458
-1344.4426326770804
-1254.4331560204218
-1366.6858002965982
-1333.5287787836137
-1225.605509985122
-1354.896019696894
-1235.5891565781258
-1267.4640539649563
-1273.797219445482
-1063.444563112883
-1248.6652411464856
-1222.2402547651745
-1310.5827950102369
-1237.876140262066
-1225.2174992233645
-1306.2049274850442
-1264.3424654249748
-1246.1978387850024
-1341.769184507101
-1263.752173313081
-1197.9684277778308
-1222.4215539897807
-1371.6308074519923
-1293.9915661657124
-1249.2918144260368
-1205.9297078383067
-1242.7063566639279
-1276.0253321352793
-1161.9250304829754
-1326.4983322789406
-1226.5136642953655
-1175.4094561593963
-1370.0359671135982
-1158.7127149680748
-1199.4940011756587
-1373.9289774991344
-1293.105777288327
-1170.982062076612
-1406.187332345081
-1327.9778178078939
-1363.6900051689372
-1222.7306366700825
-1177.5188082003356
-1374.055768347381
-1187.2326267142253
-1271.6622367519915
-1358.9007165497483
-1276.2219358076745
-1236.2415559842393
-1295.545133531979
-1088.221874342803
-1315.9691513663724
-1224.715103832087
-1286.5881116441494
-1236.4691656755867
-1218.590116065708
-1208.864438362379
-1322.8392597953825
-1242.1643934657943
-1156.1446748442656
-1637.7035581978348
-1218.9943027612294
-1520.0286295951507
-1238.2860301403216
-1312.771886314172
-1311.0029599663662
-1188.5870895850815
-1418.7004891100996
-1214.4533604263959
-1128.450684573936
-1457.2560579026417
-1266.65780074291
-1210.1549356970315
-1281.0867661107513
-1143.0100968415938
-1213.091755769949
-1368.1576361463433
-1297.3250778190804
-1097.5468948936257
-1291.4579048239011
-1215.5438042659605
-1345.5730743349163
-1166.8601022075898
-1240.8502063263848
-1325.0124905785542
-1391.4494595021279
-1360.864962754677
-1192.0669243079028
-1255.9875924803148
-1224.2599253739538
-1258.0469879251707
-1168.1194470245237
-1376.5849178706137
-1470.2206451259171
-1275.8892126383053
-1339.5752005321756
-1228.6344471511572
-1139.3903364254193
-1273.9697899561002
-1218.6950293912028
-1312.1726174463035
-1339.293896869898
-1288.5228325344624
-1249.2126002160398
-1450.9422334973565
-1209.455396891534
-1173.506769453219
-1503.1817478888913
-1265.0242710305965
-1088.4442339813577
-1176.4834993477389
-1386.5776409510636
-1183.0546791399377
-1314.0575917747321
-1229.5937752097122
-1303.355869881384
-1459.4774236506428
-1182.9019712064344
-1214.3143224656626
-1122.048574157474
-1194.8891618356988
-1333.2807733236548
-1323.164543622871
-1122.632393230026
-1272.9210404908201
-1310.55263358612
-1197.5882346665956
-1195.139581052508
-1311.8364748979234
-1246.1834245971434
-1307.1212048691616
-1271.4777522133127
-1534.8388478582965
-1189.043883545394
-1157.6402706550261
-1426.248488841834
-1274.8143230911842
-1205.6604686300004
-1342.4481588648348
-1172.1174741131883
-1362.9935568258213
-1307.525768293449
-1400.298753560952
-1191.262497800445
-1451.6485581635245
-1324.4556017355108
-1216.4650321537129
-1251.7453273131807
-1104.5364340716194
-1119.2453429005648
-1260.115754634387
-1463.3775602748879
-1183.2612102621913
-1388.329669394158
-1280.9032705601162
-1282.2881798248056
-1390.2065743754845
-1234.5826957182576
-1231.2844346693932
-1036.161111299171
-1284.2020190958165
-1207.8945078734773
-1274.4780177446364
-1166.2400804377091
-1162.7498582990559
-1208.8107366068432
-1130.065300631888
-1273.538370187688
-1126.879966275107
-1316.5814432517845
-1274.9079832039276
-1201.3397024634378
-1391.1006158557818
-1458.67643219326
-1132.9326886450604
-1398.5820765949347
-1239.1638072633236
-1250.3097228986062
-1074.1630256133276
-1371.2001898812357
-1350.1470636897814
-1302.6534706532932
-1182.644182635915
-1353.7993876378887
-1237.2405608509825
-1169.89104412416
-1236.816388418775
-1318.2546230306102
-1188.761695782933
-1372.671349305694
-1258.3327753311542
-1442.807541527452
-1335.6606744499265
-1195.6932820150103
-1261.6939188851582
-1309.3519227315783
-1242.6966306536574
-1240.9309983525175
-1282.5606250081846
-1386.069557662496
-1239.3990690801197
-1343.962931331793
-1382.5654551007829
-1338.6957420598908
-1156.9784609870187
-1329.994548710022
-1234.760471643511
-1234.5861031965537
-1328.8418619530448
-1292.9047540850993
-1183.8904029175533
-1347.334315669634
-1382.3917261300196
-1189.1729308365243
-1258.3143112212026
-1202.742639584133
-1253.5363497700337
-1228.3920387094247
-1197.005316963853
-1357.0733782271009
-1228.849728680592
-1363.9671836364828
-1191.540685842942
-1456.0614044509898
-1378.9469586123953
-1293.9486224054601
-1319.0206398867476
-1285.6106799679512
-1380.093559604669
-1148.9369294732896
-1239.1387292596141
-1362.5197305403562
-1182.4389007115958
-1275.9417097719179
-1374.6467237262789
-1151.3346312987678
-1289.2188375746423
-1234.7850241333138
-1189.1379524069466
-1308.197440293833
-1291.1237040736787
-1378.133388809814
-1303.2545484801594
-1280.1454129021638
-1213.063340853219
-1267.7216117630878
-1206.7167252206427
-1179.7395246299902
-1247.964003874486
-1194.8890562316112
-1179.334212848472
-1364.0448379381446
-1256.6585591604792
-1289.150082267417
-1333.7208789546376
-1276.8712429627021
-1245.7485073283947
-1296.7814314359823
-1437.450666747175
-1259.7437133996814
-1416.8863805400015
-1256.0402047072992
-1272.5407292704933
-1321.3910371880074
-1262.9905621815365
-1212.3870585012653
-1106.1170061943458
-1141.5398369669197
-1157.841971043826
-1271.7345556683745
-1211.7672717828018
-1301.737623903894
-1331.67280889461
-1285.038120095527
-1277.908898011619
-1170.329422093324
-1222.3544656937004
-1350.9544803063827
-1477.8552118923042
-1527.3134763493283
-1492.8770395404686
-1294.6774470288647
-1364.2142508349061
-1327.468947241723
-1315.5489369281286
-1370.894026016852
-1340.6158708052435
-1307.7543456330604
-1331.5114875135728
-1227.8350756247423
-1244.424293227573
-1207.7539586626617
-1287.1463650621015
-1238.9087174582414
-1265.921235459876
-1294.9903468688035
-1256.6094345122647
-1297.9631922213975
-1272.0765083516462
-1349.724575512303
-1419.164051829508
-1280.328911944159
-1383.059196610091
-1377.6449426449635
-1239.5446002491292
-1291.4681350294572
-1353.7927747159565
-1254.334862687602
-1151.9008881801437
-1205.8562470729207
-1309.2531903678478
-1147.5095917669964
-1312.443203241923
-1181.0877048081586
-1165.9518213094534
-1324.9865550448767
-1270.6669638254596
-1255.9903029455727
-1340.632314626381
-1247.6325576404897
-1254.1299510105227
-1124.5545010323483
-1277.2713974252208
-1386.1174765463586
-1368.8338972143843
-1319.0386740317867
-1135.9930926954878
-1174.688794728642
-1253.6660069748202
-1181.042468478642
-1103.436591439088
-1093.6267757633134
-1233.4901067217745
-1253.4991276654532
-1339.640009945526
-1381.0478312324085
-1280.8674777537854
-1266.2845158792625
-1357.3137882254769
-1253.3013711648039
-1317.5735489560293
-1313.988121149063
-1279.7298912877122
-1261.3869599069199
-1329.4856810261886
-1278.9101463547363
-1284.1617533827518
-997.3707175968932
-1166.9886607790263
-1255.0923136270626
-1235.4343853729315
-1224.9535791270955
-1257.0124511727663
-1098.712450701672
-1302.703926300488
-1153.587179769918
-1214.2895482631209
-1188.0369959542156
-1107.1935179918803
-1209.528432691114
-1258.2573173741239
-1198.2694124382422
-1253.4661844161412
-1295.2105968466444
-1276.3770390324353
-1151.0653396650862
-1242.6133417582548
-1184.5433833083152
-1134.488903061293
-1260.4123839577712
-1244.330159937445
-1520.6545664407504
-1207.2740326036844
-1235.1201922304356
-1184.2367493641639
-1296.6960652663354
-1241.7620062593364
-1085.644282186596
-1340.4906026040287
-1266.991406557377
-1350.3687587703012
-1281.7686536186166
-1163.5212575921314
-1141.1236454271047
-1175.0903409844473
-1264.1317019864046
-1276.3039908220135
-1315.2292886895957
-1202.6422232679881
-1211.6838926695357
-1263.5166427805468
-1120.6241493457885
-1152.4389429968494
-1226.6867606668454
-1278.7298036521909
-1129.193460373462
-1215.0782845028218
-1283.6290184480015
-1240.8986582962089
-1341.9788017250048
-1268.9675623641285
-1152.4218819047862
-1260.894143130853
-1376.2102670683953
-1174.2116653030505
-1300.0541253564943
-1315.80199044022
-1172.0633093593572
-1261.5633938775595
-1286.8084981048478
-1265.393168732649
-1145.462745379066
-1234.8614737420307
-1282.8914874803982
-1273.9186444861075
-1295.710831359734
-1228.7379953127584
-1106.8418956585515
-1218.095063789509
-1218.9078043029701
-1046.7298762322516
-1251.0256341045479
-1099.2274965839954
-1306.6818830201898
-1298.8036239365313
-1245.0306615723448
-1199.4619306875618
-1165.0369416249287
-1184.262273303786
-1240.1512385213487
-1424.473317903757
-1223.3422353982285
-1234.8778208708886
-1113.1286831574425
-1212.2939982012538
-1185.9802439703417
-1277.6362718374423
-1200.3300008471713
-1007.3313762451785
-1311.1584612987497
-1321.068783548031
-1395.6275101263977
-1210.2716232229723
-1163.6709959823027
-1197.4423611139746
-1169.4856262084375
-1294.7045188051125
-1359.373237331939
-1291.1175263644998
-1208.9425959028122
-1302.370651831484
-1257.9194857906205
-1316.8144238044524
-1210.5012829903044
-1303.3943957622141
-1365.0348395294795
-1174.332321364712
-1236.4861760887507
-1172.8614048787665
-1248.2570321745147
-1347.5438572674575
-1175.7744491316835
-1251.1748215512366
-1241.7510694159325
-1373.0344668796122
-1257.9255941063927
-1311.6887928181657
-1224.4431548945408
-1247.9737531854034
-1232.3124712802362
-1271.8232563931053
-1223.1822007687742
-1355.8737309182425
-1236.499780371746
-1247.3069571786918
-1231.8650209927837
-1149.7538563145063
-1239.0097514253093
-1295.3993573733567
-1270.7783675748824
-1214.7062037951223
-1129.8085207711595
-1243.5567046721294
-1272.3799042061687
-1290.0798420260865
-1299.2300055144804
-1263.9376435446713
-1457.6523035860237
-1340.7422541131593
-1344.9170013228331
-1247.8815945694005
-1158.090445332189
-1326.389829127993
-1369.0742896924341
-1247.4378741275768
-1334.373898357655
-1214.1135413120205
-1340.0040342567165
-1234.791268123095
-1177.3532174826767
-1152.7216084633644
-1205.0278261660123
-1323.556724650197
-1189.13359940031
-1304.326265447811
-1248.1114395479754
-1188.0517638656972
-1168.269828761712
-1293.2141171461394
-1148.2766077549013
-1126.5003779475785
-1367.1568694882353
-1293.1254340427058
-1252.129720665825
-1275.8163072413524
-1167.5109437290077
-1307.0393831250467
-1221.6058831866528
-1167.9943784371553
-1135.5332715825896
-1162.6567132590264
-1201.9062004122559
-1250.0375142551425
-1156.704271642474
-1244.6321026161565
-1216.69920848225
-1089.8713193741905
-1051.2139090886064
-1290.2010333193373
-1381.518606675284
-1408.7565249764348
-1295.8566128235127
-1255.825361047504
-1266.4102547040045
-1264.8638812924391
-1242.702783217021
-1087.7774911059948
-1416.6771912939496
-1313.383573117427
-1225.8527727152295
-1147.138483955522
-1345.49519664617
-1244.5525232979453
-1304.9997299043641
-1334.5560961465742
-1343.0116545059059
-1355.9905960338228
-993.1144949582955
-1220.4625793432324
-1320.6347783434132
-1177.8279919371405
-1288.7928204397904
-1191.5612598629007
-1422.090132462159
-1252.5798677892699
-1494.7141730707194
-1294.4633295990288
-1130.3261398919203
-1324.7484421921504
-1197.0817151525166
-1215.1338473342955
-1240.7688427091543
-1286.8890832183783
-1277.8911852733218
-1450.0269202050506
-1141.4040275840318
-1226.7855769793314
-1351.01077063017
-1299.7039020323273
-1304.063624648349
-1180.9559913647192
-1169.876385096898
-1180.8067736016349
-1301.867519796941
-1171.5825081569849
-1237.3600602219058
-1136.778661039881
-1134.2849150093928
-1251.0629087804991
-1231.8165612889734
-1170.3380719228714
-1164.0252511040947
-1151.5184678675803
-1278.5770678969932
-1138.4885063931097
-1247.415382496857
-1253.3713003348191
-1315.8258069782642
-1277.5964757677232
-1215.4194001963933
-1218.9401377726972
-1378.5309208651827
-1414.6532235449622
-1324.4250048485737
-1313.7131227320172
-1246.417399653652
-1172.8294952605934
-1338.1559088072581
-1182.6797089363963
-1189.4374191921177
-1209.8359282464032
-1157.289236406348
-1124.8524167712956
-1270.6086241897347
-1222.4091282628312
-1262.289585933048
-1218.568964798089
-1302.5705291298468
-1359.7781681911165
-1339.9528436528335
-1198.4383158909711
-1210.530828330392
-1074.8079226763082
-1298.5954449790881
-1204.6037990189252
-1274.3364487472086
-1157.7775711587208
-1354.4938340484011
-1262.71154712151
-1104.7469648126744
-1339.64979720009
-1286.5553940558884
-1348.0022866526585
-1173.2939749454658
-1245.2611948415006
-1201.4699671319925
-1259.9356336955098
-1238.6176266180478
-1249.4896080456901
-1199.4737433528242
-1335.8463407653096
-1311.0780457959108
-1325.4569703275274
-1389.842046963849
-1276.913390677244
-1196.2367539039778
-1027.0226820501873
-1276.3374399014037
-1231.8964147576762
-1240.38994770514
-1220.9634026981082
-1279.7263743941303
-1283.2004538358099
-1287.830490814722
-1255.6723873992469
-1153.848273919272
-1294.9889925175794
-1216.4537238315052
-1258.8327853370351
-1323.4139973682124
-1145.80325522247
-1307.8475296659562
-1151.3670327461864
-1208.4091263727169
-1197.4369458780957
-1197.0224990168304
-1224.446303177542
-1150.6170401641978
-1282.7358804082303
-1297.1659685934746
-1202.0192354970438
-1186.6735282720945
-1088.3397910696008
-1155.2892784452022
-1122.8117674083203
-1241.3403416783112
-1159.0231636235972
-1250.7269671013914
-1241.4789858131526
-1227.2152756554012
-1221.273421429574
-1199.8947886723026
-1324.00149098114
-1355.429021963213
-1142.4237665609196
-1384.473602347629
-1340.8934604525239
-1145.2110407996472
-1240.2235815713777
-1233.9741278529873
-1132.0983255106091
-1185.9022395933073
-1278.2931322308043
-1307.8504761725037
-1277.832759000673
-1189.1000402422994
-1191.8317998806604
-1120.1979957699714
-1187.1078911582867
-1142.3567984147455
-1170.6344820964075
-1237.510290484388
-1265.1178173283636
-1291.7037773779905
-1108.365858376359
-1258.6137728218691
-1154.8783990192558
-1191.5606127924282
-1365.7738985745036
-1364.8794632841636
-1179.9869294140522
-1323.4485489972985
-1312.530742093164
-1251.418683423039
-1188.5874515098992
-1248.9686431350146
-1310.2488324252333
-1139.5793416212323
-1132.3061596254843
-1188.520294885837
-1209.5137288891863
-1145.1799072634938
-1265.387609150548
-1165.4763374486754
-1166.5822863931542
-1211.8953623618909
-1220.3375120486926
-1151.0941595617496
-1253.7286050803027
-1034.4995766227469
-1129.937939227405
-1323.4410392949349
-1386.5747262674226
-1179.0501431360121
-1158.4767327755937
-1236.4847034707273
-1171.6440494561102
-1177.0632999762809
-1333.1124805862887
-1141.3577615187173
-1249.3789151236977
-1224.7006032889026
-1279.6190668287134
-1160.21207624542
-1120.2675089883764
-1230.9795080900928
-1229.4211344786245
-1195.4878014132664
-1106.633908011524
-1121.1098639330673
-1241.361603510898
-1106.4251477796017
-1302.1560656562287
-1195.3452285160106
-1238.4285496987404
-1204.2746878447572
-1286.465234082622
-1126.212107341961
-1286.2646999206308
-1236.7602895244613
-1300.2116435777134
-1269.094762556783
-1276.8611180503563
-1304.766075844988
-1217.3697983967174
-1216.357435004846
-1265.710786479448
-1444.9484612539322
-1247.958762093752
-1128.7117572353718
-1234.6198956729154
-1109.2981617613
-1236.4222768988984
-1285.3176218360536
-1234.840927152321
-1292.0352567872324
-1265.18352880794
-1173.6575663534784
-1224.7345944220008
-1170.107431494918
-1295.6362265941746
-1318.1202627872153
-1206.841692437836
-1249.3375233441493
-1290.5350792434815
-1200.706288866691
-1397.1909795713555
-1045.692027835336
-1132.4454708697888
-1383.4154799044309
-1199.4666313025043
-1342.3199156683877
-1249.9446175286512
-1309.8308319205503
-1210.249204278527
-1300.0004024535754
-1281.3596477181486
-1111.9032047944722
-1499.0957916724528
-1233.3621575899413
-1126.2546142007782
-1160.0766339467411
-1191.4709000031105
-1274.3716327407192
-1233.8552156809558
-1276.3010607271926
-1162.8366481838873
-1305.5533699958833
-1195.1752557969235
-1185.7636008298084
-1178.1527618810658
-1156.2713421835706
-1239.8599813185538
-1321.6821399706469
-1055.886571627477
-1236.4398081625059
-1208.3962079927478
-1221.2875580146056
-1275.4801636769944
-1163.605441353461
-1190.6015100416435
-1088.7140175835832
-1178.5654597360244
-1226.945639301171
-1344.1728605921335
-1151.9535698041532
-1323.654780048293
-1175.2656891622105
-1330.5806578622771
-1158.0646054276006
-1262.9740757621894
-1308.9552046099766
-1312.137049158263
-1184.7209949704961
-1159.6424570461354
-1269.223772392381
-1328.594129778875
-1219.9605667273029
-1195.0674702640974
-1130.4278475644387
-1221.1586598565398
-1219.2534415396258
-1289.7677087099526
-1171.6368424172879
-1390.3112685460608
-1271.8208521088206
-1158.383017768342
-1230.107996549149
-1372.6502333171395
-1286.841745779095
-1315.2333896672694
-1097.1480466798328
-1117.044936099518
-1353.9603751092754
-1225.2336642709663
-1359.6819922673594
-1183.9085563989147
-1297.8168345675572
-1223.3780807780565
-1030.8524182356418
-1292.0974026785298
-1346.1726360783045
-1292.3064337266624
-1245.429553610449
-1214.3841181877824
-1323.2689435084121
-1245.9994756035649
-1269.6239982377247
-1233.0974768004332
-1217.405591738558
-1236.4785326475364
-1164.4106112631953
-1260.1824743022241
-1197.591852074828
-1363.3319559170523
-1263.884917656617
-1119.7079004486657
-1161.3980749319119
-1235.501150934447
-1282.5911494128904
-1205.3937987449924
-1343.5827515009642
-1183.1453429331093
-1266.1554082805205
-1307.2711395026124
-1294.0387962961795
-1240.5596395337602
-1316.0407798032452
-1240.8037975758616
-1352.1975672702758
-1150.673655250549
-1206.7789378671212
-1261.5863071468702
-1278.7064756960272
-1288.0167807670757
-1309.3660665364996
-1162.4194848867019
-1257.6758702388615
-1295.0728934352037
-1197.5475251087614
-1250.9915111022474
-1306.688030285205
-1163.1221233545482
-1168.497981425598
-1319.7774209213055
-1127.1264413534605
-1361.6393415729244
-1231.0774821252526
-1195.9220344697833
-1111.4534265549319
-1161.9840440623027
-1190.5815869246314
-1133.8568334075662
-1085.5094781884216
-1143.5859904158303
-1148.1990901499228
-1181.9874317660106
-1062.086216188424
-1272.5797596022162
-1201.078461994369
-1219.1502097243856
-1274.7184163730951
-1318.7139596279917
-1199.1133425630285
-1136.2040314639714
-1312.5264720173147
-1109.6511277260965
-1174.704270064526
-1207.5296060880664
-1195.6783446062882
-1239.2162394687489
-1199.864707232482
-1281.2724120689054
-1198.9669196325021
-1216.7547414417004
-1236.2164617690978
-1258.525603796109
-1456.699166835846
-1147.2622245598393
-1294.406694659613
-1309.747921348897
-1216.2421607798854
-1160.0928742547717
-1256.0744215525788
-1135.2111484658628
-1199.5445257959698
-1258.7201632929593
-1104.4146039193818
-1239.1116455032845
-1147.9711142394333
-1317.3293236288973
-1009.4734649564351
-1183.7743912757667
-1205.5011053369262
-1092.5386857832214
-1276.8614674039554
-1302.9025831523395
-1117.7136602590906
-1126.8314011279524
-1191.1562804623634
-1273.9353010606746
-1294.2833877274843
-1074.4624181942172
-1167.2482977976822
-1290.2489592400427
-1229.3628361034935
-1165.9630776883278
-1327.3555360201387
-1231.570212864414
-1239.9574614004964
-1147.111940454631
-1208.741797063373
-1251.158811541169
-1256.8089757592468
-1210.48091578487
-1266.9076972347564
-1371.5341940425767
-1203.4594021170428
-1242.414948284653
-1222.0717812004295
-1064.2792486129501
-1272.6824126373194
-1208.982986961825
-1238.8959960569657
-1213.6164916711925
-1164.8706063531058
-1233.409525359128
-1275.1318446153045
-1168.794661405725
-1331.8315407851094
-1238.8564500864595
-1273.0981564508302
-1269.3949994705586
-1130.9013546214035
-1156.5616038200553
-1224.133311537999
-1110.3738294538693
-1305.5898542558468
-1222.7086217005303
-1176.45130785372
-1268.9565723632097
-1123.6721568229775
-1129.7955336825212
-1248.3453286660408
-1273.6422608701243
-1314.0376027781647
-1151.5048631701113
-1226.913663248204
-1299.8160544293828
-1224.132363734483
-1248.9397905510677
-1185.6307182116877
-1194.9500811112846
-1179.883157246568
-1346.1193749505949
-1404.3572298497365
-1256.5251502772626
-1283.5340211252499
-1172.2080244039032
-1307.763341067289
-1153.2746880760858
-1179.0651779156474
-1154.5563448001874
-1097.4298539721
-1350.6686891281151
-1177.7287864324824
-1300.632173513517
-1312.1451578440801
-1159.2033531251427
-1284.6267362780636
-1298.8551164154655
-1227.656389368888
-1125.6412164369983
-1250.7774872959887
-1194.900526230117
-1247.5187464580108
-1184.323094053606
-1357.9649742147558
-1358.150153452564
-1122.511632590447
-1064.2610205389528
-1212.0814652956751
-1161.693954530662
-1127.4826218928717
-1143.9661074364649
-1037.6882493996625
-1275.602766223795
-1295.6341950154588
-1314.329416756532
-1272.085834768943
-1377.937596630148
-1080.9224315663855
-1129.0795580231443
-1190.387296515083
-1186.601865960899
-1078.7500681706474
-1222.1666929566452
-1343.67496712924
-1407.7878381801272
-1426.8397720008688
-1216.1221233908905
-1252.6992900592081
-1254.718778599752
-1166.4312324701668
-1275.9302920077057
-1221.7006414446578
-1305.448564571635
-1246.0403104469306
-1296.3027316406672
-1363.155385951788
-1274.4479485290171
-1031.9122010195229
-1236.7392352635593
-1234.5860069674025
-1352.9688678563878
-1205.7983259826678
-1186.7943623032152
-1289.0661001399442
-1300.2609531853673
-1227.7525963582173
-1163.3447329953067
-1225.9376651611508
-1210.3630879457567
-1207.9510353359935
-1208.622431383666
-1183.4702046912862
-1227.6776417878243
-1169.7286466539322
-1235.2753550078096
-1296.7754082445972
-1204.965073731497
-1334.2678651605008
-1142.4390907113925
-1248.446473035405
-1312.6810044103413
-1147.2348048121526
-1410.0068209474903
-1129.2233593188057
-1274.079198957922
-1298.5003523525834
-1307.0746047772896
-1267.190745791655
-1215.1947154557856
-1265.2021042827669
-1351.9854495891661
-1219.566370038228
-1243.7857603310194
-1335.6526370623208
-1350.5148074134313
-1086.5748245928103
-1256.195930646046
-1328.5610480697205
-1357.284824243701
-1219.8875867881166
-1163.0356713667004
-1284.6300685476272
-1231.806400834489
-1475.0310309729066
-1129.4980266936714
-1110.8421035706847
-1238.6052186971533
-1242.5563062743856
-1233.3060538731788
-1218.0804544931332
-1278.9259190666417
-1278.622701965267
-1201.7845225610615
-1220.9821877439742
-1266.1366149887697
-1196.1077747075292
-1216.5870387646755
-1243.2249096974651
-1364.3314657858891
-1324.2939561172034
-1303.4444101522631
-1218.1738894310706
-1376.7367005859894
-1250.5120685051543
-1281.6923765561924
-1288.2792139164721
-1177.3622789190083
-1278.3540290518897
-1324.453628397575
-1047.367257882739
-1188.2550960128067
-1253.4839058433997
-1232.8243203655618
-1256.4637737576438
-1141.8012235908466
-1125.0948182801112
-1233.9631697844063
-1325.2008981087154
-1198.2889966941848
-1211.5539184548968
-1136.265821779696
-1296.8874508348124
-1202.113759264142
-1199.562770860988
-1122.5481969710252
-1388.3581499150018
-1378.4581473240323
-1196.231282685997
-1349.9057529992424
-1207.488298480246
-1148.0079775162503
-1195.4642473473023
-1203.486990356473
-1248.1575194670916
-1239.9747740116302
-1221.9629210630246
-1304.357584714431
-1198.996117936233
-1203.7771363077907
-1244.2568745008284
-1153.418899946932
-1324.8492618800383
-1338.6411390875119
-1356.6020940591786
-1274.8202338941467
-1204.3534805779288
-1160.0590724787342
-1248.7905204302951
-1164.1430181227117
-1299.4788768700791
-1270.3401248129232
-1181.5562878389821
-1253.636124045819
-1170.310347021134
-1292.9116554827035
-1296.52226995512
-1269.641116912865
-1294.0070242170113
-1209.4771954775867
-1213.5947438691178
-1267.6457792250817
-1389.8756229328012
-1198.6988715686966
-1223.083412071204
-1213.6158430760047
-1187.6553347162178
-1212.277141619005
-1191.9750302808177
-1211.2131703894606
-1214.9552244247277
-1106.126618866388
-1110.228109331818
-1248.7982373255727
-1144.557834791389
-1300.1365725482035
-1134.4509720255326
-1220.273364426198
-1194.9508852092677
-1115.5664117198176
-1208.5351666175518
-1264.117092886748
-1270.0266060424237
-1352.8271185947342
-1332.677231396715
-1186.6441886547161
-1414.7095753088815
-1302.9854599133275
-1275.1568346954832
-1145.2029831720038
-1241.2114055835082
-1217.928607178091
-1272.1727351692043
-1355.267101692514
-1277.5261072978715
-1364.6987832869654
-1331.2854764023186
-1284.3313409047114
-1139.8431392361101
-1137.6901119856009
-1340.8885301305645
-1155.7693836775375
-1271.0791867622481
-1202.8936474327631
-1358.8451629681822
-1135.4328899214868
-1215.82258247979
-1292.0189622232117
-1283.7033745585861
-1284.888272512701
-1290.697127490455
-1275.9810708875427
-1304.982584039737
-1327.1622229383397
-1269.6775727450367
-1455.5807375206512
-1227.6924106715308
-1232.6683243081955
-1273.8576760815022
-1276.9549891009028
-1304.2937010353219
-1182.347280702026
-1264.7560553820736
-1177.4913809620946
-1258.5890016533924
-1255.6809982662376
-1115.964503976118
-1108.8990515556843
-1195.8108082795482
-1102.3133928007273
-1273.7803000638494
-1202.9576876326912
-1137.6181629599146
-1275.6679361032045
-1263.0597353179173
-1343.6791702970652
-1215.9377419912269
-1211.9412646695398
-1360.0465568924776
-1357.2853322733574
-1117.1698521025253
-1220.8328023335835
-1259.0815382805213
-1202.6697962738258
-1186.8133570582836
-1190.2256774018947
-1137.3579867333772
-1301.3415955981209
-1234.1297984705243
-1279.8659427150587
-1139.3916716880058
-1347.6874361504279
-1360.5323387355375
-1244.4900404204368
-1180.1555276010622
-1250.815097737545
-1282.7870892857675
-1262.8264428206755
-1129.4279891691147
-1272.3805567002978
-1217.6147960215167
-1328.2588859880104
-1205.30981695551
-1096.926615108551
-1165.0660264297137
-1200.987157334808
-1229.254043295631
-1192.9890730541608
-1134.2307168868479
-1237.9418086033766
-1321.069021600988
-1186.4797815809766
-1237.1596547188362
-1114.7556095440605
-1217.9406828855017
-1310.776027221918
-1218.8448679302608
-1373.0566901100112
-1233.9341020317381
-1242.2945635464998
-1152.8128528361328
-1181.963672776528
-1243.341411056325
-1236.5722549509246
-1294.4801269782565
-1271.6462507546034
-1128.065922384724
-1243.3065596121496
-1377.8503523810098
-1447.900844081346
-1225.1445784442703
-1282.6568089097814
-1340.183105375816
-1113.5749581735442
-1070.7621414317891
-1254.7230952010486
-1154.5808127240402
-1191.2654315380396
-1134.753777505417
-1312.847113027803
-1270.3531297254049
-1181.3147580684306
-1359.8944276795173
-1345.7954193830915
-1161.424167869912
-1309.0724183996717
-1204.7753282378262
-1232.5504352236512
-1354.999480435905
-1234.3674178023857
-1295.3943012490513
-1231.4218412968678
-1182.2432355777844
-1218.2826233302392
-1236.6259370110415
-1161.594165250506
-1312.1033570936872
-1374.421444363254
-1341.5761667639108
-1222.6208584124197
-1228.767191724881
-1213.3045764421358
-1223.4564907321549
-1232.5868351149252
-1293.690147214732
-1182.3686506371341
-1259.8947177523066
-1329.274192329065
-1202.8989888212689
-1320.1464113384243
-1496.8159804264133
-1158.8895544856819
-1181.2263847580425
-1263.940342055276
-1168.2242344773938
-1222.992208362503
-1182.96653967188
-1287.242934211633
-1308.1158470926093
-1292.1627079067337
-1210.422654634141
-1383.6205131704778
-1355.555166370984
-1081.5608291025767
-1319.712688413931
-1285.52021150166
-1264.6847070621905
-1209.4467510594784
-1234.623367237568
-1311.3430573001626
-1296.878535837054
-1162.278602883989
-1305.6418341260842
-1184.1815285278792
-1129.8702640614451
-1256.1584767882894

