-4256.410514808586
-3302.764973660159
-3420.911186224678
-3394.111830840875
-3143.2641484970354
-5174.758716128944
-5345.550734070765
-3846.1686913047783
-3548.3558237971883
-4945.9240461352465
-4506.663434586653
-2864.5824533741393
-2138.2002964369017
-2766.291940610212
-3097.2078845298242
-1793.217849121575
-2129.549383167729
-1858.7804847696855
-2877.8507031998215
-2285.0495604042767
-1951.1388645311802
-2078.2156994445563
-2120.1979185355794
-2082.357905733039
-1706.0525569540275
-1904.734327432812
-2545.0040025920234
-1921.25699928781
-1768.376224913651
-1825.4270424050146
-1873.6228977259898
-1891.012734384834
-1801.0264465694918
-1956.3593789275624
-1983.9561874751205
-1721.616798585822
-1701.8583940081658
-2250.8309559142176
-2180.4791717517596
-2068.7145906380183
-1670.336032092002
-2126.0364533901216
-2038.1815241378315
-1807.747296787424
-1605.4173879437767
-1933.8644859650944
-2063.887102865965
-1937.2210495847974
-1717.1356326181876
-1997.309767797991
-2038.138943052834
-1526.354929783904
-1725.582813829361
-1908.7931583084644
-1886.8142735826955
-1467.8019047011435
-1763.6066579359044
-1541.4659740977113
-1567.9951338973306
-1398.219864909076
-1532.5285438496833
-1429.280034262183
-1659.563797025724
-1655.7873246543684
-1608.755446931775
-1666.5616325959486
-1510.4438862055395
-1929.4229606829388
-1681.32843217795
-1554.8558546629372
-1494.5709818452297
-1691.9630689795265
-1633.0768986977362
-1829.1475230635413
-1645.100343855604
-1596.1301540822442
-1607.6590612267535
-1841.2071126105564
-1559.8971020753438
-1654.7087227584002
-1628.796946985036
-1833.594217090788
-1763.1019594115598
-1511.5511225003752
-1611.2971776302752
-1755.571644628856
-2034.8801452277776
-1616.6371028609915
-1563.461308144665
-1885.4959760562683
-1594.767938268097
-1594.468797034645
-1613.7189196566787
-1760.7476035122215
-1450.7921829687757
-1760.3559259300323
-1456.6220276351823
-1559.6684587906175
-1605.3217319072664
-1390.041359513915
-1512.8224408148917
-1433.9643741597151
-1502.1210192984772
-1659.1215600844569
-1805.8496569291206
-1541.8001101778116
-1492.133813645098
-1548.8762171827598
-1729.1414759826998
-1861.810433692633
-1628.0445176023702
-1643.6005281898322
-1938.5270967261008
-1703.1187909853793
-1639.190556495539
-1635.0433248412394
-1503.2555508786766
-1560.6267198472551
-1766.641481549385
-1953.0381150693715
-1593.0641101700357
-1486.6123562490764
-1490.924217546852
-1862.4579675985367
-1544.647831589551
-1538.6698535681362
-1612.1136299398531
-1636.4361026853908
-1854.749143755373
-1789.225293114656
-1464.301592833229
-1793.3082600599266
-1542.5070664556376
-1534.2468446576206
-2058.304235839321
-1574.9268702284467
-1485.3575817646072
-1701.381974368991
-1502.0223125587002
-1709.1363505632073
-1527.354349413798
-1649.2256396523721
-1795.897080285713
-1577.5921424768055
-1858.2678364229423
-1811.7778994708274
-1681.0598082090232
-1839.7589542299318
-1731.9254260462783
-1509.5513364970018
-1472.7716812481856
-1509.8463949644165
-1525.885864139552
-1654.3675290094436
-1585.652114208374
-1595.4668842947556
-1576.4028087915717
-1534.1013341661335
-1249.2923860308365
-1499.4514805048357
-1679.480482212947
-1617.550529339769
-1758.0883536204278
-1657.8746603749707
-1556.894862501282
-1434.140525518658
-1619.174611117293
-1935.5090965908425
-1435.3247986850592
-1676.0710757103893
-1366.9935660155866
-1655.135395706587
-1629.8119610881606
-1416.8571429643505
-1476.0944019308579
-1509.288148317081
-1831.197274893711
-1634.7136804741062
-1676.6871990416075
-1614.350795867764
-1469.1359332292789
-1433.9647639412458
-1561.433416983317
-1747.588412608853
-1746.6929611664189
-1509.8720921329584
-1573.3306645532205
-1553.2790064981048
-1641.3376938746835
-1430.0780272934892
-1595.1878441536978
-1586.8958192781283
-1486.3045962084502
-1631.7226659495936
-1292.0882811761758
-1587.7569514250154
-1782.983919927244
-1621.5950365137103
-1522.9209658951559
-1463.9600604533243
-1655.1529812784183
-1463.5144232003227
-1491.0874699241785
-1691.3782402360562
-1628.9768214307871
-1443.0364838320966
-1438.6007545831706
-1542.4689100958265
-1509.7318394115189
-1535.094730498045
-1423.4136585275185
-1600.5892789560721
-1499.0312076187708
-1655.2931870841023
-1754.5453819817883
-1577.3625728158622
-1825.7449044322427
-1612.4748362649013
-1449.6146742431022
-1535.4875928399472
-1546.5716303761885
-1573.6731448027183
-1628.005690277681
-1472.3056097027936
-1462.243539134365
-1502.6577500429403
-1485.2189617412437
-1411.754678366362
-1435.1737303650507
-1572.4846753599236
-1464.6070968121894
-1636.3236297239823
-1492.8899192058536
-1532.115962801137
-1586.5590514790265
-1620.8605787075994
-1409.0326515936401
-1451.2882819493364
-1539.6799299760023
-1602.3155859949707
-1778.7058114867045
-1641.3764346564333
-1693.6338566085087
-1703.4649027625348
-1766.43876989012
-1631.2457006400682
-1628.310293806581
-1592.4021908222564
-1614.0328740802718
-1458.3992361682617
-1426.8492995934405
-1377.2121020403551
-1519.6506005721299
-1425.8174735339956
-1348.8290587561928
-1593.7355659506793
-1397.189480947167
-1536.8674494951626
-1561.6130577604554
-1538.367931028616
-1581.2387958150691
-1420.1638781211125
-1454.9198668349081
-1508.685723002537
-1517.2411424196682
-1551.7837469791073
-1707.1589720931877
-1646.3151108131065
-1496.3623801172619
-1501.1588921443597
-1811.023410156962
-1542.3324683706187
-1563.7790223746867
-1540.2717828284265
-1562.4527807232585
-1527.7161495168202
-1799.1828567256607
-1557.7036421568603
-1493.6992124618403
-1596.530380501023
-1545.660858479859
-1575.6383157345747
-1581.988822184866
-1719.124610399079
-1312.220855387
-1436.081045945662
-1444.8685731106762
-1684.4400604520074
-1678.442591759061
-1500.7110028371417
-1439.031643638863
-1347.4715776914084
-1654.194386205685
-1600.1551806462953
-1676.2767828652281
-1573.505046630778
-1621.9133549567957
-1604.3896532927
-1609.904680880062
-1517.1636039313084
-1459.322243149028
-1572.1894994389856
-1453.7693719179013
-1383.4993462244859
-1560.5411894096449
-1381.9419029400565
-1572.538840248792
-1526.8144972531177
-1619.384823314017
-1643.274630431087
-1495.4427562179706
-1511.4477625403658
-1623.9790430781836
-1528.5650139086683
-1448.6373774549468
-1640.8530277170507
-1541.0362853801107
-1483.3501195848883
-1439.6195620924564
-1405.484002809485
-1645.7071388351708
-1554.5926535289211
-1466.194703615025
-1477.5564572104595
-1476.7820967765488
-1536.8608700288519
-1520.8315734669045
-1577.4483641614506
-1829.091003909156
-1541.3595224973562
-1622.2435387470262
-1653.2983938867035
-1663.7749894952833
-1707.6775893398592
-1581.3945330549168
-1535.0426558979984
-1787.01863915144
-1575.5204979488801
-1627.5029594131179
-1769.673694501969
-1610.5035213816666
-1408.3155507110114
-1516.2742400687891
-1638.6172467541326
-1488.6321000384469
-1543.8615145231452
-1639.7336425399587
-1603.6037688247504
-1485.463110272412
-1585.4990063593937
-1587.4496513889305
-1308.9837615274782
-1511.984441417515
-1437.0303138106065
-1529.8788627532135
-1450.8636667298365
-1581.420822398666
-1559.2645239880785
-1611.0669405192043
-1626.5295400019368
-1526.9703276589987
-1511.2322372771848
-1513.5874894472838
-1447.3777568042974
-1486.958862280468
-1488.0974442057882
-1254.2502003470663
-1605.0822731590465
-1325.5640521425564
-1373.7648095821155
-1303.3172518070426
-1431.1522625738749
-1725.9334901972748
-1480.6150502819173
-1447.7222338023998
-1656.1949219597936
-1524.5145423100882
-1657.8141268938891
-1436.4291553536598
-1701.7929882429844
-1466.456531135981
-1820.8048906444108
-1568.6350046207533
-1414.625423953142
-1580.4964315282689
-1625.297484061006
-1483.1576386062093
-1668.3624140934032
-1565.1168413702949
-1579.3532995023656
-1547.7431027037696
-1544.6342929249358
-1302.0159910986501
-1544.4165927223153
-1431.2746032699608
-1452.2875914343576
-1588.9751575644937
-1263.8302615658977
-1362.136901231103
-1450.284820891323
-1651.0695139313937
-1652.1598101025857
-1390.3606405367186
-1467.1831622497239
-1626.5610091257804
-1468.935363880128
-1590.1713851490654
-1598.654527299959
-1533.9986662407348
-1535.2568656422886
-1639.5981204317945
-1487.1491691803355
-1521.2919808468746
-1707.5120685758282
-1636.0091206189093
-1387.9633560100808
-1428.890233138296
-1583.3456106914568
-1345.951739017827
-1632.9511199409933
-1364.5371960067746
-1596.6349896286476
-1713.8210090886823
-1525.3194510263695
-1512.674009603186
-1804.7761811507285
-1509.8619465214426
-1779.9890483028553
-1566.5130479952456
-1412.4407865238313
-1833.1489353563652
-1637.2011229712953
-1439.2079055619433
-1324.5905797647724
-1698.9668420440853
-1434.8308531017092
-1564.8556683612896
-1615.2844174519942
-1558.578294822139
-1661.8387924464855
-1854.013124337189
-1636.250928791918
-1694.7070152871495
-1508.3757385423257
-1435.4759455609646
-1514.8548063192716
-1565.9234485993588
-1405.5473094323745
-1292.672528176914
-1616.0708928454508
-1570.0265355121376
-1539.036399737342
-1598.642542806247
-1414.7789457779868
-1445.321140690836
-1542.7042980206438
-1496.2709479692346
-1707.8811917775456
-1298.6653863817276
-1661.4236809495953
-1449.8803395541242
-1440.4665707418446
-1534.0639665226206
-1648.1844346397859
-1458.0245142461115
-1408.7334034005635
-1440.061616301503
-1326.9495321389886
-1491.628833123874
-1446.8250252829193
-1318.2284270312211
-1370.2766583341397
-1390.4195747845802
-1460.7854713007575
-1587.1198166929244
-1680.820901605138
-1445.4315592617772
-1482.3814375276497
-1589.5393873011974
-1740.6064970622156
-1583.8810121273013
-1412.1286748018304
-1727.381230466301
-1590.0495625214626
-1305.5293233762227
-1534.0641015118108
-1601.941762941933
-1366.4741277674923
-1404.7741653930016
-1576.864378365235
-1357.414295702534
-1428.649018679724
-1569.3769817567957
-1580.4021253192466
-1675.6860921787286
-1811.1379888909146
-1436.602098708313
-1610.582192824969
-1593.8310420868445
-1383.60346184882
-1495.4487423018074
-1290.8251331779334
-1671.0129088055135
-1365.3991060858082
-1620.3485695080794
-1656.0897077935456
-1439.181527207735
-1775.627675543683
-1635.8317209818238
-1639.8922569486303
-1559.959998848776
-1510.412905363368
-1399.9095816261179
-1505.2848213854875
-1491.8748818629413
-1357.365685993518
-1529.5627946428276
-1388.5245221003809
-1696.114264396088
-1568.1567348910598
-1481.2727652004576
-1512.8163111329081
-1549.1716988042483
-1433.655483502326
-1403.7277528652164
-1580.8024496926053
-1570.3370135142916
-1370.0566757106822
-1615.597115807389
-1609.7907812184696
-1600.6576713738941
-1375.5943586524384
-1294.5307904733716
-1572.8529971563269
-1443.5256930414437
-1461.5650835644988
-1491.8450441257812
-1500.829479569851
-1516.9027364847939
-1504.2985111875898
-1722.499107025307
-1418.615743881018
-1420.649094694965
-1451.3648690887167
-1294.4951391616778
-1366.3311810053856
-1358.708702185384
-1632.2230884130279
-1705.920473920346
-1545.0806501619722
-1490.4022584885497
-1587.8073127417638
-1427.172986643502
-1416.6089181253362
-1383.015048173723
-1488.024283016041
-1506.21375501914
-1455.2261344554097
-1757.1378879479876
-1433.4828472872362
-1317.0929354112795
-1652.161657765026
-1500.9768056753637
-1477.5623217108987
-1487.9606740913578
-1401.2035250888346
-1622.6919085009365
-1430.8928099176921
-1639.3213067302515
-1665.1412430676376
-1494.4734905741705
-1557.5771787396193
-1565.1159385225487
-1585.1272547981694
-1806.7825576176458
-1509.1803854791601
-1549.6378500779142
-1368.8009486548508
-1496.5995239544015
-1507.0904593583814
-1625.6219749299203
-1382.8874153385593
-1597.2426886437158
-1506.2271179494287
-1422.9643608889482
-1326.32547153279
-1614.9121421561715
-1408.0658048850112
-1701.8340539185115
-1498.3506244824216
-1588.315826314448
-1396.7692399654895
-1540.0243823594276
-1311.3007267249868
-1540.0719117114638
-1542.3183775709172
-1478.3138481472297
-1654.716319167723
-1463.2735905611114
-1544.0058447299405
-1515.2779180214286
-1415.8406930287138
-1626.912871048697
-1392.5502319861405
-1421.0473134200697
-1339.8085134834405
-1405.0997780190846
-1266.3356323271773
-1506.4174644123086
-1392.4357766483145
-1612.9933196369916
-1531.4433847263588
-1449.109622236179
-1486.3607546000696
-1486.6740965111758
-1544.1511974307034
-1382.400514379261
-1433.9066517109072
-1370.101173058098
-1534.6872185916454
-1351.1283452176388
-1490.9599787246786
-1595.5260476583733
-1538.770625669998
-1359.5255488577914
-1447.058188478859
-1409.2391163831394
-1510.7803338301896
-1380.1592316161536
-1319.0830334920497
-1464.2245245066874
-1441.2192629094407
-1483.906383605407
-1530.6341232806012
-1432.506381929663
-1619.826082249525
-1503.1274346753419
-1439.261603400833
-1444.9491247082483
-1707.241158259495
-1484.1032655393794
-1220.0902193837435
-1438.0171828923828
-1338.4150487958345
-1578.6503891057769
-1588.564209404863
-1484.6024847873446
-1280.2919146077365
-1317.9652155547794
-1422.670433426073
-1670.6825603322434
-1347.3891804005566
-1453.1622225970261
-1646.6285640240358
-1358.4068738056249
-1418.1096992162013
-1624.997680864101
-1548.8535343486617
-1589.9176717896592
-1348.5025834149171
-1446.6084910182396
-1405.9645242726172
-1559.111466923891
-1306.1993863167959
-1290.5490993947208
-1278.2120464619752
-1560.9854479080798
-1582.5581111792474
-1443.2088077659707
-1388.7822927730751
-1502.8099007283258
-1421.0971488015618
-1739.1366524337823
-1573.4189218640793
-1386.0421005101714
-1315.0455784351605
-1504.4425091954781
-1423.823257399639
-1485.5517236359628
-1553.62985188399
-1552.469130590744
-1454.136672415421
-1497.1646076279371
-1435.4809472771049
-1426.587352043041
-1558.5747571794532
-1559.659495917601
-1459.8768984877465
-1356.9402465395515
-1478.6795919148067
-1500.9978049869233
-1493.8630207273327
-1534.2347877705492
-1382.808140990502
-1609.8455228377666
-1576.048161478795
-1525.1935791763487
-1366.2806052876012
-1380.8885986632256
-1423.8961817093093
-1544.3333510213301
-1357.022469610436
-1320.9397711034803
-1533.3360532987845
-1379.119909323447
-1538.3896675983756
-1614.2910110733012
-1327.6742306699064
-1412.9358685337397
-1316.1981910484235
-1411.0034265872036
-1432.1785603372712
-1415.0385604646656
-1494.1017588758295
-1543.8965755719162
-1434.7935093915564
-1530.2541118753825
-1425.1562880618235
-1426.9466316796636
-1413.9831235289712
-1416.8021998643767
-1479.540683746805
-1480.0447856809608
-1624.9188903546167
-1314.6341386085112
-1552.248580342572
-1398.7569382362021
-1436.67114718291
-1547.637647417136
-1513.064486504026
-1559.7461262333559
-1281.0185698823157
-1639.7728951830093
-1507.8378656304599
-1496.8699500669081
-1538.777177069619
-1471.0413933110613
-1448.0390524405425
-1527.6843472232194
-1440.6426688351905
-1392.119565192523
-1485.1032609019085
-1521.5506872136168
-1400.124194347602
-1557.1783166350565
-1561.9557943293214
-1396.7100205519707
-1466.6140341693094
-1679.5284542212482
-1378.8878904068267
-1317.7084073024687
-1442.4266567137759
-1512.0698872914872
-1540.2731226938702
-1459.5479918003714
-1471.2173695671681
-1301.1925455661042
-1515.897152355512
-1299.5779025828022
-1395.0857825418145
-1397.5190936458837
-1430.5055917692584
-1507.9609401358882
-1385.3824793120236
-1506.9713250389482
-1404.4893276012003
-1628.1905871821082
-1474.033539872106
-1595.3219934265173
-1293.9992639702741
-1344.9280940393853
-1402.9078425963205
-1479.5180368584997
-1416.0430856568892
-1214.2755271090741
-1340.5912318204723
-1466.4576504433921
-1394.7841880209148
-1296.8123041915205
-1662.9318497643717
-1436.9674081650228
-1332.3217964632768
-1573.5937868093138
-1462.259323251061
-1678.9943941146228
-1467.523842378577
-1533.0242872114725
-1470.9170464613132
-1450.8131975800002
-1430.0327552758376
-1511.262101484917
-1591.1432085628724
-1483.985024444749
-1517.0637344497693
-1368.3906514892167
-1390.6613727976173
-1457.0391029453567
-1403.4030908996558
-1776.7761977232
-1592.0188705234646
-1477.9594571183668
-1445.5040233306122
-1436.6049383630882
-1468.7866136998255
-1539.1964132439673
-1623.1502934337434
-1425.0942885922027
-1433.4032405840321
-1450.4916527791954
-1378.7415414225661
-1380.7121794910677
-1469.233450681686
-1322.5551154583416
-1482.6426226129822
-1505.462629008001
-1396.6846750569175
-1381.0274215003365
-1284.0410090979901
-1542.76351006921
-1563.1710629527852
-1518.7906924950528
-1502.196119488512
-1400.372831775956
-1655.9107795912037
-1361.0745386353392
-1562.8423513897324
-1708.0257866628576
-1441.6129460826162
-1570.9699006989877
-1416.0797134074828
-1311.9501330156577
-1454.6654675274362
-1620.6797487839078
-1369.87346755657
-1454.5049549861815
-1350.31288227612
-1366.16571553262
-1413.0376698105856
-1297.4464628905498
-1660.347419947847
-1365.515533305711
-1356.9327689477634
-1476.0420907325708
-1390.198791754627
-1339.3001227911573
-1334.365460187045
-1561.960539571803
-1369.942069096545
-1446.5711622742042
-1347.2776104829354
-1478.0374207718185
-1371.7384845943131
-1493.2778009962144
-1542.7498001983558
-1518.5331055992938
-1544.7571882006625
-1363.360416811387
-1386.3028344766367
-1536.1288738125832
-1532.5479492332727
-1426.802974845512
-1468.476665980574
-1463.4560472884864
-1329.0467095763897
-1387.5615591702544
-1450.6932363070669
-1355.6926303291086
-1266.8484157518365
-1344.8441918554863
-1457.7280581896298
-1492.1265943614467
-1345.4554652322317
-1508.6624210448733
-1496.6717795259583
-1638.479069877359
-1629.1416041135449
-1556.5153236423735
-1578.7481765604389
-1335.581692259168
-1430.723528924225
-1447.9860687616206
-1351.4365782588072
-1667.0451869142325
-1420.3154932058515
-1377.0576971776368
-1750.7951723849021
-1421.1179707307513
-1369.2868700343095
-1327.2577091583469
-1403.1374334488019
-1376.170645158935
-1524.5898326887275
-1248.9998470007502
-1488.1149206063808
-1669.8759818105634
-1451.4537637238284
-1368.3964840464519
-1519.2637375871186
-1463.6983283063591
-1460.4056539901255
-1367.1095345438312
-1547.4648848424292
-1288.7960490992064
-1441.3514995851094
-1592.3153435970933
-1523.1960331899475
-1531.4297992826266
-1526.2088215022059
-1405.3653708980312
-1351.59483633034
-1482.4540439391867
-1707.8605055389837
-1559.503545594688
-1390.0518153469898
-1409.6158839111833
-1319.5357083513697
-1435.571501205294
-1633.8524237902893
-1592.2916916868162
-1402.1561149757224
-1561.5309789092819
-1525.4479208216794
-1383.4699635777092
-1416.8274364999168
-1488.5161155909543
-1505.9500036389509
-1489.8047830581163
-1594.8411975321528
-1460.7703874625174
-1495.095856227552
-1563.1656447821385
-1311.1820722028906
-1437.2466590671024
-1372.7542745792182
-1689.256228838276
-1430.9372015369427
-1426.874322802731
-1433.0113565651304
-1416.5029510214756
-1442.2637533916666
-1535.8782879961427
-1212.8121889061356
-1378.10644503379
-1431.7931312612616
-1379.7084657451355
-1474.7953586806022
-1381.0800430889165
-1608.667763713343
-1378.357018263419
-1380.778969167194
-1493.2052209369554
-1499.0421778372777
-1352.1580592662874
-1383.978015764982
-1538.598426793338
-1314.6572260674732
-1419.4261568318932
-1494.6138888970183
-1227.4067491494066
-1428.9841260964713
-1577.4182153022095
-1520.2589887759566
-1376.8874865947564
-1479.5421543154416
-1293.6084246584453
-1503.1294139775139
-1481.7938279972195
-1415.2291506671484
-1479.4159374854894
-1463.7316058946967
-1449.098859763664
-1253.4369502162656
-1526.7694875741486
-1370.3133977590237
-1509.47914367475
-1388.8607239316116
-1407.9892776969
-1636.1792677640638
-1422.5411436990357
-1654.500021217482
-1352.9343807469245
-1537.5146253125265
-1510.8012356044258
-1444.463840939409
-1715.6188468093771
-1419.4114184675348
-1448.1373370497722
-1436.6285653557811
-1278.1822534620646
-1407.7933336345006
-1463.9185824127233
-1370.1050597174974
-1547.6790316736945
-1349.7745935405271
-1580.332756745855
-1305.7248641802444
-1498.2552678360105
-1557.3423255706832
-1517.6699971830901
-1557.7790658382023
-1521.1201339339657
-1444.490854568711
-1411.1335307224438
-1500.0981300797173
-1235.9333144471839
-1492.0513778445952
-1481.7995347107342
-1438.8577698013194
-1626.949200963051
-1486.4506877822935
-1455.7516300215254
-1535.8877289424308
-1389.9230940483098
-1547.29073928096
-1405.0019226277398
-1617.2406531809497
-1617.4978158648328
-1374.7668644394846
-1286.170350698
-1332.796948847156
-1394.0710478559026
-1446.643796654857
-1539.6244419830548
-1333.8724271236374
-1616.5954194005465
-1552.9734460450334
-1509.4544354239067
-1557.992557650627
-1377.7653786145345
-1476.5227342564556
-1369.2883535439057
-1247.448372322367
-1334.2577202490902
-1323.8265571855025
-1383.4866879457938
-1353.6920553252673
-1308.8464260552653
-1434.560302193429
-1506.375618736339
-1394.0799718283615
-1332.8649287021449
-1385.967208840154
-1601.4362203122303
-1306.0766561702587
-1546.6295205374754
-1547.3917184744882
-1270.5979645150544
-1364.3302398419437
-1505.988924974267
-1462.0737127069635
-1375.6946916769932
-1309.9230667266345
-1507.8506387932666
-1299.549796099975
-1499.986991645029
-1394.7950858848606
-1458.4255141405017
-1526.7372452251482
-1377.3089801013427
-1552.5209052082091
-1386.2472521337365
-1506.8491935246425
-1486.703699727462
-1493.553097486744
-1628.2662006089167
-1542.4874091777667
-1449.729343746141
-1418.9687714544843
-1578.364648640442
-1556.7045816762961
-1392.3902840613991
-1481.3598415472889
-1514.561933665443
-1543.215091665469
-1370.6386671461062
-1620.9916449343677
-1265.198623510649
-1154.3484404602682
-1444.1789562136678
-1377.3043950555061
-1477.5552604374936
-1376.6086749163949
-1421.5113260577966
-1341.122597031099
-1457.3388068936297
-1650.726872117211
-1570.3491683655914
-1772.735377536562
-1392.873349216653
-1543.6105617874555
-1619.7400157068557
-1344.345965618186
-1331.2828353185364
-1446.5342255084622
-1691.375238191468
-1539.6104776617628
-1541.8621000885446
-1303.0491805900472
-1374.8806097875427
-1370.240479851431
-1420.0312535613216
-1431.82765528717
-1453.4305374834353
-1540.6899812417025
-1481.8381597963082
-1440.3543435574202
-1522.6768889923903
-1389.53248954542
-1518.4867681693368
-1401.2956004014611
-1374.2988414993724
-1572.2513264260538
-1462.1314806414907
-1447.0520393044317
-1693.140357209338
-1469.3615177311272
-1321.9785268524915
-1431.1130799724704
-1531.4286085579868
-1413.8983939577608
-1320.5731506490424
-1693.2825665487385
-1391.663978385243
-1521.8388850635858
-1474.2905347457738
-1373.7038840956138
-1430.232358745936
-1513.041302575789
-1372.3777217508532
-1514.9952271697707
-1364.4687469163116
-1483.4409248727595
-1294.9347889564503
-1369.4132510203385
-1538.183429593846
-1350.545988070244
-1432.5013851767435
-1437.3848209096443
-1551.5631214444138
-1362.5835731985349
-1486.120570875935
-1483.1300382427503
-1413.1616457421933
-1354.712071729471
-1606.732140333842
-1562.6919479819308
-1289.207839046873
-1536.387822552275
-1488.6404788102911
-1385.8689009649133
-1479.208736660968
-1318.8672379638779
-1363.8627229416215
-1625.1751909411657
-1483.3433385376165
-1507.1330479631451
-1356.8153700380892
-1583.4938064210223
-1484.3465327888784
-1463.7349724619378
-1636.2919559432407
-1430.2171121191816
-1583.1435080542838
-1525.9523595113415
-1586.5780055980247
-1554.5265858313319
-1374.7881659159286
-1195.0523851413482
-1539.901649107296
-1487.773433259695
-1445.4571740396716
-1508.2416985557768
-1503.2020886990047
-1364.552537530524
-1284.4026418812891
-1497.3000312344027
-1433.0442508284655
-1486.015064441442
-1685.4847545060616
-1433.0451261118642
-1484.720498201074
-1349.0332819445612
-1635.9931990418056
-1604.6971778376592
-1506.308725167955
-1685.6101660628883
-1478.9350588702948
-1486.2547617972239
-1554.60214569623
-1546.5882349594578
-1376.92221503899
-1432.9605078094453
-1507.2744371846634
-1331.2853692552628
-1434.5906792914532
-1434.6557969726691
-1483.558996433652
-1477.4956486764918
-1524.4268188847232
-1452.8922532079569
-1421.276964573974
-1480.8452263439033
-1525.5088658492182
-1331.1607473718561
-1287.7715708875835
-1410.5267878283303
-1448.57462478656
-1315.812938994751
-1443.4091630589837
-1478.791633569845
-1401.398782571851
-1395.4632361036195
-1432.180811418444
-1506.5724221742046
-1525.01082019702
-1461.2765111920635
-1429.467255105883
-1393.7040335886445
-1440.3328307105817
-1431.106051984763
-1325.4690654480346
-1428.9138033239828
-1431.3038046688305
-1565.3015089367216
-1490.5624391615027
-1349.0237664246863
-1535.8685964891347
-1413.1921050830128
-1484.9702168775343
-1380.0443390347236
-1400.3907127474126
-1307.7212380674368
-1359.1437575244383
-1388.3061390420742
-1620.042626689057
-1361.1082726480925
-1441.2783310509467
-1496.77254160108
-1517.8472775254418
-1485.5038983062657
-1276.2563895458009
-1326.2652269490047
-1419.6782167168833
-1341.525661690123
-1469.8453567066556
-1343.951811285918
-1551.4399127723773
-1549.617478066515
-1460.285197913272
-1343.9052402231098
-1589.6893713860384
-1415.2769042086097
-1429.7257949459665
-1410.396322001617
-1397.3990712957739
-1332.0435588951382
-1564.7888105845582
-1370.2540014068609
-1504.3046874880392
-1492.5177797383865
-1525.1146128444748
-1505.7351451476782
-1404.8486908524967
-1458.4588339430788
-1390.0469062733243
-1540.1073871224467
-1465.712190687796
-1479.4881797194146
-1479.5269435502628
-1494.181467239312
-1565.396650441328
-1480.750597075131
-1597.9453764820935
-1435.7596827556472
-1368.623216514278
-1429.6392524961445
-1441.0865395324097
-1438.2375045036752
-1469.3067010446805
-1455.002513830873
-1419.6759440906571
-1502.5788416570376
-1752.621916616833
-1442.8726046774175
-1447.2409406613604
-1440.8953124188508
-1495.9607447984201
-1330.4902139476017
-1444.060543725046
-1335.2661846815342
-1456.9759897253261
-1286.7740141547974
-1680.7631355776696
-1406.3518434964662
-1388.5971660634357
-1302.1259379528476
-1847.9145682987485
-1402.0751067949209
-1627.8190886045093
-1412.1412984386518
-1312.8354665658496
-1562.9303203955596
-1362.9267689978458
-1579.4274167616493
-1313.0409937517873
-1452.134836164513
-1426.0126930174401
-1389.5328697034308
-1425.7763954535394
-1444.2822175733806
-1482.0570669271535
-1479.1451414311525
-1393.822826468023
-1604.5127082586196
-1614.310646026692
-1547.7988072996568
-1495.2650784283403
-1467.7610677950133
-1516.9122111335737
-1511.8593335803314
-1469.3474038884247
-1331.8329563190332
-1368.8170816493823
-1297.6675447697116
-1411.2670290326116
-1260.667864937078
-1538.89094911088
-1395.6533391984635
-1466.8364031925094
-1316.4228531820345
-1414.2172630687955
-1516.7272356997696
-1437.1031849497597
-1239.8358622534413
-1664.2609253141468
-1415.653733895634
-1431.823039686776
-1474.9096518917154
-1515.354325500545
-1310.3775746719857
-1424.5212181050683
-1486.8255776481121
-1673.6660792507862
-1460.217829517996
-1638.122446036931
-1347.9487516245995
-1495.908703061399
-1450.5107830564723
-1508.8572176014084
-1443.596765525616
-1605.983281315763
-1275.4273276854967
-1410.2576601280014
-1648.3419286607293
-1550.8398256429498
-1647.8111559099468
-1424.263554387187
-1509.95134117127
-1487.1186526001932
-1440.4145014551334
-1308.7828256906623
-1362.9342582538345
-1560.3843910849973
-1437.4930809521575
-1283.8772287009203
-1343.794188668183
-1599.2273742789969
-1358.1967561363251
-1523.2182164101926
-1375.6754272750838
-1520.3507533399625
-1234.7812786421573
-1499.2876909383879
-1589.7768865215228
-1608.0320266390959
-1453.7226623597758
-1400.704031968114
-1417.1075445089398
-1336.2935091729546
-1504.7040702638574
-1395.8882543085813
-1405.5883667170754
-1462.5713048488622
-1419.7365065913712
-1520.0556489746577
-1466.035739516022
-1492.1489025983508
-1493.7248716432625
-1532.2435348715019
-1382.0305224179044
-1739.0762762766174
-1369.276598761421
-1275.9321094468833
-1404.8775769632432
-1265.2619474368682
-1534.6144092253624
-1478.706727980886
-1469.3851615160452
-1562.285457231167
-1452.267643529014
-1435.2935658482893
-1464.434428833555
-1427.5496674766348
-1534.4654955536773
-1457.0954929469442
-1382.3639491152649
-1488.0287718209147
-1548.71418429438
-1557.5546071165547
-1553.2857102783018
-1334.7073229399687
-1447.5227926957969
-1566.1015427559546
-1533.7524244117153
-1349.451281815738
-1389.7579438393705
-1458.922011115422
-1437.984054672165
-1413.1006600430965
-1570.2788912405017
-1501.1931078699197
-1559.0899617824618
-1371.7121409152203
-1498.857481818245
-1356.8379300869997
-1429.6549608491894
-1387.1448649255474
-1391.2520781547712
-1355.3143352415038
-1469.8723267948649
-1426.0997944343158
-1214.3392979466912
-1418.9073576324756
-1489.1888427470844
-1293.0130448994778
-1308.204016039159
-1409.8256479219872
-1461.4932493137055
-1344.9120835114547
-1334.0132988230007
-1205.7659842466526
-1574.4220943851753
-1532.0992194464857
-1522.8118442595678
-1585.6437336674778
-1220.9544052488318
-1507.569923254729
-1362.613327177955
-1339.3488342533042
-1413.1328905203543
-1387.3363245669655
-1508.430812944489
-1538.759233274487
-1488.137672282265
-1631.8702969902654
-1396.561816422436
-1454.7827036897781
-1453.6879455263465
-1354.0232605272388
-1467.8344337666015
-1469.4417227919976
-1451.402278965029
-1576.396957422703
-1354.3953268968892
-1486.622330535114
-1619.4116468914708
-1375.71845533921
-1621.3253337957983
-1644.9128588603169
-1481.7227487558873
-1362.7762843889934
-1344.5364321421446
-1453.0879952672528
-1526.7641972637693
-1511.361249431695
-1405.5173392452994
-1400.0288032352007
-1385.3899130429984
-1315.8548804679
-1336.2119584565285
-1406.825649267944
-1392.4380313886177
-1456.6562686784903
-1380.778444851593
-1342.70662304745
-1351.5781869081643
-1351.382915019325
-1520.8395054951118
-1546.847665070289
-1625.293266579702
-1471.0685499963447
-1364.2978453892806
-1273.8350385973067
-1240.1337129529986
-1565.5015058949007
-1486.8454311445018
-1524.473003859307
-1349.0293722567037
-1285.1808496584688
-1329.0795325402364
-1367.0963748750162
-1279.700781492198
-1447.5677143714554
-1216.2801394574835
-1289.379417415949
-1287.3255312852355
-1478.031474056393
-1529.9733728312908
-1657.794559655659
-1674.1470153495443
-1445.4923986341487
-1501.6285844797742
-1355.465181694202
-1266.7290749993213
-1521.99319093591
-1410.7914206681814
-1349.2462459326405
-1481.9478853821442
-1392.6949947352555
-1441.1072167715565
-1467.5070256469644
-1422.9419562916087
-1536.7921151182845
-1301.0246377333274
-1307.9564230402098
-1566.9250824806327
-1395.2261560264867
-1541.6897203924045
-1407.3539059688474
-1490.3989368562989
-1407.396170834678
-1462.6578862651968
-1471.573487579694
-1355.39009654107
-1526.1947968602233
-1475.161803779649
-1451.5499308730452
-1516.7801397879684
-1412.6213765054836
-1488.1645413628034
-1444.9808673724851
-1495.0805018983715
-1502.3534473257773
-1586.8369400808285
-1487.5401824792223
-1589.0724653538239
-1387.3669211936815
-1480.427420367512
-1393.7423550016376
-1369.5405834439387
-1352.8406590571506
-1470.4806970383324
-1439.0093281165343
-1352.998995036247
-1386.146091490154
-1423.4736291608722
-1460.7326760598007
-1476.1373409994435
-1488.2844377176018
-1470.0809068441802
-1550.295245332763
-1398.146415741289
-1459.8535764248816
-1404.209593878297
-1573.3523774815544
-1429.5066387785369
-1479.8176074859298
-1505.048262879641
-1503.8709013675752
-1436.115806743152
-1568.1614872285134
-1384.905269493164
-1611.4992955052198
-1605.7401720227497
-1490.2415270073773
-1374.1705754748798
-1291.6900813732955
-1479.3362027973626
-1423.1859328302228
-1471.8310659402828
-1586.9792921050407
-1358.578163475537
-1459.245863154158
-1384.8404906690776
-1581.3440946313108
-1433.6481839577843
-1322.8507311660946
-1368.424589238309
-1417.8793661319094
-1375.1227480632713
-1406.3246907062307
-1691.274638929216
-1368.790844255915
-1589.0058133464504
-1383.3318487289484
-1309.5228099354836
-1229.0003119696312
-1590.4100087119343
-1461.9222756618608
-1348.7409506699191
-1510.863428572335
-1645.019413441899
-1480.7185413952527
-1372.1761730838095
-1654.6083491534832
-1469.5044474450128
-1302.3904603684746
-1363.1005315237364
-1474.685535826792
-1221.8053195689172
-1341.0849657884532
-1453.3000366454708
-1459.5151787046211
-1582.1239994192765
-1407.9743056013713
-1391.118955397101
-1430.056617641923
-1613.5835294062836
-1394.1629351377828
-1344.3235647220818
-1387.3484976636194
-1543.7600914784991
-1473.6347991552484
-1560.3484458198172
-1503.6992303032
-1493.3141674016445
-1510.7682091513993
-1383.6742518305118
-1394.1160504448994
-1372.1010880860158
-1540.0855958384084
-1465.1693856512925
-1408.0972112060476
-1513.7381625616545
-1462.896784908467
-1367.691897697196
-1272.0797265979288
-1675.718496045372
-1288.506624470427
-1307.214379444391
-1524.15607685598
-1438.6542184556124
-1343.3055156914038
-1290.3880850443495
-1375.215922958701
-1345.7116820988335
-1475.8927207637703
-1501.739188778084
-1415.9274969187843
-1489.17898565526
-1722.3150655110537
-1402.687083090324
-1610.477235544388
-1539.4829509556528
-1320.7336726901397
-1502.7891882658762
-1366.5396453222709
-1639.9386931064344
-1275.6117494359407
-1480.2913371499244
-1451.153546858734
-1476.5208912833266
-1390.9830498910585
-1425.149772271315
-1507.5953392942677
-1455.5210943524914
-1404.074149650869
-1468.3212202691393
-1416.10433317552
-1372.4521311173141
-1405.7100902517193
-1509.519765236796
-1517.5131182454284
-1331.0810062473322
-1481.3154321965774
-1483.2893793009735
-1352.6111977340906
-1435.8024438010943
-1422.1983828490736
-1423.8022916678442
-1470.151361220131
-1527.043717483965
-1382.8897344720042
-1479.5793209614176
-1384.4799214033462
-1457.740302228064
-1382.85853910964
-1464.4033807647534
-1427.6513416369712
-1625.857479890085
-1436.6063260062922
-1503.4916148233522
-1274.2758814867427
-1601.5182084836458
-1395.6740055275075
-1422.610260780724
-1341.130437813974
-1705.0381068946847
-1423.419583670886
-1502.042848067117
-1437.7412301570341
-1490.5730496661522
-1525.6753995597223
-1570.789512986527
-1473.5284475300462
-1413.8542988386364
-1420.6602558942477
-1305.8403117010746
-1377.8877674472121
-1519.1560900810227
-1504.4554518126288
-1364.6023914217878
-1384.1695472236345
-1635.3886715403048
-1597.261035622151
-1521.0210791780253
-1555.666454605666
-1265.6058127579938
-1479.869296439912
-1464.3303135598692
-1645.6911652639028
-1563.727639219948
-1478.0441764756993
-1588.8162452684903
-1475.1445503514387
-1454.8555565780637
-1231.7498172331766
-1399.4865725255006
-1377.485195235658
-1276.386700580794
-1485.3289311969318
-1493.3604714785197
-1417.8193597813583
-1528.4670443921084
-1459.9904141469376
-1315.1492658487607
-1430.2355322573626
-1492.2449641736307
-1391.4833623585207
-1521.5514680781491
-1288.5577472973748
-1355.8268881258339
-1381.5321067143125
-1437.8920587300854
-1551.73686142857
-1435.207976892604
-1511.6467510772115
-1586.178983955229
-1486.5962104737584
-1332.6366494260476
-1366.403774406888
-1445.8831799914692
-1488.9806829822617
-1411.349441161527
-1608.3364765654726
-1587.946285729273
-1562.8285754640297
-1423.190463167042
-1482.7648005088533
-1443.618984623845
-1600.802417793899
-1676.8990531979466
-1269.2089478007854
-1388.8720506402235
-1477.5206762513274
-1499.6559696601696
-1474.4123840823752
-1662.2512656972206
-1407.5146253277148
-1502.32007126383
-1482.1793492399595
-1383.930231633012
-1483.0594656799808
-1566.7790698911924
-1557.4967554769182
-1560.6435276451266
-1403.1638111935945
-1361.6522164904611
-1478.5220951224926
-1389.9770689193317
-1418.1225977685667
-1468.1608253800962
-1457.3344095326827
-1532.4651594523043
-1391.020890087293
-1459.0713893920881
-1333.6593567110108
-1253.9601396128228
-1604.0698790670858
-1453.778652761095
-1501.9571048275618
-1388.3977138022694
-1491.4964715938077
-1450.3463930171856
-1356.5402848546773
-1442.6040570888624
-1489.6213171864547
-1611.0520138404079
-1396.359860758394
-1532.5243513575458
-1558.4402497668402
-1302.174348107954
-1277.522908556108
-1363.9861369456628
-1427.774584728572
-1383.8374369286341
-1471.178143584714
-1394.3256056660089
-1487.453296982262
-1455.8726903548911
-1448.0748317545115
-1645.9858675443788
-1482.753973445131
-1426.405870181715
-1414.1918166261812
-1648.7107672936947
-1449.7215820558126
-1520.5348551780924
-1486.45185694255
-1493.1662736834605
-1376.8667736502991
-1572.7165529920348
-1431.573344005808
-1628.2789658125218
-1509.811464561866
-1531.6593294468473
-1566.277980545061
-1479.2166662705363
-1320.7801312112547
-1408.4133866513628
-1448.0446410960044
-1556.6204447482064
-1393.0884630474482
-1502.3155170186474
-1382.7764358267802
-1511.9462172422354
-1497.2122473662505
-1379.4571015618667
-1327.8324249338878
-1417.8963567705568
-1376.1400859970495
-1547.6054019549556
-1620.483458520873
-1277.6923051462318
-1554.9768009023026
-1558.1228532264881
-1596.9144329283467
-1554.653884548371
-1284.886969141641
-1646.8259759765078
-1522.18592606
-1380.847344548664
-1501.0257115293057
-1470.2158717361242
-1481.512438802352
-1524.6079807405397
-1377.3304739992873
-1182.4557293082503
-1507.846119249703
-1613.213782256584
-1454.6066356863441
-1508.5459848156142
-1593.3215701043944
-1487.0982473838187
-1483.9000464464705
-1425.5681648425275
-1373.575802684291
-1354.509280034104
-1391.0999707405026
-1484.8859567257664
-1504.8294150726167
-1559.3243141108828
-1572.628186190956
-1380.7549858061316
-1516.5629793640444
-1501.7073496436958
-1329.9028689694965
-1303.3136488410669
-1384.43466369501
-1285.535086124203
-1437.4034000714482
-1379.0599842503661
-1455.8532423819
-1413.342064083381
-1385.0156082406045
-1365.9220266304126
-1480.7819676745228
-1493.1386874978928
-1446.4735538489797
-1622.5124951699397
-1488.1286974373072
-1258.5186640799443
-1487.0813506471875
-1442.4076917355876
-1534.5432709288445
-1253.19228483974
-1472.8886374629267
-1494.79984330272
-1495.6914141491657
-1320.1691995865515
-1422.8031206678913
-1405.233646741926
-1539.1273537683571
-1561.3480526544959
-1523.5827267969687
-1441.2571497293293
-1519.1733517284779
-1477.4987662032668
-1612.860309911319
-1433.974609594408
-1211.6618853919008
-1467.5512791801812
-1690.0661747193333
-1519.2868008452488
-1323.193439244736
-1445.5232375380035
-1499.9461799782252
-1488.4277974560944
-1414.1920975860623
-1392.2026946111964
-1352.8699356857726
-1308.2582055604523
-1244.9227319982904
-1415.5631348247216
-1604.5947738631216
-1671.9378954075555
-1363.3298560090616
-1473.2001120757975
-1547.1543231373746
-1362.0338445805226
-1355.0809389266644
-1390.7690414941042
-1308.8066129210415
-1483.8670165737215
-1448.5883832299999
-1331.8032735219326
-1558.1712095561493
-1502.703680690779
-1523.7375610375777
-1605.4152793947067
-1521.7335400522845
-1508.7765064580944
-1664.2438230595744
-1298.054572135995
-1395.1659784682683
-1550.4622451960954
-1412.305856385307
-1461.0884226366343
-1418.8406304467442
-1541.7045246830755
-1358.6218037592703
-1384.2673649930903
-1552.843064088537
-1618.7940925647442
-1421.410359842222
-1549.3362627479014
-1517.4450009569357
-1447.9988599167916
-1372.3386732013714
-1347.406416170955
-1528.4607444855803
-1383.3534772875923
-1599.9556658333572
-1494.5077730552653
-1381.578392402802
-1338.4445921529507
-1548.3251836370166
-1686.4092127146282
-1442.5857061926622
-1624.9926723334618
-1569.768576442824
-1421.7479547218038
-1440.2175544417046
-1475.1867253870603
-1433.6250181502105
-1261.7943380670272
-1587.1671839742176
-1556.6336612048933
-1314.746861594914
-1520.6446837043657
-1467.9760155476001
-1465.1483819027499
-1362.998456938236
-1362.818898601486
-1308.8671901581465
-1506.119100702723
-1551.4909775395304
-1383.7573763357086
-1397.584632837522
-1408.581272023199
-1561.1365396545195
-1435.2104027899038
-1342.8906735236246
-1320.31299862221
-1482.7699938814435
-1507.2875024648379
-1679.9545951200048
-1272.7903263555852
-1454.5394305994669
-1292.7580192115954

