-1442.9179468436732
-1408.2076251331064
-1749.0695060378218
-1463.6922883032257
-1378.5020926223858
-1610.556493768386
-1472.3638391219142
-1587.4800637193323
-1551.3519424246363
-1867.8333882936886
-2769.5206107202243
-1665.4391251933391
-1715.461770951997
-1289.8239496864799
-1165.3814212828381
-1227.6328584905423
-1174.0631261431315
-986.4382760987583
-1068.6129268262196
-1085.1686216730914
-1096.5141805460196
-1136.8992365091183
-1217.1361450628344
-1018.08307834231
-1013.8742214657319
-1075.3571761217188
-1097.638551514051
-1202.4302949622554
-1049.716998391202
-1151.605742967261
-928.1213362937724
-1165.3648538735852
-1166.0000762776613
-1099.1143898243547
-986.8962468771794
-1069.768865816261
-1005.8580926026958
-978.6545876056995
-909.4934448755469
-975.9547052631284
-1036.827616935791
-1093.6782460308714
-1008.9788123936005
-1037.5384822624144
-926.0997696771191
-1170.5169702691257
-1135.8255710045105
-1056.4209363202506
-1124.3997567504866
-1023.6798510069226
-1283.1405587794088
-1123.8213833449447
-964.7697336232592
-963.5859166098562
-921.2971816511216
-1079.5594145183247
-1180.4281533494977
-1208.005592160758
-1078.8963300704359
-889.9746009593927
-957.1072616393891
-947.8705307329983
-1083.0697580111234
-1192.6603346167435
-1187.5292961496323
-945.1907933213632
-1049.6827643601762
-1021.8795077364099
-1028.5901473631648
-1027.5998620920536
-915.6887474145508
-956.2309322416079
-976.6699530620645
-1042.1125057851846
-1008.8858300748788
-1105.4435190793624
-961.1564894487882
-1039.3379285639394
-859.7175945164614
-1070.2596196786155
-1095.188164111936
-1120.4236259792503
-1269.649530482273
-901.2438415005549
-1007.234605276368
-922.9106734446494
-1152.0346333103182
-980.1642491096824
-1017.4928470547206
-1052.2248233955877
-920.978254911055
-1026.1809689791162
-1006.3567387705355
-942.6857525116243
-1224.9623853609585
-1072.0808401375937
-1104.7516245573552
-903.4844644339636
-1098.9719186240497
-1133.5272097198283
-901.4615999799764
-914.0843763771132
-1017.7145394065706
-1059.0904033229033
-1074.476015927721
-809.6999766732257
-1044.4332272918743
-908.9019188070779
-994.5625650991932
-946.5285901019629
-896.7090138640948
-875.2816902904084
-846.3594065919893
-1051.9460563363236
-938.9271894814179
-1200.33230432903
-899.8459433833189
-1161.4896050574032
-1131.9644582655105
-1066.9834804703976
-1096.2908542943433
-971.0659182894796
-1026.3877465247856
-947.1907735257037
-1083.3711394552881
-1070.663232085474
-873.6445727348503
-902.0387644677272
-1097.489070232383
-1056.5468619868595
-921.0443228920324
-973.3688866661411
-848.0359834801144
-945.2410809026569
-1144.2166692606024
-999.1749391497945
-1164.737611465304
-991.2209980223174
-871.5138827479295
-1019.230038082469
-779.3647178298639
-1087.4416758624457
-950.0924125403712
-1167.90707688466
-1024.5216269418574
-1166.4328337634518
-967.1482984013455
-852.6206915506426
-1018.7530329868446
-1006.7623416046017
-1019.1236454554855
-1008.9534835294266
-987.3364568478892
-1065.314492430664
-940.4490482516802
-1239.499275154389
-1005.4735526500895
-1158.8778400569424
-917.9823166231195
-1150.7910710541153
-1220.9760328360069
-963.2237656910407
-1129.3856337333816
-847.6303828934529
-964.4521660709515
-1144.2080583168463
-1038.4958967450723
-899.6928867370885
-998.1433564043372
-937.4223170529593
-1242.1357889556962
-1238.279606491654
-1025.1116407039306
-957.5236715798272
-1008.7585122576656
-909.3861767913355
-978.352803820712
-920.4972186561896
-973.6549516526725
-987.6893269692132
-952.9149908363169
-996.0684010434005
-1022.9638233900113
-988.8384039932413
-966.915293421082
-961.2013087056021
-971.5548103294201
-1113.131073464974
-960.3560564251347
-965.3519953678042
-1007.7527093992309
-918.3654375545692
-938.8121721942097
-1064.0372787007161
-1118.5741213171102
-1155.1845088657944
-1131.3025312018788
-1190.0959257760128
-1108.4882155558569
-924.3006265180417
-886.1221455873334
-878.30102862079
-941.9960867291823
-1011.4568456092519
-1096.4616291525053
-1094.8873534254396
-841.9781000385503
-1349.1728484662713
-1154.967709905346
-1109.2530607366223
-820.4067299736419
-1052.40892017357
-951.2487351905577
-1016.4251322993036
-1011.4000353875904
-879.9897922148298
-824.3474706286003
-974.9061000871411
-1110.4269120814467
-998.7449281799805
-1017.1529843343183
-1030.1338002864866
-942.4836642144155
-1035.7826637845344
-886.6948844038751
-847.5549509501769
-1071.6044424928198
-958.426864655299
-967.8837329527202
-890.4562759678952
-851.6678584147138
-990.5611038778163
-915.4639047553534
-876.794267904997
-880.3216717066439
-996.3662518326546
-875.0802761008777
-883.3052807763906
-974.2034304511461
-1002.6381785147238
-1093.8024944248082
-895.988523634493
-1082.5980438901584
-892.9418426484443
-1034.5330039467399
-911.826915501943
-849.2258620090166
-919.4836695408208
-939.8830658650248
-1016.2468298151857
-1007.8645260140846
-911.80936528404
-993.2493181915056
-981.3386727670603
-862.9169157067759
-846.7487651427236
-870.9141351226212
-907.0791092019008
-838.8883459260531
-996.0153658730657
-872.3098953818795
-971.2552113848028
-936.0730603911197
-875.9835625906453
-1014.2533286084692
-976.3968775967529
-1030.3608821953385
-1073.0861102641752
-1141.2116626782226
-925.1489330190284
-944.5947563824407
-1157.8625154840759
-1041.4523697866377
-992.2686009845347
-907.7901344882856
-949.8469279364516
-1062.8617058016637
-946.0183687037572
-959.7113668413803
-1038.7717145354554
-1045.1046839173753
-1254.8016895886703
-870.08477884962
-1214.1346044572945
-1075.169083895217
-1189.97370836706
-841.7215852941472
-1032.5642398894065
-895.0079335352256
-1113.7255229787634
-1001.1408183751012
-1087.6346689366555
-1007.1920841791003
-1007.9001141502588
-1047.9180698431712
-966.5339903355982
-1017.1050497099741
-885.6262088092508
-889.7106310378642
-1082.0461620814856
-1215.2623907071181
-1088.672222021113
-965.0690398014063
-1039.6857860279267
-1083.064467175035
-1092.5174865454055
-884.4194055171133
-1185.4859615661564
-931.4885884344217
-1065.6451822294205
-958.3850353415394
-1078.4836595956176
-942.307324401906
-1057.4492312027173
-1017.2518560002624
-1031.5646238570835
-1179.1760056260769
-1002.2424740493882
-944.687552966142
-924.9461340776041
-831.8135237607321
-948.6271672605926
-992.7183504059273
-878.844783377971
-1050.1162553862628
-894.3298175249765
-1043.1840489776694
-1079.6684451168676
-972.7188819598156
-842.9578743776422
-998.7355269704136
-966.5363872448293
-877.5637597725569
-994.2933846428009
-992.683247068993
-1007.6405012352021
-1000.8534309787278
-853.653609007917
-890.6055621773125
-1044.7181845680138
-985.115190660219
-908.1333221520068
-1029.524968375582
-934.1343319820224
-871.1883715169729
-1056.0434454539838
-1271.0710622820734
-894.386044446766
-990.1435046570474
-913.5493175341397
-840.1383159597526
-927.722407725927
-961.6803814487929
-887.232399569181
-1011.5335963066414
-1030.6641710356162
-1076.4248042165946
-841.9175654050607
-1075.3061742126645
-969.7095292539731
-868.6137056793522
-964.5386653147752
-993.0406241513598
-980.5088531059108
-1004.8574745136384
-1066.479004753642
-884.7539594505206
-987.1852570881383
-886.1135126861727
-1029.1986698400724
-961.8571197780183
-944.0391456788399
-999.715514246314
-1007.3688896378031
-950.8933532400368
-889.4254079299367
-911.284596181598
-984.9849083254902
-1077.0377911920077
-973.1306398022922
-973.6049706142453
-982.2532421057408
-943.5717681888457
-994.7350817370913
-943.0338448058261
-1011.8093895542323
-886.5725167209572
-1159.4583568478733
-968.1928713158077
-898.5937673193023
-960.3453726299508
-969.4807561889149
-798.1541969310586
-923.2371729476198
-965.7172141901005
-878.9612373297977
-839.3966048790371
-887.3841337158207
-785.7481842822182
-792.70604422437
-942.0153624639003
-1109.286596443929
-989.3586015394026
-864.7089351171517
-1043.5350490805126
-928.9537768127996
-1058.5983239471188
-1021.156932916109
-899.0600917164113
-958.8667518338552
-1014.1037061643698
-954.9293078383506
-840.0453949004449
-813.1882377668422
-964.659794090614
-895.991481376609
-898.3235185455019
-910.9750764350052
-961.3149678479076
-994.3392496291787
-932.1149503891131
-947.7833617378446
-1054.857128702723
-901.7646780470625
-982.2864952827921
-992.6921274936666
-1034.8691259072054
-1027.2071548888205
-962.9689057808997
-928.9523650482306
-969.388940860718
-994.7712762255389
-1028.3848969590906
-783.5451597737813
-941.1358294085244
-1133.427380141348
-1031.66231347703
-985.8375120957808
-1118.5942194654463
-896.7025683278007
-969.5717897768824
-1052.2021160095198
-1210.5222422912382
-865.0255098594002
-939.9756527726894
-930.601289554824
-1019.4844998291873
-898.7851177083453
-934.9421021897147
-761.4532267001587
-1057.6892785136358
-894.7749441790253
-903.7567886438637
-852.4092148380922
-796.9939327182647
-1006.8626493473729
-873.7353435202054
-1038.7903454491293
-1001.0588660829534
-775.3923550684864
-752.5278254738843
-1010.5008570177824
-972.0371292220731
-915.1842996700276
-965.1014311100328
-961.6688390991638
-881.1541972795023
-964.5006076248947
-994.6213039854697
-793.7047347286908
-1069.1776538528804
-975.7150284966076
-1029.9973407406649
-801.6825297850011
-916.3185135607064
-1102.9658470001252
-996.7687935231584
-882.8920327046513
-1054.973501794541
-957.9869461465728
-987.9639086796037
-922.5848046520252
-1068.0436404894492
-1050.937749728175
-909.1844123831042
-897.8104924988866
-984.6913056624886
-879.1053990888188
-1038.7579107897188
-961.0409851898575
-995.8176165322757
-1074.7027472470063
-1032.751915550721
-1123.4469830665385
-874.8881077574301
-1015.0521787731443
-928.0437540477499
-876.5954292805429
-942.1338445503281
-965.8476981481099
-909.3361999968265
-1035.9515128609548
-943.0857093970659
-876.3477258491585
-981.987032360737
-1019.8839206039729
-1035.6443241399384
-833.830138626869
-852.2676529109654
-921.1868952545962
-813.8398057005265
-920.3144910359812
-966.1631340520107
-973.1330265991539
-960.6118984830791
-1013.9091966796094
-953.2393446567451
-1019.5832877455974
-1052.0555068143133
-965.6270001379648
-796.3973682900267
-906.9030602821126
-860.860249935876
-945.4922779301733
-827.667580488636
-762.4337737966608
-861.5784945323269
-941.0651618050565
-893.2560801344222
-956.8470269419586
-882.6904196510458
-968.2794780826733
-1034.7664958364376
-904.421876130062
-960.7381482262053
-883.9970722058214
-975.1157307794809
-832.0541714900801
-1078.880635906499
-857.6611701785877
-1032.6351354443962
-791.5481540437413
-916.0997199267731
-944.3369590581319
-1030.974346686832
-975.6939856629108
-964.5141154899031
-903.0462260373345
-1122.487660660281
-976.6717680740444
-882.4366648634576
-911.7089278502489
-794.752902119094
-991.4656430394471
-922.7060318869574
-1024.140132405597
-899.9391867234528
-854.8520581427055
-910.219394608849
-983.462014806951
-893.8880733413046
-902.9293242610465
-930.7045877045481
-858.6299286974186
-759.6583302986734
-858.0074221584223
-914.4866027680833
-1004.2222736504539
-886.0600555481714
-972.3289634489013
-798.4874654957993
-1054.1710928404534
-875.6914269513659
-957.0409886107697
-1017.2817196712506
-1010.746208436984
-963.7352554910051
-974.026592956522
-903.9044666064765
-769.6271870743791
-889.1250291377661
-1089.8668457679678
-972.6407177736376
-921.0679251907159
-857.2097179283181
-1023.8068610318544
-1012.3905379943919
-832.2514925535858
-879.1883593702947
-806.5288873489565
-987.9218260150789
-941.3697521204735
-933.6256333416763
-883.122931160451
-938.3556711269525
-916.6098777191141
-869.6097904627555
-892.3763576804404
-915.8529073356839
-1061.0163121853197
-1070.1475075230153
-992.4431905135393
-928.8273600787651
-978.9937896327442
-923.6363114225253
-889.7108660185922
-974.6043580838518
-936.5412147540715
-933.8653156748842
-1024.8038373614759
-968.9343017414755
-840.0127383740387
-897.3148624581314
-1103.4170776460248
-1030.0993552049322
-1040.598061456487
-942.50225586419
-899.5991120487123
-826.315260529305
-1017.3478277905037
-965.1104587498969
-840.9586152788621
-876.750228298398
-836.998723245094
-965.7467247691001
-1106.8616391236756
-1029.0377417635352
-942.3884182114982
-827.3014138006351
-938.0184189992993
-898.904311958036
-789.0332520604969
-907.5170372650773
-767.3233795739131
-1082.0195870433945
-1027.9877331728253
-804.8899783856117
-869.7777357075474
-897.0383463109309
-975.7531306882628
-904.9141939761454
-955.829600280063
-1026.8098034383165
-871.6261119375981
-964.8459438735076
-1144.3765471433614
-1007.6673750590343
-893.91467901334
-1087.3087349833597
-811.6168510577485
-1089.4587042133085
-971.9059223088682
-1012.9290463381153
-959.5016049665352
-892.3134141689106
-1047.9494614955042
-957.0494875287504
-929.0418465231346
-993.8872787910249
-952.1285125664623
-1238.2631956101172
-894.0235081324981
-859.306247523532
-843.296227371448
-896.1550691539793
-935.4203585662817
-941.2526991454978
-990.1232217666732
-983.997766355024
-866.9601074385637
-970.8151866220733
-945.3271133849059
-929.9373355770254
-907.7420874035652
-822.852261406253
-953.9919013142822
-983.2943354831358
-957.9357749003044
-895.1350369855696
-866.0244527645979
-1033.590040096778
-928.1562537679565
-1007.6502503150141
-919.3279287617639
-1083.9131975499668
-873.7431505748724
-826.2334647578457
-1052.0988554596026
-934.363388592018
-937.708200087467
-855.1417039240371
-913.3393605581005
-942.6637879454901
-921.2392964898311
-933.3215655161763
-867.7366024186591
-955.1816954613005
-880.5382075157922
-899.9432284268631
-815.9782089567067
-955.5697401215668
-871.53103843741
-897.1562558402135
-920.9053469407544
-827.1586507674176
-1026.1807030427462
-937.6298870307518
-1012.7057934927436
-935.7093297962374
-895.8616784540651
-798.0627283741258
-997.7107561844967
-857.2208152718924
-1044.4602450327695
-826.8642935659718
-943.5585559209229
-906.9345493616631
-1049.8665671990896
-971.8198889821766
-948.1251572068946
-860.6140009781761
-892.0449979332393
-793.3921983059431
-914.4648583675244
-749.5013210621555
-943.3317374083936
-910.7331812886628
-1066.065013872474
-973.7231753074086
-940.3239490096043
-1013.0752969578309
-879.8923342880479
-968.7345557684581
-1002.6297109209163
-1010.8116426386632
-964.0210343786238
-876.8855060789749
-1043.432356963262
-924.3935410370307
-976.5172059971978
-947.0412172912571
-972.6855930709535
-1009.7852287660031
-995.2725833470254
-916.1589910639528
-1070.4283757955325
-972.8622747085024
-909.7349790159169
-793.0830196262715
-924.6406699629817
-914.1093430126275
-864.104761228024
-838.7735785215184
-957.0823320818813
-828.4247531197216
-1036.418476696281
-927.0298365301538
-961.8735774297322
-1172.7872089512766
-994.2828110195428
-1028.1539643489193
-812.8043766504429
-889.5857724498254
-1016.177799714064
-976.4411053250581
-986.1354404795175
-1105.8318228652588
-924.5079847264055
-942.1936675820593
-953.972975393187
-849.6410848753038
-805.7293816411209
-943.7287029496509
-981.9050209992224
-1006.0134066225042
-1010.0744648980386
-878.4335929076484
-846.7269089582778
-904.5471001436774
-855.2001297958892
-907.3300209758736
-907.0157099551745
-884.8513260610489
-890.8210333602524
-828.0498281714081
-906.7552231203271
-925.0198533847997
-874.1277333095454
-965.6638305980074
-818.0757330681668
-853.6258984270177
-843.4965711327467
-956.2957617385518
-899.75156645888
-847.8319259606733
-869.1994684665792
-903.522717233404
-1006.1165119868501
-1111.946679614577
-839.2046826181883
-880.3713439325784
-861.1149525784266
-919.8529662952296
-859.9345031238007
-950.955328217186
-897.0636005008778
-994.6473056889913
-797.150547301616
-924.3222425682158
-929.2774254878254
-999.2416854848976
-845.3876243259101
-838.6795320777437
-866.8501857220604
-891.6202582034898
-777.4137626847275
-942.1387297464128
-867.1415320811644
-1037.5635153651779
-939.9051232541211
-845.558705122803
-853.1665070448685
-982.7724602604318
-921.8898907086538
-815.6798685280532
-935.7561616168007
-888.4411750191675
-959.6017362257826
-876.9215281162737
-945.4213317326214
-907.1989184041164
-1026.7338539676575
-1098.3872232826334
-787.6277505066514
-935.5692957784986
-830.0136331367894
-922.9887302014355
-861.926430584926
-816.4573379088655
-938.5829575167577
-962.1001887379418
-971.834973228018
-914.2359787715994
-964.6973245534787
-825.9653767604673
-942.2127492605076
-843.8577965889276
-969.3112422810539
-1174.4850974326887
-1069.2687794055075
-883.2884512143278
-1022.5210154176921
-964.5963897497712
-825.029308090965
-1053.3189576545947
-885.8236553052853
-891.9080908767282
-921.5437609725003
-806.4270919433661
-1083.892500961401
-918.7696867943973
-881.226024998665
-985.8570351869848
-864.2614408616548
-885.693846305408
-921.34478339781
-868.725350463982
-909.418549326771
-906.6827592886766
-891.8184493475719
-878.2549314977327
-917.109658968402
-817.2714283185292
-966.4814915355796
-890.5382043081336
-857.0034866674474
-906.5320136709603
-945.6005721940079
-1089.1685859133258
-1005.5062354094404
-854.627227067146
-936.3086751852843
-960.4295285946599
-898.6178482717465
-813.5515806510803
-797.4874035846686
-927.8124494183658
-962.8315792784624
-817.3695423145746
-896.8287690290053
-905.5591819594968
-991.5499777922187
-797.1119715453146
-990.7537123894714
-995.2599420692327
-874.6186720655538
-954.2171370132427
-878.1409988477267
-925.5491799346121
-939.8174095901213
-946.4136215215076
-1178.33733620232
-884.5145763221735
-869.8668153030945
-905.1873584054343
-930.1817790554169
-868.8035419825527
-966.2625336191877
-1001.4888214074398
-834.6577194929205
-853.5292873766965
-1063.0554883725833
-972.3375832890348
-893.2460789473037
-817.4490380098748
-897.6328570063441
-927.8663083686906
-994.4243896379639
-969.462305039809
-1096.5491265901492
-901.8962864850505
-904.6047643236003
-890.9737341121929
-975.6112302231485
-992.0928967009804
-889.7098213250744
-944.1578746724107
-890.1329542434617
-946.1541099314189
-1013.9035297606205
-992.7244964126063
-915.8815818669705
-863.3745779849786
-976.1185891115055
-940.2549023023538
-789.8259931186411
-872.7361701392928
-904.097803664904
-1033.7494334450796
-1035.3788934997372
-987.712765315446
-995.259262833813
-1045.7321491047073
-966.1119720083407
-946.8806236686067
-918.6965437556594
-954.4007173927347
-905.1830277576208
-951.5369413072776
-963.2721861547487
-948.8948179702162
-771.0845428822499
-914.4702414078783
-909.7633471946758
-986.8651223810668
-822.9012103670693
-1002.9478950086419
-907.8394093076877
-1061.3901042848904
-870.9374799055903
-958.2965497357336
-972.4149617621575
-1020.9135482806686
-919.7894904255363
-981.9672421066082
-875.1197402723988
-874.3528677363616
-967.4769731974483
-963.9948001829433
-868.1868347457987
-826.562550592495
-935.5122269385034
-778.2883907064518
-1014.2225004726123
-930.176318639865
-941.8291764494585
-855.1460154929217
-902.7393124003025
-986.6721242001527
-872.3142015347244
-973.8299789754858
-961.6635348978658
-895.2671809466364
-935.6086748271182
-925.0792271277513
-998.6397096696279
-907.4709114675005
-916.157574705372
-966.6438395916457
-827.7880827568242
-884.4499936155449
-914.4158351158645
-886.9258354034796
-837.6191617924874
-1024.9798987700274
-1010.3011179996307
-940.6195994991406
-971.9844643580755
-890.7573114062338
-932.6873456427337
-987.6239829121783
-815.7550838006333
-904.0597145885124
-877.1694910627214
-916.1323126664929
-891.6562490142774
-926.3624222522402
-840.9415848002213
-898.574554021573
-824.0505882423619
-821.2290665780409
-953.3535527436011
-914.9435496810961
-977.3624536291035
-731.4423433828308
-960.3153914459825
-926.9294438267793
-981.9450549293645
-816.9803121316037
-942.3052682549092
-723.7622546293182
-906.3829114179655
-952.8199180758513
-867.7150265352508
-824.9437422673617
-1008.67062137903
-824.4383611238468
-858.2368125788616
-872.3092743476878
-883.4535902936118
-909.0656884721539
-984.3537359591616
-895.8094160732361
-933.3092361394207
-915.1950220450526
-871.0345939282308
-923.8153992131438
-945.2229051865003
-889.432012573874
-995.7291143685305
-929.6985974721697
-915.0804103279752
-861.0939664395424
-816.0448885131462
-886.7603567156438
-878.6774904082276
-946.8878842439126
-754.541268081005
-890.9333775929058
-898.7289958158659
-845.4386917289526
-857.1950191374452
-1008.1327650489092
-846.1521414659543
-891.5151306026879
-928.1470772856485
-936.090076589272
-859.0442484717465
-904.0812201302645
-927.7263051679558
-976.6749658113395
-1188.890796074796
-1013.9182666388341
-890.4986782372733
-960.5153022071026
-1012.4846470752295
-909.1210347611413
-913.6488373757592
-792.7531702407432
-961.2261322668406
-929.9992237560733
-889.3468464299497
-858.0285087583702
-930.2733617602648
-882.747503472217
-896.7314653727088
-911.61812143735
-990.5125120067837
-871.1258984275079
-955.1001203584669
-908.3960863156581
-886.3869577255806
-872.92670678467
-883.6774560997492
-918.3782528321914
-844.5331899998806
-1057.240786503168
-875.8568319014607
-885.832788479967
-882.0911030480962
-837.9809688112164
-929.3403294764511
-977.5108510984554
-1026.5194494931131
-865.5589373757539
-921.9774831050396
-980.9461657907119
-784.5980914143852
-1100.1059412833154
-845.4074525653629
-948.2488925473922
-1056.3778299700043
-869.2567116467719
-881.4254657780798
-930.162733437159
-832.2629567141126
-805.508397319611
-985.5174044942956
-1032.7530282283642
-1049.3440479921412
-916.4805307215267
-1055.3181914337374
-824.7707410861884
-923.2284556044599
-913.1853407477313
-969.5279472836014
-804.7361888362993
-1025.80200374687
-1006.5698335689175
-836.48286109733
-817.0178451884644
-924.6523567462855
-792.0271264099342
-852.574019423228
-876.6610216105914
-873.8036300978474
-949.2088959583671
-940.3947618108116
-855.7323950708092
-881.8581026314076
-1018.3494914094368
-956.8075525070108
-855.598526827775
-886.6048944465028
-1039.3836721906562
-942.1237732710388
-986.097388035095
-810.294225774213
-915.8603236371799
-899.3522258489501
-862.3937098848381
-1062.81042996351
-857.4052485042052
-908.3051645233022
-877.2893858688212
-873.1226847705672
-860.9919514847891
-838.2248186369197
-854.8568522379998
-899.1687934462811
-873.2887793643552
-892.9014368454837
-834.8912716416628
-872.9447259037042
-832.9967108251591
-809.6725061078628
-971.3989180061908
-862.0905942159734
-898.5698490448171
-971.1030037479277
-922.7876586771954
-794.497874754275
-809.5217287286188
-954.3752619356081
-698.2870347964622
-831.6994093946286
-954.7612316694206
-856.0766525134327
-949.4950815635734
-1026.1271987709415
-856.1585432058754
-1054.019203613957
-967.4664243533675
-993.2451085718436
-967.6094735211854
-888.7009962907556
-955.4372388721588
-1076.771419166687
-926.9103276220349
-939.084548691698
-844.8672046740626
-1050.5488236105984
-1072.5509549622373
-1004.3765590289058
-916.0517094983327
-805.2595189167953
-847.7820389985231
-1033.5895635765553
-925.3456939540943
-932.5187852918551
-1051.1176466279333
-964.1536169109825
-966.8548805164245
-930.0040215784173
-943.5808221914339
-868.7068097747856
-996.3517379984216
-945.7881817708014
-807.0777182105918
-928.3596648622752
-796.6263473245342
-883.3362732426151
-866.0624255397032
-907.3599851532113
-1021.917971850738
-932.8320740713622
-877.0186601934189
-778.71390710996
-909.8846334462559
-933.2949999407846
-944.9128704078336
-912.6277920359252
-926.1227772670093
-785.3753672353182
-814.9992430959534
-859.8102230625769
-917.2074131401349
-918.1689602655694
-1014.1906160323715
-832.4523393128111
-917.6246583550063
-921.4441821841513
-873.0652358935263
-973.5794964522917
-856.581610139602
-806.1314764224999
-874.6511709536921
-999.5768881696699
-950.7051987671725
-930.8017726864126
-884.0198377052184
-956.8641900068892
-799.8076350118763
-897.2724922114694
-943.4192283045854
-1022.8296528172446
-820.2014747150794
-956.8405660423086
-1039.5598022802178
-931.3075581437748
-874.4052814216668
-791.9580154045261
-830.7279687691115
-974.5666452481903
-1051.1967449386354
-973.3814589658814
-1066.4503698877738
-917.411524185909
-811.8326285403964
-892.4744306708853
-942.2570818588549
-946.5065552658804
-907.3948533635423
-913.9626812190596
-771.3961898919924
-961.5039882712183
-988.0402015033396
-925.6439551746498
-883.5091412050969
-943.290714106623
-924.8317984098466
-900.7330914403012
-918.0744685628257
-945.3490710139172
-886.0528012996106
-909.6681404658207
-954.82923682923
-1001.1461852949035
-1064.4994739513154
-884.7176090501648
-964.9895052029823
-929.3648111536992
-784.8281861093647
-748.3542690188498
-1033.4899488765561
-802.2389308511019
-845.7141504757673
-928.2797829757374
-880.5944551082002
-779.1321083215671
-873.3874663267738
-1066.992866399126
-918.2059371706794
-887.6438029254434
-985.2402746022046
-853.4708747649422
-865.1133288276815
-810.6371126811631
-892.6653348019854
-855.3966393652372
-865.3934517346379
-983.4544665681444
-914.4606938608335
-930.6073404267029
-938.3750770426849
-890.2200146212431
-918.3708270283978
-891.8535146126865
-826.466276252027
-849.8890615037258
-887.5312330066705
-899.3134179931108
-892.6332754534459
-893.0524599554652
-912.4141781018043
-868.8167089870091
-902.0421124540344
-814.6332898112173
-928.67984898279
-1005.326343649409
-877.3116675709233
-923.5906327968405
-849.8780292206238
-928.7518174541142
-948.5193073604692
-837.4377424736373
-932.761649559763
-950.0238300642734
-947.1539880845926
-951.5970047525439
-1013.9816624716367
-853.1742992237673
-895.3757670358236
-963.0753015728446
-877.3856051167224
-1025.6933831785693
-841.4045507345165
-877.3007294770018
-841.3256993464947
-890.2491953230874
-959.6189730776474
-884.2223320431522
-936.9500642047517
-831.9132198987438
-890.2268744751921
-796.4139318117268
-822.0602045751972
-862.209064897027
-973.7142485413237
-882.2393202711079
-988.7098450568385
-1009.4616304975184
-944.3286429145155
-963.9617545402148
-896.0928425363289
-862.9992778047517
-786.2568914626177
-1025.104840760815
-832.094131911894
-919.3496075844753
-811.1026597897587
-849.0174208976036
-906.4206780174096
-891.8340648087695
-902.8891103416738
-1136.4575838125359
-867.7509658935575
-983.7483113260886
-918.417632261852
-1046.642620559499
-933.4884405595527
-941.1243394605581
-836.866787267179
-774.5473853639921
-894.4196917795895
-842.7882105203922
-1022.0593860505368
-788.8838717234312
-913.2487335583324
-819.0839573395219
-814.2105526776396
-997.877977260288
-899.6437951517881
-847.7520272751541
-857.006188532533
-876.2476031955366
-877.3910344686665
-922.2886742286812
-886.7400283719479
-891.4859998604743
-919.4963850796787
-834.1242905308872
-834.1609812725052
-799.3263478595065
-1027.7780594037413
-885.6828551975846
-932.877881768321
-893.1167131970124
-899.7395649861861
-795.4954614524323
-774.6989674299793
-976.4824142702514
-925.6888490106023
-795.4377354936564
-866.440322724909
-845.2387043904996
-977.8971076100136
-875.0900620245841
-1089.8660786086502
-925.4570396399957
-869.2293026847543
-858.8822627317182
-1071.964749993345
-834.9627595685372
-991.9653827859526
-997.1196055169198
-958.5506993196868
-834.6727446550012
-934.078234341613
-820.8639581138489
-878.8531830970159
-917.7653814125017
-965.9612437975848
-923.2014908312287
-804.6350827792473
-956.8474750788554
-892.142815483975
-817.4726367884443
-863.1948643687442
-899.6179438655993
-892.1824519604725
-1036.9050711078373
-946.0887586360855
-823.9167944125071
-943.3106815778382
-876.0612158344422
-860.3654591432798
-947.7138897843878
-833.1869032174826
-871.4092583674934
-1188.0010726004439
-844.0590163202913
-895.0620049074314
-1030.2572985911556
-919.7845107352949
-874.8840419048215
-838.219281808988
-935.5006228495182
-922.7831475032286
-947.0613240662856
-844.8031976930008
-850.0315927503158
-870.421128658291
-852.4052539528029
-839.2800541521456
-926.6538973689651
-945.2342687394439
-826.6856866213129
-933.0374820278056
-901.2525163944131
-932.2509631857207
-972.3760322859816
-903.3334209169127
-876.1174638928219
-885.7508810213727
-859.69976428615
-938.3243761780045
-824.4532598254262
-841.6156925642476
-826.520334153896
-975.7945711771667
-857.0804796232333
-954.2445462380724
-936.2738665374347
-821.8761368043984
-769.454316374241
-1023.1995263872001
-962.6730036492025
-900.3800297904984
-841.0178457194367
-909.8882739932153
-912.753868754712
-855.9001073178594
-914.3093661856298
-954.3934617551282
-921.2376912253362
-985.1418474077681
-799.2229973119952
-882.9200447087038
-999.2880452160853
-925.0529081700721
-882.0461299655792
-950.1403225994289
-807.317492109584
-864.7642933148517
-861.9349946774712
-880.5557293905727
-844.3309365897882
-863.8103219669173
-960.1657253515558
-1039.3146430421446
-885.7333471705454
-801.0199561801892
-1029.4174170238039
-1005.3963871818729
-920.216336381799
-903.7392645801307
-949.3498524790574
-896.4087589385734
-928.7079098069353
-831.3998871206525
-885.248733741468
-911.902688175609
-845.847285625604
-898.4278136596445
-890.5813849631467
-825.8254279632404
-988.5212043644487
-813.2442623453575
-957.7613750545754
-836.1297570553114
-801.1075964214688
-1083.0194372319775
-930.8175887880187
-899.0547793068104
-841.6323028565896
-942.6867063952928
-939.6264002762957
-998.26271704694
-1010.9099243794789
-834.2949405022961
-1069.4289484908168
-932.2446671900169
-931.9365342427977
-856.6118543377117
-946.2194786834949
-934.7538960891051
-787.3747529003697
-920.2367286819613
-897.5895954340667
-776.6754810328762
-1016.4048650125686
-820.4134203841691
-936.574988723676
-899.7685862767789
-888.9958487143476
-970.1389438941956
-881.3340835124533
-911.5585179290442
-902.0321487770661
-1003.4867036832146
-1003.9400456619016
-935.8564789719758
-813.896877646135
-849.3937212477804
-857.6187367916054
-940.0263312475076
-930.8683222037058
-837.547874922127
-822.842290446139
-957.7363512298066
-950.7682486729482
-994.3648376576953
-941.9588680226036
-945.8166937551014
-953.0256433120162
-918.3656895779277
-847.4482231018279
-765.0019232852123
-887.7767435409801
-950.4957363610333
-874.6666788319204
-788.5473270597321
-1023.4000634372275
-785.5440308128883
-921.2480279364211
-930.3883624528237
-831.2309831383714
-978.8871430578934
-858.0667782408418
-895.6041643452329
-939.8880785438607
-915.5826698110991
-1061.4409984895854
-766.6606436737942
-907.3500843558137
-959.6202403293337
-931.8303166083035
-940.266318036008
-936.953867271568
-1018.3122756860862
-972.9837221427761
-968.7143767631769
-1056.614530299328
-867.3467982192215
-931.0658899853054
-852.1782361950613
-986.823895158106
-967.9106300653357
-956.6646396716856
-897.8913616042696
-948.1608500778059
-1085.1854260036323
-952.9710264313355
-940.6816888932365
-906.4300212646715
-884.5520633685497
-865.6768776117519
-985.8112383240258
-802.337387810278
-908.9167258605851
-1013.1858939802507
-904.9329743264807
-981.4467514497367
-1067.0422207551578
-889.0014892317885
-968.0447855038101
-893.5454245789568
-921.368096349531
-835.7940992044947
-909.6814585720695
-906.0951748923553
-902.3657412165285
-811.6102829087681
-943.904511224793
-850.9704091767262
-995.7173118898418
-904.3605524828654
-920.1146685091803
-853.0172560481892
-898.5362990512331
-898.1442202021367
-933.1135081513672
-972.9025127222702
-895.5001407334881
-911.6064444890947
-899.4139550488688
-831.6937304164329
-860.9052190088229
-791.2711917755761
-963.5547970263323
-831.686794575036
-830.236107606117
-927.5071453204491
-835.2628226169342
-1046.1847151693098
-977.7016400226794
-831.7470082960361
-1042.1559452077233
-905.4391855821445
-816.5505242763464
-933.0979939424419
-965.8215831795264
-979.6855193168044
-912.9499543414399
-805.4040410349388
-837.0608392130357
-801.5861796010603
-995.3246173287458
-895.6783650674088
-885.612660945556
-937.7797413579378
-1044.3577921472386
-888.2769838147874
-944.5025335127475
-880.0585775191332
-945.9794835504168
-907.69597542486
-944.174127505708
-1042.4370550407868
-849.5645297024635
-862.7498813458042
-839.6112043946268
-875.7790942651575
-839.5707229332797
-886.8244513286159
-875.7488823854588
-953.1919966335158
-887.7782611935868
-1003.9281127679578
-883.1988298901766
-910.244817136352
-843.8723157364644
-950.8069679990633
-856.4208826618002
-822.6108443537055
-851.9026312908231
-825.2620008615336
-855.3709818443851
-806.8061818228641
-905.2702115254921
-849.278564248735
-843.2571350808963
-883.7956409196654
-1023.772058050673
-860.0840010138626
-848.085973433665
-880.820383202809
-780.3080807693696
-920.3432193813317
-805.6787106154682
-816.987743652102
-818.6345766498684
-884.9947554328794
-946.9066774639067
-961.7178590888203
-909.9039526124939
-942.5681978282497
-994.15085144975
-768.1633456003213
-995.9741258654291
-950.219462013645
-884.3819115695751
-926.709650823178
-984.3776647086848
-863.7540195911605
-956.2794177574099
-830.1939987126327
-817.5681238527974
-910.2788210503797
-1090.4559852924754
-996.4612164111586
-996.422520327885
-1046.284785530119
-974.3408632762927
-858.520355115143
-848.5991027780467
-1002.8318752177106
-959.0651036221043
-1000.0198816282508
-814.6263124754726
-968.228903995614
-940.6751184773141
-873.2297385714834
-1063.996722071479
-952.0395116843031
-1048.485217181283
-885.3193799246752
-771.5699767231697
-859.6865035156496
-1025.2386875718826
-881.6245325798453
-878.94653812128
-856.1924819142969
-830.4951247497995
-850.710999478715
-846.8452433687257
-979.9011478909501
-935.403172111335
-917.028045746539
-1047.1338625460749
-808.4076823465157
-854.0711953200233
-941.6646358309658
-770.4953485495863
-869.3588306120964
-882.50627205758
-936.0858289321012
-920.3142408543799
-726.8024980364938
-850.4539106893974
-919.0783232278305
-894.2028055556179
-985.373507457773
-871.2399011931901
-918.0084966216004
-960.4023478565032
-764.4854795976094
-1077.4309944125887
-1002.1154016582946
-785.7329285858822
-854.6578666942823
-843.4204311278347
-922.5823325578621
-1102.3340330279855
-814.3822566667028
-973.5415678757154
-816.9734293674578
-878.8145292425484
-878.7404204574674
-847.132329290321
-915.4949339837967
-875.8030438173473
-1060.7573372580362
-764.8379633851736
-991.2860459194846
-846.4325355691576
-904.2079814637908
-949.841855055855
-901.9399545897364
-869.1467394053034
-938.4040720448056
-918.4849409983663
-964.2866244634524
-926.1751224660513
-822.8626837252432
-849.4866142834071
-1027.2374882812016
-826.2629261033177
-889.251593769587
-852.24106859406
-867.3023764965603
-846.7355135656068
-827.6943524164267
-904.0719743002463
-847.6838979749409
-953.772212296824
-851.3338685977375
-846.2197554394552
-869.3480229602252
-930.3272580521837
-869.6954120021936
-835.9736427675331
-1107.3107712562244
-841.9592178936873
-959.4342038851087
-897.0687208077779
-839.4550988150781
-980.8122744708844
-1016.1059316804381
-904.9050543048252
-1250.9203860243006
-968.7009042524351
-890.5121988868556
-1071.4042650915783
-957.8316443762365
-911.1959692923843
-962.8446050113303
-785.4391959170207
-1039.6190511127406
-848.3937427943474
-958.174036302158
-868.233725494599
-896.3520678943917
-861.2555348892474
-891.9183870712992
-816.9057493976765
-987.0066878802978
-839.1577055730758
-954.4935339496066
-887.8171992021828
-942.1836734174773
-867.7370245180481
-772.3638014839399
-961.1293302544038
-807.6378386963044
-892.3241914740893
-891.2642066751567
-736.6046780346192
-991.5988006052551
-910.8908015085043
-938.7219699651416
-1058.1835480294917
-931.4762984114607
-794.737377317318
-831.0250947055252
-907.5174037671549
-947.179621565615
-899.2044793020273
-766.702992964903
-878.7862768028177
-861.4024164801982
-948.854567341497
-814.3450771730221
-967.2268683245186
-921.855474525961
-961.0562834948065
-845.7357312243394
-845.6469022236496
-819.396655447417
-933.0526961037986
-837.1600744981145
-828.4714916342314
-827.0470269684628
-863.0445754949687
-838.6955639671531
-913.1899911502887
-777.4339086468393
-889.8432549350526
-854.2663990019921
-881.5193743989366
-818.2570287080247
-986.4111598475515
-988.7675585020202
-886.2896845642662
-872.9184649505253
-916.2020538813194
-915.4066074748749
-924.1670903198291
-897.676697728632
-1096.0515211628724
-869.8007791544596
-790.5873728510284
-939.8591152948729
-986.3788311748636
-946.1502636192471
-884.6415021543913
-883.5020909011569
-835.3892187924025
-873.2321411868991
-956.2225890270358
-915.598612567204
-811.3442331476028
-884.9502030886724
-944.5839854020471
-857.583107794738
-1052.0031678840162
-886.5225425737505
-833.485673186696
-733.7729501175016
-971.9992511728142
-834.1164491528203
-930.7987908507265
-909.3025906907841
-945.8122172146263
-826.9825802054119
-921.1084536764167
-802.0521066931243
-890.2793040618321
-975.4771939725994
-1060.1234721609046
-986.3842466418854
-901.5829279412545
-1004.5935898542119
-866.1389189538976
-924.9111282578001
-802.2134616825278
-857.4258553276521
-875.635393267729
-935.8926887838484
-883.4693509558155
-899.733595832166
-844.8824257223698
-960.760107638797
-894.1816661722211
-1015.5924965921618
-996.7255182228173
-1061.0984939637835
-911.503604180527
-718.2896892617454
-810.7423319185255
-912.3359649410928
-811.3261644335921
-976.7166001831447
-846.9833569515517
-834.5671177593963
-893.3442784623454
-874.5871816141798
-977.4721350008227
-861.3870692524836
-863.3170666845926
-1023.7344727051079
-835.4784224634732
-885.7051289381145
-1015.6507223651852
-915.8499024618519
-858.6613436290165
-834.6288672965899
-984.8165600375116
-966.9739952191463
-880.4790973575286
-831.4217907529369
-949.3158884171849
-838.875179875216
-887.0648220872229
-915.5624535511221
-796.0196722267468
-952.6193926020342
-917.6629052606643
-884.4787507814113
-1049.7243233002137
-959.0507993483643
-907.1015026881902
-883.1464426287278
-994.4622633889551
-887.4328256405488
-970.6900404298387
-864.1999834942726
-832.2420489598899
-836.5958306235069
-901.0422100889641
-978.9917504112111
-1014.3239682203592
-945.252202524594
-833.6105783925292
-963.0571644956996
-921.2858366082005
-842.2047332377183
-921.3793896700656
-897.2099341544804
-951.9238190860741
-946.2633390105301
-892.9219809028702
-950.1606584890853
-847.0789617135406
-868.3113355444007
-919.0371108801136
-1036.2169022503165
-1001.4909819954778
-807.8684066084462
-866.429216478316
-967.2239959915813
-724.4920333383151
-849.1871000789147
-1007.0355029693073
-922.9437244021728
-860.0051278205518
-845.4817712646409
-896.7565133658977
-843.0593470569295

