-4706.174704964867
-4697.062638253827
-3915.771576000456
-4074.7332603371638
-3629.0132202938958
-5599.438450494799
-7007.4424196296795
-5447.334632506668
-4792.126907017686
-7176.484348250329
-5095.666313605675
-3708.691205620273
-3336.824028394687
-2774.6600737748263
-3193.7874511502387
-3070.4487573821225
-2786.980760789197
-2468.59148802268
-2438.3876017040407
-2518.3083272560534
-2361.048172453587
-2627.673273389235
-2758.130892256293
-2197.4935450560056
-2586.1926348282313
-3385.7920453112333
-2642.16245514032
-2743.778516258256
-2421.599870690908
-2316.853841978335
-2464.6655157924856
-2775.4664430575967
-2137.7816916197776
-2460.696507797902
-2323.6490012682425
-2740.949479373871
-2377.534720681649
-2633.1710284077594
-2277.085690165856
-2593.928927084897
-2433.4279211591306
-2484.719282124164
-2049.189222350915
-2247.1030270346528
-2485.694173811996
-2770.5693616376047
-2389.190635538507
-2244.303240597868
-2375.7397229877583
-2840.037731798955
-2433.120808378621
-2128.70310374021
-2423.1439241615526
-2238.3543529908256
-2236.118715859659
-2132.793291062754
-2023.452750026432
-2405.1333490986613
-1777.2487989469828
-2332.466598000266
-2139.567258724678
-2261.1780983582357
-2165.7029315419336
-2210.369692118698
-2094.8253454927276
-2063.476884963036
-2168.6862488224792
-2169.3853200686845
-2120.698080619351
-2116.76754735261
-2718.5491990623623
-2259.144078058106
-2574.18428582097
-2058.3642505348867
-2481.5554396379575
-1990.3987876670458
-2072.1768093602695
-2005.8702607420162
-2250.1365450592743
-2061.1186617210387
-2059.1240341074977
-2014.4578661478529
-2505.926714936528
-2284.7782245238645
-2045.057226375294
-2240.8430236547388
-2094.3818310970123
-2158.9414484517874
-1972.692619458874
-2183.572300237434
-2261.712066858501
-2152.3240814877963
-2396.285950422789
-2131.88991618239
-1964.0082392479853
-2328.563685719069
-1745.2197457758034
-1941.8242983546988
-2162.12078046889
-2114.0698987432843
-1951.4453531224024
-2404.271371764007
-2239.5645870332996
-2240.919979648749
-2021.464018867858
-2071.4816642770174
-2326.6968688638385
-2320.7085732879837
-2029.2140864111398
-2300.7820716334563
-2049.4736442303747
-1887.3330944883237
-2041.083068453498
-1902.5780455294298
-1944.0579783928908
-2002.0502013596915
-2249.946648264889
-1998.7010291083407
-2019.0615002673378
-2081.8649031087107
-2333.1211554389533
-2145.383564457309
-2198.5156563587716
-2046.2697856703207
-1778.0326118594257
-2233.219327970153
-1858.2364897072723
-1905.5003403229248
-2025.7080084496386
-2401.786514879566
-1967.0254701685
-2184.7353642513867
-1931.7030668375774
-1922.9149856871973
-2398.8501093379996
-1973.2320012487817
-1990.0479779499328
-2047.384766872216
-1885.338409242739
-1798.3002898830532
-2086.6940512253805
-1895.6274402847223
-2068.5034714026706
-1914.9723337356954
-2179.6831642231386
-2275.5321090308735
-1970.488576033299
-1870.4540897278473
-1761.5073384490338
-2097.468808116193
-2136.187707410842
-2428.7945943976574
-2243.3607609632404
-2114.814816833324
-1829.3659170210094
-2278.539857121872
-1994.7017657976835
-2026.013153738245
-2317.572535837305
-1818.9053853452815
-1975.6656658012391
-1934.4721419256655
-2110.8574597767833
-2298.899682617904
-1991.2283051609113
-2064.0759748792348
-2276.1506760900425
-1827.1514630020422
-2109.682120800177
-2103.900205972904
-1819.4067041075702
-2164.6487053181468
-2273.035482887518
-2102.597583921166
-1935.57164540315
-2086.6544761083865
-2087.400979498429
-1938.3105347895944
-2290.6302566692534
-1901.8571173872288
-2076.794994285472
-1905.3566786693953
-1844.978434593287
-2079.803040957527
-2040.1893252016573
-1982.4745185993843
-2234.0886756585614
-2112.441152970773
-1996.370440888356
-2061.672968333432
-1982.097865070776
-1983.488532837987
-1888.0941060282505
-1842.72110381297
-1949.0577490449687
-2188.124976090987
-2048.307159670713
-2263.8305379251333
-1940.2797667543248
-2113.983045758161
-1558.850698954268
-2104.9897198817575
-2448.3186349778516
-2013.8120482586864
-2256.9476943413024
-2024.436099029482
-2130.1385402933865
-2397.8382973773073
-1815.0522472377977
-1960.715063532486
-2049.7714803543727
-2331.4912571538416
-2046.7242653188312
-1881.1445769321833
-1805.7820462012658
-2225.077509092198
-1967.4195277186468
-2362.7896794305184
-1907.2119094272284
-1874.1880987490579
-2026.196490959308
-2043.1577194878923
-1902.7611560834168
-2086.005603975681
-2180.637624428268
-2193.6084857284714
-2146.1396753196614
-1869.7408771271
-2144.1102992506985
-1755.078122521013
-2220.4763640906745
-1881.43777695475
-1751.6706930347996
-2147.4350402524237
-1752.3564027713467
-1933.7667374345722
-1799.9727770420807
-1931.9306115174732
-2244.739718628314
-2240.350138662276
-1997.0467327545296
-2048.3508604266735
-1668.0651590560808
-2239.0096157971275
-1899.3263842900717
-2069.0312699334004
-2042.187108760103
-2103.7880884855135
-2240.9738579610525
-2037.7383864670821
-2088.6421863821124
-1856.5439930824837
-1785.2953808711763
-2023.7928943144907
-2075.294852653375
-1855.6457427213218
-2020.770376972244
-2062.47816522092
-2130.609094408762
-2016.1446853624668
-1905.948788546535
-2174.7714633691226
-2059.035315872908
-2058.5977769003684
-2100.621913177168
-2078.1222151147667
-2320.870982877016
-2110.396399097339
-1908.715467035666
-2146.2003999260605
-2122.0466614770626
-2027.143961426067
-2109.280845527867
-2019.4106927628236
-2074.982189516902
-1806.259027297939
-1936.2832506092855
-2086.1743616547974
-1973.2259409189837
-1975.7126730901618
-2340.5764239521122
-2039.8162763709552
-1925.579148182046
-2207.561119318885
-1971.7056280819954
-2001.8333335090747
-1995.176193234157
-1900.8289495943618
-2647.981421316272
-2110.637321835246
-1955.2067979902633
-1903.8015608775731
-2204.6291767311245
-2205.993069997267
-2013.5420485707361
-2329.0414203576147
-2117.3125769699936
-1839.0274155299471
-2048.4915081500403
-2357.9469033871123
-2069.5260920396954
-1991.0415451975978
-1811.537703015954
-1940.1417314536757
-2202.697005429594
-2124.5253634439046
-1841.568012492298
-1934.7222199058833
-1934.6440317272545
-1884.452841374467
-1889.7299094018433
-2067.84220744241
-1856.7393901361506
-2112.7874583589187
-1882.5345367124603
-1947.2310004996407
-2042.1415247488528
-1869.0645919586532
-1908.5955622925471
-2260.024297276444
-2373.9524917757226
-2000.173172895426
-1958.1719296342621
-1769.0825976412698
-1898.2006992587544
-2210.9850656826366
-1945.8731821834522
-2262.2178647513897
-2109.3821936239397
-2108.7630355674355
-1820.53460927353
-2040.184383696527
-2085.0149461144256
-1743.7386168912963
-1894.5838536930755
-1773.880051683285
-2558.0597537090453
-2098.4945713266056
-2127.0021118112522
-2366.5484238601007
-1830.5644029049736
-1950.467507460684
-2130.4327767221907
-1985.2804069653512
-1606.0944365087157
-2169.7347130298745
-1994.5259566212405
-1777.3825460224607
-2090.507180957283
-2270.512616815062
-1968.1671397893888
-1881.3791205104844
-1838.017120429885
-2064.943370365583
-1808.5416801316378
-2256.018157918483
-1934.9050490017264
-2358.489478672512
-1873.8832664433198
-2053.577725204116
-1903.155929897452
-1778.6438956145228
-2093.4993572402836
-1972.0085099303055
-2006.5093876324759
-1899.0234254038276
-1945.6108986328666
-2108.1972874768035
-2226.5167994869366
-2004.298418212677
-1902.770873024788
-2156.8945827363286
-1772.8426482730083
-2053.0980001488615
-2072.198661108749
-2009.5167209730703
-1852.6647006991698
-2256.3704420165063
-1668.9453867882578
-2205.5186376859906
-2025.69070165609
-2251.108400630638
-1892.028335592188
-1912.3041685499136
-2105.3674073358575
-1770.7320601674267
-1957.6076041611286
-2230.3560777745006
-1778.7850617244103
-2053.8621746588215
-1901.814116537145
-1951.2898181876426
-1953.3571860716381
-2156.9670229498975
-1873.99598662867
-1883.2558454146497
-1912.6629242113786
-2133.4896794960746
-1958.481511348845
-2021.3040315126593
-1930.4598484608655
-2209.206559348929
-1698.412502678721
-1791.8282268596024
-1977.9190061061088
-1928.7684061823938
-1903.466038558928
-1946.6277090246601
-1905.5762381933503
-1850.4213790864571
-2102.411484346346
-2069.9774667440042
-2083.4530182241106
-1921.040186499084
-2117.2329416500193
-1920.3359349263953
-2002.0632808261748
-1825.2141716053168
-1809.9962873444842
-2153.17673055685
-2122.07515683444
-2159.4766189394554
-2216.021330596797
-2150.813098596508
-1995.1906594087932
-2031.3979803437903
-2040.4548779639772
-1915.018259949492
-1770.2892521212045
-2108.2862228310237
-1916.4071221608342
-2189.5688231326853
-1909.4243959762266
-2201.169067623752
-1627.2667118527158
-2138.442661186613
-1818.238891293745
-2039.4878210908232
-2197.709366909877
-2329.08949018688
-2178.726376611729
-2191.941683306593
-1787.1015353637786
-1975.0473659169675
-2146.8235685126715
-1999.6980563034915
-1823.1678747563867
-2073.748818979453
-2539.6552523957876
-2023.0068394984517
-1780.8428536822016
-2117.2837404495845
-2337.0779170467545
-2041.3612833734053
-2087.854151905426
-2291.0686689515815
-2055.11115185393
-2105.4088051730746
-2279.3346583534694
-2249.4557295819945
-1977.207685890542
-1980.3409546805995
-1809.5394395440646
-2146.0331684528646
-2229.036747718911
-1908.3581146412262
-2138.4068365258504
-1980.1167018362585
-2080.6438955441963
-1861.398451858483
-2092.2398628752603
-1806.7618476531447
-2060.9956207729365
-1835.4293120176587
-2147.292956909769
-2226.01333903239
-1834.593343668525
-2182.0628216741566
-2036.7080278207104
-1943.8426836242718
-1928.511566256616
-2090.378917403669
-1906.4415110087257
-1744.8461321276038
-1887.5880143143845
-1776.937120741923
-2080.9600721619454
-1742.721907751184
-2268.733651491039
-1951.1357570735834
-2420.35259609225
-1891.8523504725063
-2215.130281871237
-2072.8875050217416
-1863.4374051738796
-1895.8982981197014
-2117.24189411939
-1969.5776176169472
-2162.2335125815025
-2243.745149060856
-1876.7420181739597
-2039.784074280783
-2224.885670686382
-2112.9904914895683
-1882.8118464901981
-1893.071360684426
-1978.9298201217066
-1813.0977178411358
-1931.269344036614
-1818.713140449222
-1979.9848184341886
-2162.9341955073583
-1770.4666207876771
-1965.6792169455111
-1917.9586505196794
-1920.9698858391812
-2043.6719364176497
-1899.424575247719
-2140.960678138978
-1831.2964764960434
-2145.866800169726
-1847.3365893087332
-1900.7633237883856
-1609.2983914820588
-2233.5130724580135
-2072.4875986511265
-1991.5141025092835
-1892.672212323304
-1847.0674778260664
-2166.4631414923383
-1954.4933587629419
-2018.8079041144476
-1994.891458636523
-1846.0042981083407
-2016.0511337530716
-1966.5770493798063
-1886.117617720071
-2210.0879919419326
-2079.1534378943643
-1898.3218983042211
-2118.2274360703136
-2164.0810337788103
-1955.1613084217422
-1948.291572005563
-2029.5676349720427
-1866.0784948456662
-1984.7603661528512
-2153.534155008224
-2012.5481300961133
-2150.6056253585825
-1992.2894588833951
-1957.534335428394
-1872.9851150949899
-1896.0520215582478
-2226.077628324938
-2113.7779052396204
-1994.19387257916
-2225.0267177536084
-1920.1472683854763
-2340.4656653934544
-1876.044067420549
-2234.746477478825
-2180.2334429553152
-2238.869486765163
-1909.7359676618955
-2131.099945103748
-2049.2876440661616
-2137.8101065477344
-2162.2440186399767
-1953.202566333001
-2245.0434394325707
-2382.4357618378594
-2086.7423656308833
-1938.2556409579834
-2070.739406781888
-2213.9125015130303
-1872.5904085275579
-1861.9698590017165
-1661.3959518656216
-1767.9786795248092
-2144.69692470077
-1985.410467690951
-1985.974016505672
-1899.104256983674
-2061.9239100975424
-1973.3673664873677
-1821.0091547548805
-1831.0359881880702
-2048.277048549069
-2034.956954293906
-1904.670289836553
-1859.834542144986
-2122.7139238540813
-2004.7707735688616
-1798.7846108131596
-1873.0022250489521
-1821.8885838758624
-1892.4278421602276
-1895.1637999377338
-2207.6274813753103
-1880.8116114962331
-2406.5776334742786
-1898.4674887886185
-1833.852231664478
-1910.919414063528
-2155.176414924108
-2114.1878509240905
-2084.4755660330948
-1987.6756938884228
-1794.0733465670564
-1777.8439202233913
-1908.9591478902503
-2041.1194834318758
-1916.3229518010767
-1949.9530400601516
-1932.3165166049448
-1997.4710580977492
-1892.9589542970225
-1883.288365348453
-2117.272122945355
-1761.52905961342
-2207.4432736339227
-1934.695646124574
-2172.0556787174746
-2023.9210922421964
-2069.018206239115
-1845.373067268904
-2078.798491691221
-1956.2302457488895
-2063.416206843004
-1776.834192813066
-2316.729336498108
-2238.0250497462334
-1874.2192275247724
-2144.7635943442724
-2014.1392709658912
-1876.5911304332524
-1920.9273632595207
-1951.8120942932562
-1942.9457771589257
-2336.621312632478
-1754.5073363213662
-2233.3455767328674
-2249.5318214402546
-1940.7487444869273
-1990.5301035848058
-2158.7083197115853
-2020.675981305328
-2248.6475597971726
-2212.7901987474306
-2150.1991186910873
-2243.410448863553
-1936.6412071225968
-1774.1016993306505
-1711.3172196383475
-1785.791308882276
-2033.7203575178887
-1955.511592710449
-1919.7273239786928
-2004.345662039836
-1985.7559259119096
-1867.2965649436549
-1950.023791710156
-1775.0974177284634
-1957.8091505469981
-1845.8884123134417
-2096.8228103135207
-1909.9355213252147
-2194.2556247425778
-1952.7677814142328
-2066.8402049170045
-1893.3033668103144
-1861.9001315714502
-1896.0600784854923
-1951.0421112523582
-1969.0839228167763
-1979.7440750537921
-1992.7413573796262
-1844.3971587106714
-2080.855432616488
-2162.8458375488676
-2006.9193186207283
-2100.999794209816
-1841.7893904041803
-1919.9520636518619
-1914.9635127858078
-1778.4207480651971
-1961.5344771379623
-2172.142734754439
-1962.0652690631607
-1979.0345891279283
-1853.412200921161
-1787.1261279570908
-2046.1762481698374
-2253.6048125768493
-1811.154809618553
-2270.515157700252
-2110.2284317949707
-1812.8658503762335
-1934.9620544440706
-1826.058062215383
-2109.150437373151
-2014.4125704843864
-2199.2367558278124
-2076.381579993403
-1887.8390870422056
-2310.6707071718965
-2022.302495919534
-1903.9982938154496
-1894.843783204327
-2108.828278044385
-2016.6688476543445
-1859.721709831494
-1972.621015958464
-2013.1270529059796
-2264.7978940421303
-2044.7751825591572
-1770.4658524347753
-1701.4988831369033
-1958.8942821345595
-1972.9535233734305
-1936.1034761329386
-2153.9854668778244
-1976.0325201870817
-2031.3958148932177
-1966.157303433382
-1978.6192232321027
-1916.3239070950103
-2002.3358767866694
-2093.225914639574
-2236.027936193544
-2112.8902538094467
-1825.9451829188188
-1936.353110047583
-2166.168841768045
-2096.941000609359
-2212.897481078278
-2125.62720720405
-1959.135117003144
-2147.498151459906
-2099.3095131551177
-2282.749282009954
-1996.170344965114
-1913.9252477992472
-2115.3519417085513
-2065.195723658329
-1855.0828945011324
-1962.2575913257294
-2116.0553449397116
-1874.8755734107872
-1890.3658400826898
-2046.2792280995495
-1822.5192171743981
-1937.542041685313
-1993.3617402562684
-1986.2325030760098
-2007.5669579379335
-1975.899406446344
-1980.2946699420872
-2047.8086204278052
-2363.2162150223767
-1960.445635360518
-2280.659631806416
-2138.140045310288
-2234.3746781005957
-2114.811937951796
-2074.5693524132257
-1960.7317361881196
-2041.1407837752595
-1758.1676593852026
-1866.7742845697162
-1875.9110896557138
-1993.8979040743893
-1894.469052075267
-1893.9506899670655
-2334.3144089295397
-2051.527101075653
-2200.0308468001385
-1978.203500968661
-2092.556943138178
-1815.1545691855001
-1830.5841993094364
-1903.7825220237391
-1933.6365815097324
-2122.7570133405843
-1999.2594680862142
-1880.689521243419
-1784.7644323035836
-2093.2877835527543
-1887.977436436272
-1988.518105702823
-1833.085012268326
-2315.766013623527
-1867.2880669137205
-2164.058896538787
-2196.064564659939
-2083.0229549907713
-1959.743297030724
-2539.6545327472495
-1959.8818155097715
-2056.7696812637973
-1895.6810578645063
-2145.5503370043693
-2214.6458732242613
-2140.36620497619
-2046.3549193401261
-2180.216832847037
-1887.086761774971
-2248.299027846844
-1887.7199491109925
-1832.3199897570532
-2093.514419702564
-2219.1174478815765
-1886.7135786803638
-1951.3602343697062
-1803.8133939366094
-1888.9569782320025
-1931.4220520697797
-2338.001375960967
-2189.083689017306
-2045.870878308296
-1881.9470375857281
-1947.094440780284
-2166.6496265941196
-2032.830786280192
-1995.7269880212805
-1802.997799481752
-1921.3379943630714
-2456.390078001537
-1862.1068853844558
-2048.3735567411236
-1911.114141331986
-1750.4393864745116
-1984.9648063936547
-1739.6469684520505
-1726.3851420820113
-1858.3287314253882
-2077.0781650225013
-1910.4656435018144
-2067.7964448519683
-1935.7028468393157
-1895.5869995084145
-1855.1249616828577
-2540.783557646326
-1855.1156311654206
-1908.881125795775
-2101.64257754364
-1916.3250367419396
-1829.219651190515
-2263.07379108912
-2034.6748033542335
-2525.2147433928812
-2069.9769920855283
-1961.1402849003593
-1789.1513162981778
-2138.537593932604
-1907.487618559707
-1947.735518135474
-1891.597567339851
-1736.5277975983163
-1669.1181345901905
-2023.8600166667763
-1908.0212607658395
-1889.2364293856006
-1818.8040511393554
-2138.8509682619906
-1907.1905684746228
-1906.0144785632308
-1809.9154946492308
-1924.4895567400356
-2352.830201099562
-2157.6278951900335
-1791.2081406507841
-1984.141697674133
-1803.837158521317
-1977.3180137525721
-2004.6700492556045
-2032.4789758805848
-1971.308074825679
-1713.3098147865528
-2049.4619482718676
-1997.1868779612757
-2146.565754583704
-1820.4342720737304
-1725.0349411744037
-2074.0923743303047
-2056.906077655751
-1780.9384353078615
-1900.0462601950385
-1844.371702841626
-1843.2956016740723
-1922.881884912275
-1928.6448331950376
-1702.2851529427285
-1747.9108453358983
-1840.9715341345318
-1904.1408143130282
-1898.8344113825597
-1832.0848535427458
-1893.906429819562
-2038.9652304562142
-2092.2649904347636
-2004.992355957818
-1967.7644183302546
-1787.5049566449104
-2215.3924184210096
-1874.7883490680103
-2189.7449960838685
-1746.2877904992163
-1999.6728833941947
-1908.2572200786858
-1966.6974437555616
-1833.564722424616
-1916.542356290681
-2028.5627495203134
-1903.4421952348462
-2127.3768591253597
-1916.5517289254342
-1804.0404240920698
-2087.8623513859834
-1803.3533130892208
-2022.458131427578
-1897.535007445846
-2029.9811582298034
-2240.7609243598167
-1974.2029920496398
-2404.2338535539525
-1836.622734030247
-2069.7060352902035
-1866.1815221708002
-2197.2123349974404
-1796.6001511081884
-1797.9078000332026
-1778.069330767984
-1953.9188838339594
-1966.0223757017245
-2006.064183021239
-1811.9521571063165
-1647.6169537807637
-1750.3779250240154
-2038.739599377714
-1980.5733491311419
-2006.383542424077
-1830.9350816302176
-1549.2953557276476
-2126.2647744009637
-2220.524562962088
-1914.6873813345996
-1849.204629899906
-1933.8058616242706
-1811.9793757487707
-1918.0338976470466
-1963.936555558132
-1719.5739769130114
-1889.2077013874487
-2017.5810625081187
-1897.4845788767955
-1900.4164584821356
-2053.9568716847066
-2028.228197167744
-1795.4976381406607
-2005.1753603455081
-2071.292968521487
-1867.436599531009
-1905.680513364195
-1977.1505036430558
-1696.18738568282
-1904.4839790775177
-2047.0457998680167
-2011.8808350430263
-1957.3237366467788
-1878.758338181862
-1764.576863041498
-1792.1938759734203
-1855.0444804360866
-2006.189299415741
-1955.769096453446
-1705.9047472675077
-1903.3984661385948
-1853.3692461692012
-2113.80589038882
-1938.7691566662033
-1987.4029525637002
-1973.9511718378717
-1641.379849946393
-1717.2383584126235
-1985.9681381058463
-2004.5191636128782
-1934.6034625620994
-2020.210012452139
-1939.2705100314424
-1914.4100616425299
-1939.176806177598
-2033.9241320247606
-2084.5478309152754
-2112.3835812548855
-1781.3951923151465
-2002.1269251794636
-1848.3410548060824
-2115.323549356023
-2175.934974965763
-1910.3186052117271
-1810.3972844461887
-2026.2731404872548
-1838.6355148063174
-1874.7033863314352
-1921.4940104709667
-1931.225779127767
-1753.114732577641
-1847.482403574715
-2135.8407899403956
-1994.0200515419763
-1958.3021658515468
-1975.1661852999355
-1588.333357719626
-2032.4740925181302
-2021.3475995241338
-1982.4815088484634
-1871.4060957648774
-1768.4259556074494
-2093.754477797146
-2109.7215595897146
-1763.3916870312378
-2002.4420041477351
-2066.105267645849
-1809.3751296661685
-1783.4022409662823
-1795.5650827110815
-1635.2844645825369
-1568.8479931830936
-1996.8171783393766
-1858.0180154478826
-1577.5740461521827
-1951.8356307906984
-1714.8645887491668
-2104.119778331436
-1895.8968360975364
-1812.9197542459356
-1899.9481598927523
-2064.8398131509307
-1837.5738069728309
-1800.9886019082087
-1888.431524905787
-1743.1982081338028
-1911.571614722713
-2117.2791842657057
-1901.0928830833307
-2289.1100871219023
-1950.5057223863005
-2017.96142137657
-2126.72749386061
-1835.4510474200179
-1979.5716564241914
-2049.4991740816013
-1939.942678307537
-2114.7512209853585
-1852.8540216018073
-1939.2308778767006
-1933.505785821883
-1856.361911239659
-1925.0513185952555
-1822.755307977786
-1696.9860037209066
-1834.2931879947237
-1796.5023433345004
-1914.7752532347783
-1703.6266432272332
-1914.342252878826
-2129.7279926175047
-1842.6583444148266
-1763.5234970167476
-2038.4940098555464
-1790.1076957975235
-1993.716990093795
-1849.5193712831108
-1679.1147187321376
-2164.2243144003555
-1985.3023327775136
-1897.965309968549
-2094.427128007229
-1929.9602285093836
-2007.2754451967126
-1945.4374927095928
-1725.2725946591931
-1685.4960635325447
-1964.595145649057
-1875.1069070807619
-1976.9893992898183
-1822.4781946273372
-1864.418485620069
-2210.3864383379137
-1873.8449166698003
-2113.014512038424
-1873.6329531329602
-1738.3280065368483
-2034.2336290198546
-1999.676202878893
-1948.0258785986528
-1781.4061469076046
-1756.1165661319628
-1843.7782274416568
-1960.840418543456
-1877.7905800713997
-1974.576461375355
-1930.4796451973998
-2105.9236262465497
-1899.2076049986345
-1918.8151510609198
-2102.2928656665895
-2041.0184027133764
-1898.393678397546
-2040.1627380280834
-1769.132471747897
-2024.5472759527847
-1990.1611454081115
-2195.9864712359004
-1839.9492066808816
-1747.7294715059231
-2198.0113257219764
-2083.11321956814
-1882.105150440363
-1712.8088110865979
-1960.3892425275947
-1941.5059547088167
-2106.376049477007
-2055.9224776306683
-1748.151258246118
-1687.6497213223954
-1868.8886563484248
-1969.7750378067653
-1988.438302935583
-1978.8395072655615
-2066.6822194495066
-1950.0763254947615
-1930.5240131844669
-1865.4796770145113
-2117.9417146825426
-1940.2167302808848
-1636.6492165576421
-2067.2672117430825
-2033.8842524847737
-2053.970780413548
-1916.8366668564684
-1805.0352983657763
-1806.4861643797944
-1956.3158368769878
-1758.2020954101856
-2033.841716178951
-1812.9672333037536
-1615.6708307898382
-1808.6873603453416
-2093.4652670548
-1937.0332796738476
-1714.1601915596375
-1906.30656650416
-1923.7082455295722
-2026.106333846336
-1963.1167312322575
-2192.631170436418
-1889.8374635940597
-1715.3858159289725
-1782.1952962874484
-1599.2185120376844
-2072.267678069731
-1704.4584593013853
-1938.4306404476501
-1894.3702668595135
-1920.59003573703
-1899.1200162489638
-1958.1118072045028
-2103.7272235761425
-1808.70180529755
-1743.5257913853013
-1913.0044735648498
-2137.2906681299405
-2094.921671790134
-1717.8183729239563
-1968.6858822324918
-2077.958771114439
-1783.8858475384475
-1908.745682581751
-1748.5570488882877
-2132.734230988803
-1889.2550144187878
-2097.9043628107393
-1950.788923866555
-1937.899034040787
-1859.1120718982838
-1773.7929751009863
-1769.639984280889
-2017.3394517328463
-1996.7571404913758
-1892.4348596450902
-1807.4846298494854
-2006.6288548372004
-2098.168671898025
-1785.3109637701302
-1817.4038271847394
-1811.9130359252083
-1958.7502861468304
-1878.311071887537
-1855.8520909466406
-2035.7419183480595
-2171.6531995971127
-1944.0169585900874
-1868.3892968718728
-2075.896304667441
-1848.877946968668
-1906.5731763997567
-1892.9277298954473
-1931.2017730564876
-1791.9610665642622
-1890.799476085912
-2054.2971842022052
-2146.1456342190313
-1842.6371477852445
-2064.1515245857086
-1739.976024617149
-2092.6586177104405
-1588.3774466708726
-1850.7016348934296
-1845.1401204320127
-1935.9163539997278
-2102.863873015072
-1642.9268960946772
-1675.6909844368163
-2247.86849789773
-1776.103336348824
-1723.6562478447077
-1814.4811772271514
-1711.0674979447624
-1970.683051605254
-1966.761018287066
-1974.1821388395617
-1864.9432218780378
-1751.498713196425
-1795.469889920993
-1690.994311625656
-2156.4058632148426
-1876.0858456051408
-1949.349446476713
-1987.900023387242
-1825.9826337733186
-1860.4681972347987
-2075.538050734581
-2145.3793572633217
-1949.6159493351734
-1826.6701108357313
-2010.575452505368
-1871.4951315997687
-2061.5651007903193
-1602.7849434280415
-1671.5837531218694
-1879.9590977326422
-1845.8653087830419
-1727.7287759911114
-1914.171985975259
-1832.4620441904317
-1789.684004920089
-1891.0589085327838
-2047.7246065547567
-1986.2763928615439
-2192.268006665541
-1999.6966336897622
-1965.000085427248
-1886.708075072301
-2140.8143440684175
-1898.8579326756765
-2050.7275499678303
-1961.1537275062337
-2073.78803957642
-1973.7290097241546
-1697.2949036322636
-1852.3327733191477
-1691.2536402524674
-1820.040539685776
-1934.22078738131
-1976.7485008469907
-1757.686984191794
-1881.1561115362883
-1926.0277708357332
-1787.0971397851995
-1791.4546814935625
-1808.3122568917538
-1915.958933208553
-1824.676666574361
-1926.831718406293
-1940.7542108176474
-2088.286750503686
-2034.5036877266568
-1925.7863442145656
-2041.4114414634707
-1852.9935357180364
-2075.531475902553
-1700.1978192749586
-1914.1639117367963
-1812.605845297533
-1905.084546961305
-1861.6674983437272
-1770.3472260838435
-1830.5086547162366
-2067.0299078172534
-1881.0375889417135
-1667.9890428152994
-2159.2939892110808
-1836.267734470548
-1861.020649888176
-1791.8484392933842
-1799.3775478899406
-1994.070806171215
-1819.8456847597263
-2081.8856853753327
-2047.2552300064458
-2111.7254491227786
-2236.7851548620743
-2233.0264740816656
-1830.1029447862438
-2119.929916288426
-1809.2419100023553
-1747.7261350621288
-2117.0685859277073
-1814.2671150022377
-2078.1652910609832
-1904.620358945313
-2054.4162914594567
-1921.7460824676295
-1929.8649033074148
-1762.276660880506
-1697.2392693008694
-1809.9464851987632
-1979.644465535877
-1714.8172461038919
-1860.04572200812
-2144.575614302737
-2075.8207429544454
-1862.7828854041957
-1795.5325914764871
-2058.9579921734307
-2328.8609389921376
-2033.0894968317823
-1769.6221408641672
-2254.491604186475
-2197.44062731344
-1891.0465908752515
-2115.150084582756
-1836.9235927778989
-1901.830393090151
-2102.611686050443
-2026.6893717653047
-1920.3615857029786
-1842.0956655050454
-1903.3295966104415
-1846.1473827446516
-1937.2506964907398
-1971.2179651190404
-1745.02186720827
-2190.8893009925414
-1657.2566018030402
-1902.4361843009851
-1985.8231151118207
-1630.8600122460095
-2081.311069018745
-1726.3987893909089
-1789.9847343052277
-1728.887270087527
-1977.1603781614758
-2106.026853849356
-1756.1264407033086
-1727.2451897485892
-1807.7479224035249
-1952.197690779017
-1807.9545814319636
-1756.7426229238424
-1843.373238328386
-1963.2488902913256
-2231.811874842542
-1904.0126518434436
-1727.844268742807
-1712.7959526830332
-2054.216766527628
-2015.7981357843248
-1977.5667725427809
-1756.7277784395856
-2000.39633335928
-2181.118513272289
-1904.495708240858
-1985.183861567309
-1744.880760867588
-1823.9318528214474
-1900.3238186752287
-1942.0514182855995
-1710.9665652613703
-1938.1858580875648
-1818.6317902977528
-1868.9942271248776
-1676.8342871638868
-1976.6476652975384
-1842.8452319039764
-1974.8271264488787
-2085.318075282362
-2200.5982690641413
-1840.82143091015
-1894.126617581807
-1791.0590352261715
-1965.1576767741253
-1809.2224763113693
-2281.5479042484344
-1850.0956342026084
-1857.3114250335148
-1941.8366720778006
-2055.6846025732752
-1707.211779762477
-1950.1246489651057
-1905.101878167932
-1802.0525526897054
-1785.2118268416705
-1844.992614258779
-2014.681870429944
-2087.4964486339686
-1785.5110941684566
-2012.965817829475
-2123.598085211443
-2196.2001840183834
-2164.4570262918514
-2004.5922244151097
-2012.20999047694
-1856.7602125719377
-1917.4018958675258
-1889.3040341193353
-2192.62687567617
-1883.0787158206797
-2039.771583645785
-1942.7394017357606
-1888.4336937142966
-1920.6470365950067
-2010.8061898478795
-1932.1310027041864
-1840.6284567837276
-1926.1174401339722
-2196.960394230596
-1667.6774246448044
-1777.8048267469294
-1786.420601113287
-1699.178603145723
-1880.4873089605026
-1809.1317495766134
-1832.7173572552392
-2222.007829422071
-1954.8274352097383
-1857.640992525139
-1785.8856144132465
-1662.2546835025198
-1946.2967382284578
-1851.283749610399
-1947.9275515983873
-1942.3267425769618
-2141.747929613149
-2239.094173501745
-2048.0527127920077
-1838.670314327411
-1925.2511798139833
-1810.1107632599455
-1738.8940663243827
-1574.1842033435298
-1766.4352323708977
-1935.4780662492549
-1871.2255463571405
-1750.9290986657707
-1983.2034006433532
-1780.63459119029
-1832.6232457744454
-1928.6947561630216
-1805.5812506747516
-1724.1857694164246
-2177.7253097816892
-2302.6441389812203
-1978.7221717215807
-1876.4095709908715
-1821.1299705271276
-1726.4191220144976
-1774.6634368664484
-1988.0118188013953
-1892.8615297150127
-2099.068222525753
-1882.7306311237162
-1941.3051120927385
-2103.579953111579
-1973.0850850479503
-1828.9618398645853
-1860.470982568967
-1849.8333512479578
-1981.8847711057883
-1808.7940977496896
-1918.596468462938
-1990.8633114734857
-1735.1153069555105
-2049.6169102105046
-1727.6233927457722
-2022.5397293003816
-1777.511965819821
-1837.0402229777415
-1868.9848204438176
-1915.8501434565287
-2009.1661337275918
-2020.6813270045536
-2001.1127699255665
-1667.6546387001142
-1746.6480343689336
-2181.9732620745217
-1950.1293701448956
-1748.038338964848
-1749.347599655404
-1888.361824390015
-1918.736081301711
-1742.9267444609236
-2194.907085457173
-1882.2292170883657
-1936.3663645002257
-1962.8905682945342
-2125.402336558296
-1873.9609333636502
-1998.6399456217391
-1943.6736932493914
-2086.2683122691983
-2096.2132128690278
-2037.0697986485452
-1769.0027209224536
-1937.7473266608504
-2171.84649966556
-2009.2143051357439
-1941.3798943047725
-1799.6970855581742
-1838.4988163713715
-1797.0853401416043
-1922.9613387553557
-2044.7641166588605
-1950.9279302058794
-1638.3965346366385
-1813.9709776586428
-1921.643995092981
-1992.5296647389926
-1973.1393539292262
-1945.9760957972144
-1788.9910675458204
-1714.172944434845
-1824.9348955593491
-1980.2015203225092
-2088.928830011939
-1928.8655956223863
-1768.748936703877
-1747.8894480570602
-1598.7690819753295
-2033.5271786153933
-1658.5594359047439
-1762.1741405871592
-1703.9888385063664
-1993.278448623676
-1814.4917683751808
-2011.0815495309025
-2008.1358209981427
-1654.9476035611556
-1877.3775015225256
-2095.3053678565266
-1676.5567274956659
-1916.0984847327975
-1906.3611052113495
-1667.5733986543507
-2122.085648850932
-1814.5251782433065
-1999.9075127885635
-2029.4885732379535
-1820.9672670082855
-1891.160729594998
-1888.4869160932897
-1795.2676110807913
-1674.9321544015472
-2013.9914896969049
-1779.794637866401
-1796.9241286306815
-1919.7438648053558
-1824.5952392841305
-1712.1513102345268
-1810.444263348617
-2197.4561804073023
-1973.4429355504453
-2071.996670579349
-1927.3072434343107
-1725.5290381861369
-1945.860972014275
-1758.2613965034996
-2111.7571440380702
-1847.9599565936603
-1884.1054311706748
-1791.8241311690417
-1722.2351801715683
-1894.009854087455
-1924.9139839957697
-1759.6550945745148
-1910.981228500015
-2051.028876043295
-1988.3260301930804
-1971.0598971869354
-1850.3207444663522
-1950.45041953066
-1837.8030244123581
-2034.474175569596
-1858.5717825591241
-1997.6996416380262
-1882.509774070989
-1769.1312752517124
-1934.642039982863
-1986.007571246382
-1979.007882313209
-1644.0174406622734
-2063.950466387862
-1762.2715231234117
-1629.8715620826795
-1945.293690810322
-1997.585215951217
-2025.6563462157021
-1893.523598282849
-1657.391224836044
-1897.0704486240281
-1774.1840833548806
-1939.8541057934142
-1875.8113298182607
-2247.621658017571
-2136.5679261613477
-1640.8181419677076
-2000.5210000764246
-1760.4900621050394
-1980.601278463876
-2328.260930662634
-2049.0431597997735
-1844.899639605779
-1899.0886709537326
-1850.5001772004698
-1752.8049842685211
-1799.209569554486
-1856.1940615770823
-1749.3697082347198
-2055.2064763059743
-1773.6339706498504
-1824.497937787321
-1987.571430219279
-1900.8327630523338
-1807.5953797965649
-1772.0220770826973
-2052.9140707285983
-1939.7116746861439
-1986.008314214047
-2091.3770862777246
-1957.8267279042666
-1924.2692440174644
-2050.302385103235
-2166.972020597988
-2498.775530804752
-2061.676607091232
-1981.467829702643
-1975.6460710141478
-1872.3374600429122
-1896.7410341925035
-2047.727875620511
-1921.2242646805873
-1906.3702847765185
-1836.7732160979658
-1813.9507188673874
-1803.0526863384414
-2045.6026910505193
-2241.169214646384
-1964.5154386856266
-1949.4375171416862
-1899.1766841042872
-1902.7475056083492
-1991.1014967440879
-2170.9593114187114
-1728.8702493412793
-1854.8679322892292
-2004.6225176997345
-2127.6560788776046
-1926.2665067647818
-1984.4575219670687
-2063.577603840693
-1929.4448860658738
-2005.6341225517263
-1850.0839731335125
-1905.9761727551995
-1940.6673845409741
-2017.1236018150366
-2179.3087144043197
-1984.4153339946506
-1706.5137795530686
-1916.2176449009057
-1962.0346759172078
-2198.546368104218
-1854.9735486372313
-1734.5596976526424
-2060.8370515067527
-1790.7629260441154
-1975.1384959179102
-1701.6348163923603
-1786.7699985096647
-1856.196688635143
-2042.3421874197172
-1801.557212445371
-1988.530917596179
-1706.6006227155628
-1936.0901509210173
-1780.365617104713
-1703.781062411788
-1971.1033085660195
-2127.012273100799
-1744.3077183371636
-1886.6786502775958
-2117.7763625817634
-1884.8955048603
-1868.1363505457693
-1991.7254860360813
-1689.0374957676459
-2043.5027428014052
-1938.6374264665542
-1975.385579987113
-2137.5939470316234
-2011.0772930628718
-1995.8505336750275
-1834.984454575892
-2087.2343976423467
-1893.7682189987042
-1830.799701321442
-1983.2637539733842
-2006.8683194440237
-1717.8629248254829
-1678.1318716336345
-1775.1034836044958
-1886.5999961393516
-1955.471789529564
-1861.3061480688175
-2260.9873360931742
-2226.0691632409153
-1963.9200585582068
-2010.153594791241
-1990.2670748301084
-1904.013569621069
-1840.8082240386902
-2026.19556196538
-2311.8506476376374
-1711.2585187848501
-1758.199760645535
-1830.42872896339
-1741.760791151586
-2129.0458161030524
-1918.7885022254823
-1951.2601737549514
-1951.2782526317835
-1710.850678195462
-1785.0324241352973
-2028.1532226778281
-1889.08719647468
-2026.4122578381587
-1800.5877349168798
-1952.5251809283034
-1802.093292678968
-2060.3396701150837
-2074.032259142548
-1838.3261375795657
-2217.336165657652
-2037.939234202272
-2041.1718662376582
-1954.276911594367
-1758.689061568862
-1622.8978396581515
-2180.0668409031327
-2100.153047532924
-1762.3000021198925
-2017.0744937244265
-1710.5718883173822
-1810.1396203901002
-1937.064284173577
-1839.0289849614478
-2057.6938922307904
-1898.209192735218
-2043.790136737519
-1785.3411909842541
-1891.529955596339
-1828.6540174812417
-1927.2893492903615
-1851.7266241997559
-2437.719813253164
-2029.7387946688473
-1960.3321027212696
-1703.1179878280932
-1817.3164197250462
-1964.2378491032716
-1776.236215104837
-1740.547885819161
-1765.803269938753
-1830.0504310101308
-1735.4883728288278
-1891.0008048075954
-2030.872007891794
-1757.9701797242697
-1901.3790088592218
-2078.1079641888314
-1803.8469175320236
-1881.6106545999237
-1822.3033097281723
-1844.061641253261
-1721.2559354827044
-1735.9310224892445
-2238.7135269767364
-1839.3752641066906
-1838.3742972042464
-1878.3977160043582
-2134.2443195232518
-1972.2580009622352
-2019.7177840752875
-1804.0344796779937
-2036.0610016827134
-1780.8739738524005
-2011.2782048807576
-1870.4016089473153
-1925.0218646964586
-1807.6759592807325
-1895.0126025637182
-1944.0817759952952
-1878.5109333811376
-1857.610959697637
-1916.61429087047
-1824.7712525471525
-2163.1553816197334
-1862.552952815981
-1764.6813294223568
-1849.4974147990067
-2054.8969225937935
-2113.760296801854
-1864.9217056102452
-2142.912246463355
-1945.6160101706719
-1873.4482543269296
-2096.6768224112047
-1806.605770921199
-1971.5235980276677
-1845.415614250127
-2027.742842904484
-1756.344972784635
-1960.865348746358
-1834.922290820644
-1660.1530084540927
-1861.2102044017713
-1947.4690667146363
-1890.9778085535513
-1837.1639089328319
-2021.0874032651043
-1740.089448217001
-1840.5341650142573
-2180.021155757693
-1857.3488837095717
-1940.948197275351
-2198.9439573880936
-1859.9782488069131
-1701.7457632908545
-1999.095049487112
-1832.7325480090249
-1909.5671917839763
-1921.1304607591032
-1781.9396058704363
-2024.8003695480074
-1931.4416519153683
-1940.6827038654073
-1990.546073214865
-1950.76400119424
-1695.9669263866226
-2112.614005712859
-1835.940892498572
-2065.6617404228236
-2013.0288993562092
-1887.0160088598961
-1842.8181289445156
-1998.8601581842731
-1881.4335795422533
-1906.247387875029
-2051.6440915151247
-1900.3997303022607
-2069.9302754095256
-1803.1435795327718
-1953.7759226475043
-1969.118269858079
-2061.4751529296477
-1898.2970108970958
-1996.194041635054
-1875.8070601070538
-1606.5237177183817
-1879.9598105286002
-1974.3887731041623
-1797.3137437034632
-1770.9541593470747
-1940.360948138353
-1761.941419022816
-1949.4636660341062
-1759.5916360693068
-2033.8719755477214
-1897.2802776405513
-1972.5286001197599
-2031.0558580563975
-1858.8972780513786
-1941.8163566125197
-1868.4357268149424
-1747.9755809806402
-1556.3223879911488
-1892.5273822194504
-2081.4256150698106
-2090.1192825571948
-1777.5435013745177
-2051.2274003048046
-1945.0531037954545
-1789.7905037730598
-1949.243164633358
-1732.6912415287732
-1853.704234536614
-1859.1997715271916
-1856.8870554415932
-1940.2803184018846
-2092.619993910455
-1939.6656531939823
-1763.6369667396987
-1937.7760346335326
-1924.1450561765496
-1695.7540181598158
-1928.7132235472047
-2104.105494509456
-1966.9680247323392
-2086.1200918029226
-2065.0001385749224
-1878.5356857438449
-1835.3373039890175
-1851.1454602502135
-1929.8009231181495
-1896.3499571217094
-1726.6303993158535
-1986.5386461365008
-1783.8614156412111
-1970.256752911678
-1929.96567126601
-2216.7353953809184
-2161.1866472212914
-1771.2308613312698
-1994.0262914343607
-1686.3796739945656
-2129.2139550505285
-1891.2940029137667
-1879.8268377753034
-1614.441382329943
-1974.5142432769399
-1860.4497262341993
-2042.3323701818035
-1875.7854698171516
-1767.409431092667
-2146.4647815898525
-1816.5140081760744
-2265.8847343341336
-1964.660131096354
-1657.2873641717717
-2179.2052065131265
-1992.7835878922056
-2118.869610703096
-1845.802929543599
-1891.0599895395012
-2067.789409065785
-1777.706926935416
-1759.6238718490185
-1698.601243547311
-2408.316880632348
-1650.6403710924978
-1952.4011974439193
-1786.3653899618757
-2034.6670341025115
-1879.6615831881293
-1712.0115194875955
-1706.6840751016448
-1981.7205921935165
-2009.8118247630418
-1978.864253782815
-2053.391624283157
-1844.7424537502307
-1851.4610114600248
-2054.511903102714
-1837.5252419668084
-1814.0440194146024
-1887.196252113042
-1883.23120747189
-1901.9422049049535
-1823.3828254273064
-2159.104047502067
-1863.2772784065546
-1938.412690534326
-1794.5886083998282
-1964.0024322556249
-1732.7495972474699
-1941.6926233664822
-1938.7803569224172

