-2221.222380471709
-2472.262817406591
-1625.1864254789
-1734.9938579322895
-2056.2469714261933
-2170.880852705922
-1476.5419329641397
-1259.077871750252
-1365.442359665258
-3063.846348193158
-2677.2495072920306
-1370.456339337436
-1489.2465383564545
-1481.868391262896
-1526.2378222208115
-1308.2814831797293
-1180.7049320079147
-1367.6132388388098
-1168.5187531327667
-1207.621849317706
-1290.967205874065
-1435.876948274445
-1098.8263249212089
-1208.313752791665
-1235.9795071490257
-1330.4384009722428
-1083.9970305626068
-1255.013468690785
-1082.5809303064623
-1187.638633554528
-1140.3912069999672
-1096.0819582975616
-1108.6239881285946
-1325.2333162937377
-1333.2902992618458
-1100.6475378639363
-1165.6009307695965
-1064.6371851039899
-1057.1568445878893
-1218.8972707983885
-1270.783494131535
-1058.4691501138425
-1117.8441867384954
-1023.7774693528498
-1074.2748571991685
-1236.149252191759
-1008.7273626291347
-1182.7729897936392
-1105.3974340505695
-1167.1764086148385
-1078.4748493429229
-1055.1074655369248
-1212.3739094178638
-1093.902656789779
-1212.7208797412382
-963.2312060894891
-1103.9366124864782
-1152.4029336175008
-1191.4189669470413
-1068.351342552674
-1236.1323951875734
-970.2021973226534
-1200.1517258703911
-1090.6053022828185
-1018.4594946101395
-1152.9939858373302
-1087.6604687688327
-970.0302088129594
-1206.798530049731
-1197.2532792911113
-1123.7446488390433
-1172.6346463868492
-1149.4145014920223
-1089.1960529276068
-1154.094272095593
-1220.470370134301
-1038.0518540178973
-1123.7356013387664
-970.8572928304003
-1084.572827124309
-1025.333021550301
-1225.3777900046332
-1152.8173577698453
-1178.5959498487355
-1074.780178110409
-1102.9898849898518
-1224.6953674789638
-1052.8569332851462
-1238.8953014337728
-1007.5870987999631
-1134.0275310567538
-1099.786400345763
-1320.8961586594528
-1065.0085511432715
-1092.2331512103362
-1078.8091223571216
-1107.8890056091273
-1056.18434877135
-1206.5124503289917
-1102.04042337022
-1095.7827671851041
-963.9879324607068
-1021.4673311211076
-1155.9377163233924
-1047.8805773930164
-1050.5812722656644
-1000.5475201693552
-1039.3546574211357
-1074.697727191648
-1013.2868604326353
-948.9600393876605
-941.7233198077819
-1190.8268900225569
-1086.8915731220047
-1137.1921596260809
-915.9812106853974
-1039.3569621577583
-1189.278862758015
-1104.6739442237727
-1153.2758141012007
-1171.155731309392
-1168.980335480074
-1149.253620518405
-1167.981228659718
-1248.232831059737
-1044.5783728829813
-1155.2142420940722
-1079.7790225877893
-1107.4321986081356
-1342.5384635168386
-1113.8618941043042
-1004.7987950939167
-1059.6026124616674
-1046.467827436979
-1052.622554862389
-989.2873368777225
-1212.5660905222742
-1058.9119156851418
-1010.9120994210302
-1042.6797050666717
-1176.4884611723635
-1271.1882079180082
-1168.7018211164168
-1119.8240710855403
-1096.8386612697311
-1077.2876306307692
-1146.9305934043928
-1114.3329319519326
-1179.4600272911973
-1079.1326357307532
-1039.2428755625524
-1161.3907180993858
-1064.0197850054024
-1033.2838327488412
-1039.0186862277749
-994.6962061910699
-1008.093584528843
-1140.8467171441912
-1111.6908771930819
-1129.0497968846926
-1149.1650193794214
-1270.056398976165
-1104.4889797808094
-1359.612144323981
-1117.1448512848817
-1153.8055140438473
-1121.1862154434118
-1020.4338915826478
-1129.9724569151072
-1061.252683699444
-1180.3056650821388
-1083.0344086941002
-1031.6836783940005
-993.2117360137663
-1270.68755207756
-1015.0079149720251
-1013.1500027053537
-1156.0848366159917
-1254.2163816218267
-1401.235095883416
-997.9165062056277
-1012.7106707613032
-1142.2905544115392
-901.9627423773161
-1174.6181327904224
-1103.487648346736
-1174.887884095852
-990.591818120938
-1067.6850895666385
-1073.265636290924
-1076.9938880970556
-1146.6695506628116
-1048.5668571709573
-1143.3468174047007
-822.479312071476
-1051.5726027746202
-1092.506274661075
-1219.3661067196872
-1172.5416574746093
-1169.0435388194917
-1366.4061234057358
-1021.8171832594676
-1031.5330109664612
-1195.4676150886535
-1010.9035962195603
-1152.2661470559976
-1124.843057485871
-955.9931122057304
-1135.0139284439774
-1151.9509081579295
-1061.6640818411433
-1099.9885190405726
-1207.0005952320512
-1019.9650976772042
-1025.1886582755508
-1214.7549197312655
-1182.3085470667522
-1100.3408700886896
-1102.114435910101
-1030.7787022014795
-1137.375881486158
-1063.8832841076962
-1094.769937966579
-898.3576334636298
-1119.042368498954
-1131.3300832310197
-1028.9529855771343
-1112.6900593562048
-1213.3796317939853
-1132.1713667867743
-1043.7525675858458
-1123.588556161937
-1202.2771158082303
-1229.2995514598015
-1070.8123969572148
-1059.0458212851802
-1009.1093348046232
-1077.1326836937837
-1060.7893212812842
-1174.3821627953441
-1101.0655486308071
-1156.343395064522
-1026.3219540761568
-990.6891831757075
-1113.3848891968817
-984.0784494150429
-1224.44741235189
-1087.7208575525924
-1166.246441060725
-1108.9330595835263
-1036.1277060159957
-984.2210023843074
-976.50301093431
-1114.255905986273
-1010.4095551969632
-1022.6281819914741
-970.04702437244
-931.1481190323844
-1132.2976339008521
-1061.2199372693904
-859.4251009588908
-1074.9671013828695
-1165.9289342328595
-1022.6410383084226
-935.6310932069993
-1061.3809714645813
-1242.0136470700334
-1020.2787514382178
-1336.2064281136356
-1098.4286931812235
-1024.0596303617178
-1111.9614946213007
-1100.4099550644214
-1219.6856487464077
-1044.5118165623774
-1090.9143471776144
-1169.9714231400287
-1036.0762760046944
-989.0067860637288
-1177.4370780066013
-1002.9340662186148
-1159.1103231257555
-1241.1364947830584
-1098.0518399710702
-888.8164441385807
-1104.4484594985195
-1106.7396048048874
-1024.2736380162448
-1001.2113074045897
-1017.5461718158366
-1018.5428002567202
-1195.0091421257312
-1140.9033452107212
-1136.2113429241779
-1044.4733732135894
-926.3469144706926
-1134.2263914230734
-979.5883444113684
-1265.9978859437615
-1052.9907500999548
-1274.1188237636738
-1119.8804321868324
-1069.468370726533
-1064.7038298490659
-1071.1872346513933
-1186.353280999362
-1374.6473087954842
-1138.297614659478
-1079.7491024975313
-1063.292076984795
-997.8622211807851
-1090.334692651968
-942.6338215235373
-1067.47586412947
-932.8181918840264
-1052.8106314388276
-1056.424484184223
-1017.7031138065812
-1009.302416021919
-1045.3277617793153
-928.1570969251723
-1158.2285804660673
-1151.9213805596623
-1087.8270065395955
-1326.7297285999055
-1026.9271920151991
-1186.8133772869053
-985.8898980208731
-1048.562832919976
-1143.486793093957
-1062.5902314336063
-915.403764497425
-1072.3095256819172
-1013.6823938034588
-1011.9360117014317
-1275.753183739829
-1179.5014044410434
-960.374402908719
-1033.8976959926958
-1111.7567975263512
-1024.8486867097056
-1043.5439514975874
-1149.7522862744427
-938.9136303827017
-1128.2731687634493
-997.0527925598102
-1103.3763655103228
-1207.3486627171608
-1059.00968357587
-1100.8948758131692
-1019.484861461031
-994.215028921248
-1081.0194461540286
-1132.594080566365
-1113.988521729614
-1002.8581447398979
-1059.3256299848472
-1184.2675522564018
-1036.6464490753099
-1148.385911895411
-1037.7729327051836
-1049.2567670989847
-1043.9639553602406
-1078.8262684409956
-1028.1565341756218
-1052.0136307096136
-1063.609487057989
-1015.7630188956709
-1068.3028002189833
-1059.7049383051874
-1003.7670617523358
-1036.9472686857646
-1108.227030788126
-1110.5133124655238
-1074.2184491613596
-1034.380134183184
-1195.3533012095124
-998.451385236855
-1119.3138858902141
-1106.307029835894
-972.5588667052223
-1055.7266428782327
-1192.1917413918488
-1147.5239454841494
-967.5528330293349
-1270.9629961424207
-1096.6169060053269
-936.0418060296776
-1100.2309219600704
-1114.7920897854435
-1297.951235320189
-1002.3121446071383
-971.1767740816294
-959.5781298605857
-1119.0077483384878
-990.8608348076135
-926.421797909524
-1093.3703268677184
-1120.3544432764113
-982.3466696743615
-944.8247726115069
-1096.1810746210822
-936.9570998694186
-1029.4698311343416
-1121.8073800570762
-1018.6068115980613
-942.5069180502477
-978.221044612049
-1099.947758371611
-1301.4140305706221
-1244.3107185243678
-1052.0810945171847
-1030.285335031428
-1103.194033414876
-1036.556313484143
-931.7492350319404
-1072.6952010812995
-1296.4429764118076
-1125.5124170901397
-1103.4093308267165
-1105.2570563451343
-1217.7438062638173
-1249.1781642500835
-1011.5027124075605
-1089.0881493497575
-986.2632151775604
-977.4668759548741
-1112.241671072935
-1157.4162678328664
-1085.5520479569282
-1172.8947517062722
-995.4155169826515
-1114.8188719465097
-999.0948601443962
-1086.0320060098977
-1037.4477086991535
-1205.523030073659
-948.4285271639858
-1130.504632934272
-1099.2919002558094
-1082.9837507140703
-1095.4584985870206
-1091.9548370489642
-1035.9693854241254
-1107.2539018535956
-1014.7312069930452
-1033.0681964132716
-1309.3721778765032
-1045.9579391458567
-1030.3915240594097
-971.169749477504
-1014.239255390557
-942.2443549807188
-1113.3185128196735
-1052.4297753537692
-1066.504119028411
-1100.762460417725
-1051.8944595588089
-1048.5925310630357
-919.1731170677758
-1003.3273727570515
-1004.502675494377
-1006.0635587558586
-950.3942568582322
-1034.4576471268551
-928.209138530023
-1000.8677668019889
-971.0697440477156
-959.5005639059743
-996.6861470411552
-887.5472389991004
-1030.5094835900723
-1136.0266141411485
-1008.1100203282898
-964.099392654545
-987.3827987980071
-1101.8887151398126
-1053.590216345893
-1048.63677505802
-979.4337221713706
-1096.375679596354
-1097.7011996377753
-1022.730129768001
-982.8870152983488
-981.1513076126084
-906.3034687843272
-1000.8446044421039
-1125.3263782974427
-1075.4088438480728
-1068.326562023121
-1075.3247068267415
-1002.6590114293037
-1070.1576609699687
-967.7369513699749
-969.675939083746
-1155.1145419154739
-1103.1674023561018
-1159.0544347931009
-1016.0952310093244
-1044.78757836831
-1009.0333093869114
-1020.179443907239
-1107.1443037011027
-958.475369842497
-1086.5491869731482
-980.7182712602264
-1185.5618037680138
-1021.5249384240169
-986.9186202646831
-917.5175061804126
-1037.1111540853462
-1057.8673656101325
-1120.7536986687849
-1047.1317774001623
-1004.6641714337735
-1007.4660191572092
-1035.3628896048585
-966.5711282921337
-1138.6407913973562
-1005.0627711939446
-1058.3000114766742
-990.6155713612975
-1040.9380080957312
-1010.7230983960251
-1058.2353754984642
-923.4557472133408
-1025.2619690348636
-1025.8488752991987
-896.5398375174435
-1154.1991224710034
-918.3533180853808
-1120.2824108792522
-1002.4046065464167
-933.7631798659467
-996.5364053523153
-1018.2081133814622
-988.5640440635016
-966.9654135244472
-1099.575349769558
-1073.9424417659075
-1042.065441779763
-1165.6819679291414
-1070.197455866968
-992.2972518403473
-1027.2933852760991
-1272.8822330747669
-1132.5495157186772
-1062.7861281581224
-964.5521947564786
-1011.6995503537198
-956.2363019282639
-1032.718516983818
-986.966515644085
-1000.1693145823339
-952.6679381810322
-1095.7006560992409
-1061.7983052453158
-1009.50759477824
-995.072319706369
-1075.4617223382772
-914.2608297455711
-991.7248993384085
-1174.1893664577308
-1036.5687094079062
-1074.8216547313173
-935.1190294263447
-947.1995028927909
-952.4336764049447
-1136.735923082117
-941.8676211353817
-1104.7515083583778
-1083.6134543970445
-1014.3791360904731
-1056.5935288561427
-986.1936026876258
-1114.772581041669
-1073.0399199470191
-1003.6420189766442
-996.9171048864154
-1065.632329284993
-1042.5692084733455
-943.6794149051631
-948.3129137817505
-988.6329693022328
-1052.780896677087
-1012.1672541529061
-1057.1147211095117
-994.8126594098671
-970.0306821710825
-923.3353921932139
-989.3096813703378
-960.8336543526941
-974.1611455616502
-904.5854559442097
-1075.5801446119378
-1083.2055146412486
-1126.6862148370026
-818.8642790642564
-981.74870996359
-1015.9735244074571
-1175.2458037939396
-1034.2569678332782
-1032.2830785222204
-1089.6965190076091
-936.2358195624638
-977.4039726029686
-1057.2950253505671
-1004.7257978068895
-1008.0665732337375
-1027.9676838714977
-1106.4049099227968
-970.037794439018
-1051.6148972987744
-942.3413228835657
-1002.2994587036428
-1028.5725219210808
-1051.9762160808405
-984.3496461510467
-1004.0757416640554
-1020.9728098832276
-1129.075172508454
-945.3089424661456
-1093.7442684263603
-1010.8374654494567
-995.4104674409784
-962.3113705565252
-1122.738844089925
-1015.3710189268702
-1093.4698433236017
-1005.0503874067888
-988.9077585690482
-1051.7013094475624
-913.4864098182594
-919.8522279847698
-1026.7458123745403
-1025.6484558054938
-1083.961363175378
-1098.316680015275
-857.2320251200028
-965.3927272479747
-1026.2502231888714
-1007.5652676652645
-1125.7990042671456
-1047.6829667094719
-904.6148104866448
-1104.519027972825
-893.4460084341546
-1024.6476107493008
-1040.3322478485877
-1105.7046223445511
-971.3567831052603
-1084.6849210723328
-935.1890398375126
-962.1418738525593
-917.4143965364805
-930.3775129444325
-944.7610649938902
-1023.0719401577085
-1070.0684091951055
-872.3333838519019
-1115.3588275921193
-925.3051585777683
-929.7340753123343
-1117.4413200968606
-1040.002041151514
-982.5458945751357
-1012.6175436894289
-939.5388446632883
-1080.1944080470466
-1143.685185298194
-1098.7391051841194
-1139.4308401002913
-1028.3888598874494
-1020.868328368664
-982.2591763481064
-1003.5149802586835
-1055.018888913121
-914.0336020417013
-960.9729887078138
-1064.8802445233664
-1005.0414517871756
-1042.1448201485
-941.6809754842186
-998.5400351578402
-948.7621924974866
-928.3921959791501
-941.9178443318579
-985.2107729496394
-989.2370487735657
-1030.0690263274557
-1096.2775937494532
-1094.7346434199562
-959.1769329334587
-992.2692701938903
-970.8346614170541
-918.6441678062607
-1000.477441902442
-1010.4023617684254
-1003.0814695903521
-1009.482984399742
-1006.9732975783118
-992.9892473740564
-982.4240613554657
-963.071934188824
-966.5045148284128
-1086.5707368214723
-1047.0881707085755
-961.5665178805722
-1018.7244162754131
-1092.4426748890012
-1018.0129365045468
-974.5671091205024
-1038.8857519570654
-1009.9769190552995
-990.3938601886823
-1087.3389715682288
-1117.7149896422636
-1111.5144328508075
-1048.7555029312184
-963.069488327929
-1044.8735903667532
-961.5707036314408
-1015.772724527222
-926.5712505473073
-1224.498700083525
-1003.2018463748717
-1034.8554640225084
-1057.7349683971706
-1017.9320403258986
-1084.1348363171983
-1031.7947386565731
-953.1562782195382
-1034.2658383287196
-968.8505954097768
-929.9354722776064
-985.2884885045227
-929.7048698915119
-957.3462407686724
-1087.5283098603104
-940.86633745886
-992.2941204448222
-902.3225269471393
-1051.2513751755428
-947.3246841483087
-1148.833660417773
-1014.0747141520119
-1042.7670108265463
-845.883611355549
-989.1050945955799
-1133.4272811994115
-1089.9596481375906
-1077.5900673343767
-1029.9716957279684
-1051.8049032954993
-1014.6077784386929
-1078.7178469163575
-1042.0768158182082
-922.0906157260104
-1056.1863618306731
-907.6183789314388
-999.4964149259508
-1020.3774995786907
-1024.0990439363047
-893.4116766284005
-894.2695826307568
-906.0859091227418
-832.8225566934683
-943.9779681861003
-878.4501058731893
-1048.631544657688
-899.2098604535983
-1084.2161709063193
-1012.3632420078015
-1057.8477591868511
-1003.9087340300282
-979.9755156029701
-1029.3833147823555
-811.751306002997
-1025.6303792730619
-997.3839425023125
-1051.2473990906433
-1025.2293831784352
-979.7416448837087
-1094.7375274729889
-984.6433763845772
-962.8714709483917
-1104.5588544057468
-993.0373939933027
-1036.982382629615
-892.9313758221155
-945.3754421584771
-1012.2270074582091
-1009.4776589152538
-1043.8059587263074
-962.2096971419277
-949.2878698009791
-1079.0872927317828
-1092.1236643462535
-1102.7483575035053
-966.7744740020947
-941.2627784806383
-1001.3577749831084
-1053.7667957067129
-918.9473969554791
-885.0565345241027
-1072.6883529996708
-1001.9040836904292
-953.8197823967205
-938.9211858619652
-1074.656634345835
-978.6708906189074
-1046.3640727222576
-1108.622111118171
-1147.453201916384
-935.6534782947949
-1081.0779053630972
-1014.1871533152517
-998.076180719553
-1043.4460937977929
-1016.8129774399516
-914.353076659583
-1024.731926422862
-983.2568975463349
-861.5824625565167
-1047.7270422714807
-957.9116317380026
-875.0279960289834
-1017.5274861174923
-952.1103999250022
-1009.5071063905843
-1024.8300511236384
-1187.1128147684901
-995.9511690533226
-1008.2562795851975
-1171.1668772635219
-1050.1039043197172
-967.6114392550382
-990.8470283599676
-890.3203515429987
-930.1653074710334
-993.1981956685424
-947.3457408761565
-945.2223220417776
-808.7853238328598
-1011.9904781951298
-921.2893837093385
-1038.1205692021397
-1018.00580041526
-862.2811537316082
-928.9549443853051
-1050.9713558388885
-963.4806799226226
-1017.2872183480408
-877.1366832239889
-1041.8136738969915
-971.4871670287466
-1060.8973870765312
-944.5127215727177
-947.9709369108109
-1023.3515603705141
-981.51631772217
-1076.2528623628941
-1086.619563397646
-1186.5261934709952
-1041.2502890491626
-945.4339918637997
-950.9198940908245
-1059.3518252902952
-981.1467831247741
-880.8164938955455
-998.5708336875853
-938.7098915213678
-943.8729823404567
-969.2529129863053
-1011.4706018938283
-1068.2762664822797
-943.815526287739
-1018.596063696113
-1040.3529777911247
-970.4690275787227
-954.8455602540621
-975.0960355148467
-1044.187018699732
-923.9200940595158
-1078.9189251520893
-1173.8386804972008
-1040.9542419722131
-885.6510068461942
-975.6550144807238
-1015.3421079938378
-1033.6558795463438
-991.2993337372773
-997.7157701281742
-1029.9661396198162
-942.8317511667226
-969.1705553219404
-1018.1141669303993
-1011.2798012203509
-968.4640632253996
-1008.3534568765417
-1022.7729842376796
-975.4944445198398
-926.4910473543479
-994.3492109414077
-910.6091086027476
-1052.1033540796577
-1017.4820209211294
-1075.8006406621814
-1024.7314264846107
-1043.3534032925165
-939.3313644328282
-972.3259563988847
-981.415450963072
-975.79065595723
-979.8152595566523
-994.5345917829768
-846.1797773301049
-955.4419751191592
-812.6523865857619
-1007.9466876770638
-933.4446867000952
-1000.8935888774131
-962.6763153412562
-1058.0879187331018
-1007.952163977808
-1109.7738449638744
-941.2120919710336
-980.7850389599043
-982.9397169460599
-1048.8835284104744
-921.5626673399428
-886.099273452871
-950.4105010827798
-927.3033761620859
-993.766438163656
-957.2269758123131
-981.7761243834227
-924.3502162089242
-935.8803750925715
-825.8897579075344
-970.2619394441781
-894.6508360726597
-1125.3899717940756
-945.3199392748912
-953.8400361440533
-1005.344537540194
-970.6737294275163
-911.8927636422551
-1039.8030649398809
-900.8377541134631
-950.4515635403661
-977.4933682950998
-1119.4989390496678
-1134.3819244140911
-1032.4402259506742
-993.4468549425852
-1023.2741936345006
-1024.5476711635474
-980.2972167495295
-1051.7389185447405
-1012.0956371006794
-986.680146148632
-941.1637174993944
-944.7840458234857
-1009.1459804351703
-930.4229446434545
-974.1126616019677
-971.511651547864
-959.3842486669043
-1065.3271903501216
-1094.0795044835597
-1009.8132638440419
-928.849075560207
-1000.7643657253604
-981.6956798430854
-1062.6374137223677
-873.2968012439871
-1094.5618607464348
-926.7035642873786
-1018.2046269456689
-961.7394846128732
-1022.0999818939295
-1042.0114265821928
-1057.4133993265589
-1040.0672278996424
-1003.7470512008073
-949.3708494814408
-1109.2706566131712
-1111.696082884144
-943.31115581979
-1020.625441796531
-933.1669943099168
-896.7353975137397
-1002.2872812607794
-1011.6486054429786
-909.3707406262695
-954.994423377054
-1006.1648265874602
-1038.2084078772943
-994.6274154021401
-1012.0547966003254
-1085.1327042205562
-1029.732022653359
-1127.036456290584
-1000.7497467080877
-1034.131734872241
-936.6767655036125
-1054.5707193578978
-1045.3910349859432
-1051.856705007856
-960.3722235743434
-972.1148392858254
-1016.7754477069146
-1018.4839605529904
-1093.434462735906
-895.2154177934964
-1004.6481124002945
-971.0254065797112
-976.3518217035556
-929.0350424823166
-963.5943365635263
-1107.2027579158705
-1070.7002345704143
-997.9899381209303
-937.3246985223252
-928.3916290800469
-953.1520792307091
-945.17329891281
-938.960711163025
-998.6832967806486
-1123.5115174663988
-1014.3518590161957
-1004.0494321320052
-967.953514092093
-1011.298043400689
-1028.0949549805316
-995.118624439863
-924.7006869048494
-962.3366478858245
-1111.6914156097023
-1095.8133600511217
-917.6748914320561
-1003.7997807135481
-929.6283679747453
-949.077668260097
-1079.8125577397707
-929.8298371777585
-1077.3578091905786
-975.3784827170368
-1060.5606708975986
-1057.6695682585312
-903.6391059911319
-1008.3049871895003
-902.4599332903638
-1056.0716347607636
-1032.3080839757954
-967.9304461227439
-938.8744629621092
-934.505943490065
-1126.426572547964
-977.249229265683
-1068.6674557152492
-1018.5318881323727
-1087.2691594510645
-1006.8014738331881
-935.1202181118732
-1175.345756483799
-951.9511161034114
-1069.9183433264816
-937.4825460078189
-963.083132878673
-914.7595674632023
-1047.9045635527295
-1035.5499469864849
-931.1660289868666
-1013.4498999657487
-930.9973960958798
-1069.7841757831598
-878.1104752123266
-998.3229674558313
-926.1385247273731
-1010.6287927572307
-960.0580262289556
-1100.7721718570442
-966.6176068188113
-1017.0434371153524
-1014.4032000005435
-893.3229532425502
-992.2503531517327
-958.7898894703109
-967.3020616875
-1008.4863636704141
-900.4337965291804
-1142.8099521989961
-936.3474523439548
-897.0469479849106
-950.2185933918031
-903.8662272244494
-916.2349732635664
-925.6923201471648
-1021.4797743055841
-935.8519123467988
-1036.6618894193539
-966.8382640916768
-1008.3364880347295
-975.1907447764905
-1041.7924354004535
-1095.264807510102
-1080.2430075983739
-875.0595111774121
-993.241256238934
-1010.5346355624678
-977.094324632193
-861.3109209255846
-972.052563327193
-1014.3469005772856
-1004.8567522496498
-930.2710655271214
-859.1743456973882
-971.1561947335709
-982.4934088399372
-950.16262267334
-887.5629170864901
-962.9772747003408
-1009.2513589566566
-995.9063787738526
-1040.3634086588838
-890.7562848965321
-963.6016428251874
-873.2416853646871
-961.1432192436555
-1135.8071717511834
-922.4442224809986
-1159.4163504901296
-1045.870167354318
-965.7928477820806
-1051.710546017251
-996.5748525461291
-1055.8191961725213
-1027.760484774955
-985.2728681974315
-1058.7438124758728
-873.3183544411083
-995.9770802889861
-1044.0433886135856
-1041.6507086630465
-917.4417574270886
-971.4748903009536
-1070.1427062156877
-1059.9636195347098
-986.1244069242189
-1089.8273282604302
-890.1143709093474
-944.3748068488687
-955.806106162675
-960.6758014396391
-947.5296794733229
-1029.6671525051731
-933.4351558232815
-943.8559141003157
-1001.5993696397016
-938.4738422619375
-949.8638730405635
-951.8674219948145
-892.4812116492659
-970.1875232428537
-936.5898149153003
-1009.3069850850461
-1101.1514620224616
-967.7841696419841
-946.2926176627258
-965.2040178669115
-911.4655146691629
-883.9319574972477
-1074.8487107830842
-881.9145325544501
-1071.9076077982934
-899.688873947164
-978.5933472123011
-909.2969510743454
-941.1566436661319
-927.9556660137468
-1020.4325519774361
-849.1040010326013
-902.904860250377
-953.3486293358312
-860.5692894058942
-1088.7480678455963
-1015.3585208114882
-997.7907411616293
-970.1000245128613
-921.4114469043445
-969.6402942286652
-993.8387445509147
-1025.1813962947122
-1120.2671644503264
-882.166424874603
-1070.553315210304
-935.2761517538295
-943.8665929076385
-903.0425263220008
-947.407458925185
-926.254212222643
-1093.7118020169355
-981.1804250265432
-1111.9363202725879
-987.9838746746644
-948.8858167505025
-908.2389437291641
-937.1547457334359
-1039.7988295951568
-818.2017961437766
-1029.7375180268637
-965.0919147642256
-1020.4202682975788
-1021.4217137702742
-972.1419811928514
-1119.582235452956
-1044.1529041327142
-900.2121051802204
-1071.9846162795916
-1052.8507341613526
-990.3140273243109
-1113.0349404982842
-1095.5281039866231
-1044.3152116348576
-929.4772704734353
-924.7321418340363
-878.3562478109005
-1063.153464398365
-1018.5391058252517
-991.4134259109208
-1005.1812309766822
-922.8129110251243
-900.9482995165774
-991.9768973407527
-856.4749162627829
-1014.678318029408
-1053.7141044025748
-1115.1707472728035
-1029.444912239968
-960.490235512853
-995.0570976006015
-1029.7076154478577
-974.7581454326166
-955.3800510086415
-1109.4573114428213
-968.236207189628
-1052.7891472209947
-967.3968298277742
-1019.6252897529454
-968.772675322998
-953.2552047777341
-945.6341275827725
-911.405475376818
-872.4382625539282
-915.1054438335487
-1048.5958892231304
-1014.3308142113717
-1005.5900912278689
-1039.4287480085284
-928.8935474389633
-930.2471298951054
-1001.0211644587827
-985.9980332458346
-921.6101445224429
-949.8112577025004
-1018.269929375014
-988.7098641543253
-979.0806794759146
-1009.5305197944991
-944.7447210086086
-929.6356034935076
-976.1429172018093
-1072.0333224774297
-902.3801360213846
-1205.2456307320642
-995.9443998084
-1010.7868219621154
-923.9254354387288
-1100.7843902359168
-988.1266526872228
-936.3344518084066
-1093.7633782078526
-823.5770825369224
-891.7598024800794
-1065.1270948884874
-898.3014239637687
-998.4483321901345
-1009.6172630542612
-972.3763747205826
-945.9160260549759
-985.9817071907399
-1115.5727512776896
-1007.3765062375406
-942.6195813260366
-884.8868384831899
-1105.037547084141
-911.7830691583814
-963.6989341266304
-966.8762728806722
-905.507442145159
-994.5359643321336
-976.5089662430065
-1010.1281607236834
-1098.3812269514867
-1033.767970749991
-1053.4586885186563
-1000.4255835662798
-1014.358673167727
-1054.7358125798044
-921.8841445907779
-1017.1046215831407
-967.0501794652143
-1048.2414449232772
-1055.744928860161
-926.6579521281932
-993.8604983755148
-971.0517055045049
-1029.5456828324943
-932.2683385117962
-937.6778573504231
-937.6046962266169
-1158.2212703060152
-1045.4916302067365
-1049.8516153555327
-954.9504607018133
-966.4183351460922
-974.9987924449147
-982.1176381731259
-1035.1849520683
-965.6095082342542
-927.9757555679688
-964.2504660507212
-1088.2838890238606
-934.384205164618
-998.5532055485595
-964.9839566148981
-1062.441888767307
-1041.296135466996
-929.1349914285639
-983.1355218796805
-884.7409196837633
-1010.4191506363106
-998.0543620428762
-888.0017661435064
-901.0060420489535
-1066.7390970737722
-843.334441501966
-951.734413806039
-983.3281231667564
-1024.1356849406375
-985.1580588741615
-952.649575253427
-982.3633783119208
-994.6176554956758
-958.5938286124201
-928.9619937639395
-1045.904648738096
-862.399081845827
-988.4094563849128
-884.2405030652143
-963.0660779030479
-1023.6534505956024
-966.6188546207894
-960.729015613743
-1074.36319988441
-992.2173770967087
-892.7172453838273
-1015.5793221136008
-929.2942167647916
-987.627022038993
-939.6293573282874
-974.4670997425221
-893.7140020971539
-1083.326379309188
-832.8744351759756
-1064.312032776545
-908.2424103919487
-864.4466009472445
-959.8996023058112
-900.7061342320158
-891.8715324264583
-1038.9875391959067
-980.6564371810668
-961.516504290485
-987.0761123627153
-906.4027236837103
-986.785304624806
-1042.2747082335916
-959.5190017797329
-970.8284751592334
-1030.8753673773103
-910.5484234303173
-926.8155546670395
-876.5478619979654
-1056.446917695685
-1019.9232896621428
-1001.3511249971991
-1042.5972701606154
-981.3185203841273
-960.4870413859938
-996.7579738265339
-925.0287629650002
-1069.5236084548872
-1027.1780563011255
-873.4485949137588
-1067.631620829403
-866.2433564129067
-959.332945039381
-937.8144857920943
-977.9613478374404
-1146.2212353423622
-965.3970925738616
-1057.2513571975408
-928.0785308805662
-1029.9884030519165
-974.2378116170958
-1098.2586412316577
-1119.4641149462077
-1079.4842102494117
-1041.9413501365357
-894.1000238354615
-928.5781802568717
-1104.9657464114728
-1022.6196431492974
-902.315470326248
-911.4709060630563
-928.9247280179891
-924.8747560254167
-910.7135758845858
-1023.0366132785834
-947.5581233040157
-920.1757565325889
-1065.5183815469884
-1009.0442048954009
-988.8200892396148
-1036.050156413121
-997.4654751257253
-885.8557452610876
-1028.6675915412784
-999.135732850536
-1007.7845835206447
-1006.4099261652524
-983.5095992801615
-1040.1098155396328
-993.0851523896622
-984.9462399295273
-984.2541495131422
-944.6589151550525
-970.0110474877449
-982.3837460296381
-896.8199495453765
-1049.0180973506099
-903.6619057879733
-967.2674454843818
-995.2753092313836
-1014.67574365002
-967.6351038741235
-974.7807469739967
-1001.6020665929602
-923.6777405972425
-988.7192961341435
-964.5877695787871
-989.6261079485923
-970.2136127053651
-959.8784591211344
-1008.5942547880609
-1031.1342277909614
-1022.8585723702101
-950.4956796102229
-872.8828687589698
-1067.483650475251
-1129.0064654711402
-1012.7846224170864
-950.4572445868822
-997.0582160139897
-902.711271578222
-1090.2989544552838
-958.096098860137
-916.924071156632
-998.6161634871755
-1044.0046102482518
-995.8243326070063
-984.5761755421628
-974.3293031046989
-986.9570805630422
-1001.4246467752843
-926.9116121341847
-1041.2826004379722
-983.0582486336843
-997.1612716381907
-989.8752215841705
-1029.4171481069245
-995.1444631896503
-992.9559575295623
-939.944401713133
-892.106947636604
-955.885573039824
-1074.4722249071806
-970.2701638824506
-969.079287279837
-895.5604116867122
-1000.9134287846748
-913.2911155986162
-991.5582646296555
-1009.7760482295171
-990.3507590770253
-958.4561563841899
-1035.6420727693476
-901.6101562088257
-965.8665850221051
-908.5433358601244
-901.8693334607478
-961.0700982804884
-950.2853108229255
-1059.5072352786694
-851.0090006921013
-916.734056145776
-854.7041392714412
-946.2965428527376
-906.9190013587644
-1021.4820725126907
-950.1325765494257
-929.3821321986312
-1020.0634254400111
-997.1331471224772
-957.3611382410867
-1012.593333571228
-960.7907077411389
-1009.2741811696183
-878.062522969779
-1016.4486466921251
-985.847667525941
-981.5495798101912
-1092.1991678880622
-1057.8779401006764
-901.6971596227091
-1015.0976393545583
-943.6405143506356
-1043.458952547804
-1050.7299892471183
-1009.8288073739354
-884.6832452917931
-943.0873415751986
-1128.2841382759877
-1024.0292487110357
-1007.1603676851602
-990.0391204168402
-902.5219509793859
-960.9564627268737
-967.4102160807702
-869.5671084410859
-1044.961938133419
-951.3931281732298
-951.0771234429656
-907.7033478236184
-1026.4379858862785
-870.877963817151
-1155.3646420870693
-1039.8856486933025
-944.8812006025743
-962.5340072414386
-1010.5523638536476
-1066.375563078642
-1018.5960774751376
-1017.3806047805487
-1012.2839577957754
-907.9341792186555
-1008.3047137258076
-1117.9260358789454
-933.002431334594
-945.2251355531342
-984.4952915502156
-1014.3844701283958
-1060.093186483026
-946.9574737985474
-913.9829548789367
-1075.297886566222
-1024.6260592752817
-1029.4521890086792
-880.6734334680023
-1039.4581921984238
-920.6185650742334
-871.6399994381088
-977.675149671982
-899.0861013895036
-851.8839591144614
-1015.1215799002082
-799.9829220592088
-1078.868993740696
-966.1658941373669
-837.2938534567555
-881.2454102923608
-1043.8318851596318
-887.7511843218314
-948.1496051764683
-1065.119928685219
-922.571996387979
-943.3912648939922
-991.7528486677179
-1042.4500517354372
-897.8410521626594
-953.6129188131287
-946.8843072508768
-881.6263811616874
-1059.847327506016
-1034.675148899351
-927.1791815319598
-1000.2248930299479
-955.8173256551377
-925.6822136207734
-1046.4956848968723
-1067.9672082040129
-987.7359984892055
-986.2468430185734
-985.8484909564671
-955.7236929187308
-912.226596650173
-974.464200522971
-1017.7690033101193
-1036.3744354135376
-1020.0954318737613
-962.4062307974042
-919.4775806058797
-954.7478537848167
-1020.4666639802745
-957.1944393231338
-857.710884825669
-999.8288214314296
-972.8887336173914
-856.0390525765308
-953.4380187232205
-1066.6104046226988
-968.7040458539657
-986.5942428217936
-916.7420854842007
-1070.1487970452388
-916.9938040501171
-978.6520035294258
-925.2085558843473
-1058.674831907765
-1060.2182050976578
-896.6410585999519
-945.1678904224327
-966.336066677545
-1052.8218837971174
-1003.0356770389221
-963.3345799299535
-911.7426043517756
-947.8992681324803
-952.4372852449804
-1028.4511152370103
-1095.4913263894366
-931.9844891009808
-990.6335554813104
-1075.4984720828254
-1177.3150579092
-902.919644425537
-1033.6837798260049
-907.8945595316503
-986.6906340115335
-898.575291729548
-1009.035845000029
-972.8790498689725
-1070.7382254240697
-899.4117309259419
-908.6150861670942
-945.1296986209748
-970.8999147336446
-980.0154143724536
-969.8194020568748
-927.4844865143822
-979.4187492982734
-973.2385049478577
-976.8388680486162
-889.7007027960353
-978.4157212060878
-1015.8099684077049
-942.709015471237
-1029.1395784122842
-999.7390803033552
-971.9458277396355
-941.4219704563291
-996.0007924681631
-930.5532097413493
-909.8264915304915
-964.4312688690316
-1018.7421696730436
-1050.5322381900833
-901.6738445103867
-1037.0112724588957
-1024.1176833883408
-990.0516476589701
-1037.3014814653409
-976.2472538473652
-990.6425510744612
-923.3173300380264
-1111.8702427910225
-974.3056004591496
-1041.4700041492906
-1169.379159433496
-934.1962339936372
-958.7789112502041
-1087.1401912439233
-1007.0622306644951
-1012.4718433645671
-926.6288961726433
-895.9136555836421
-906.8065337500087
-1051.9768134301983
-1037.0290393161745
-902.3340281081961
-1009.196839234852
-896.4255587313252
-969.0025350982442
-912.6620019911144
-956.5911916927491
-1086.9264936008617
-975.7150136628163
-908.475573011531
-947.9763066796784
-930.80691439502
-982.5757496259653
-1027.5414199686911
-939.445245995012
-997.3441675164321
-1117.745295420106
-947.6333325473546
-940.7012102715042
-1050.3149254461134
-979.8698993775802
-935.7688424135081
-952.7336736520658
-915.7210188300176
-996.6081305606679
-1039.3818564476087
-924.5443544928272
-980.8098073060844
-986.528454331683
-952.8130993298736
-875.9833425148769
-962.4174692176219
-940.3138660092035
-993.2643804351073
-951.3129478270214
-1060.5566136494479
-919.9586221995611
-1130.2700941882001
-1042.8822833361507
-1041.495401786924
-974.6264345508299
-1055.226057938725
-991.3668300977195
-975.624253084271
-1032.1066712414483
-1060.1647704396507
-996.9068045901734
-827.4861408881585
-846.1723059690215
-993.2305061495372
-914.4351975990032
-834.6809788571409
-985.3751756856288
-946.9095138158406
-1023.8774625947887
-800.7439098428114
-1101.4640221431669
-1009.0262173051624
-924.8767528017595
-1007.6347955961243
-996.8153986891315
-990.6718050672035
-928.1750366787911
-992.4033278335748
-875.5423901941228
-1034.1088650104662
-897.9003240838591
-995.7458213992104
-972.0338445330395
-933.0425625957427
-967.4071726938339
-991.7219177752239
-944.7011845321401
-986.1658056761933
-952.7244782633858
-1058.9177612336207
-873.0750786303621
-1001.7232046359188
-964.451430733322
-999.6690181857127
-954.6231497470286
-1023.9081253320875
-1045.8448586682148
-1125.1480469197202
-988.3851896222708
-983.1439299881083
-995.7051538321336
-987.009633626462
-918.1619327536545
-946.9125354246495
-897.7094569314788
-905.8289870179834
-930.6322680406769
-1025.3075409086603
-916.249697789537
-940.6533966177831
-1028.7825579455327
-970.5489859266736
-861.5095259279179
-999.073293714026
-960.6826410776528
-1011.8800559946301
-1053.5339747664668
-915.6885422286161
-984.5047561457304
-1036.461853947616
-951.7647706086566
-980.5830239853268
-956.1328451340262
-926.4055997104807
-994.1825707715218
-963.5204082352955
-1049.8520754072124
-1008.5733009563667
-1082.9095086307498
-924.5242625653557
-895.1455782528573
-899.3636559813309
-944.3328186901912
-879.557965762724
-903.0967985294214
-946.4941683280044
-1036.415451942983
-910.4278199153647
-1018.0231319862276
-881.1977961335493
-907.759663446372
-925.2460892660841
-927.6093824346171
-1037.2155572202864
-942.3802376959321
-889.3688285268018
-1011.1253900582943
-937.1024732318283
-1016.8125355072225
-879.3030697623508
-941.9390484838707
-1025.3735966354666
-981.15869399039
-1010.77319359177
-944.9824785592982
-1052.0924595074985
-1009.3405415493507
-959.5878558220227
-958.2583972144921
-999.7826859921498
-964.0320573761874
-1019.3656203290001
-1017.0699420650833
-1048.6818188533146
-1002.7235909770496
-939.6466588271611
-1004.8916384091021
-952.2844166908205
-957.6739170350122
-1039.1801864917024
-1077.12091987054
-1102.717532070361
-1117.028907317839
-996.5354877882058
-993.7353358711599
-990.626744730115
-1006.0647039314827
-922.1630683867552
-1055.5243141348135
-1060.8306887518818
-962.409811348608
-1092.403859958919
-1045.8693382046158
-949.2124626404614
-1026.8400516131373
-899.3839044310912
-915.5359918620254
-924.9087079647617
-982.5101442436195
-964.1931183339912
-1024.5427200315435
-1039.7130439006237
-1024.530785143811
-988.3318564047272
-872.158451930964
-1092.7220248150024
-903.6767632039007
-890.2237862974179
-842.3476502912354
-971.10877759913
-987.1446002678899
-994.5065152337913
-931.7517657942744
-1131.8695105753757
-1017.2893249095542
-956.7175045812099
-1009.0057361334894
-1027.475539885611
-961.2854873152758
-1016.1420128047097
-997.3022335370052
-1048.075657659345
-975.9708464182056
-1052.8836830045718
-979.2686230957249
-901.0707820793696
-1021.3327952038369
-963.889223284647
-870.6612212631804
-1032.6778495026783
-937.2225568454447
-929.8219502185253
-962.3911536123842
-1004.0466199781611
-1053.2540511297918
-921.8742112817272
-1024.49752998595
-932.7880166072769
-979.8498359363603
-876.8349206888022
-927.849826391278
-1011.7358390435656
-992.0864919721943
-926.8896332524104
-1022.1800312115026
-960.6865074381315
-963.300692858047
-823.411177376359
-1009.6263532523882
-939.5686692117708
-878.6762795995497
-1042.279590228539
-992.7527120574983
-1107.8415978136566
-1066.8612948292714
-921.6011981405293
-961.6242679926175
-1004.3340334854352
-955.6844299437686
-1010.4112806600649
-1028.4061190687705
-958.0210299655694
-993.2735655216842
-947.8835426811968
-967.774812864302
-1001.5860895343026
-971.7747330636755
-995.4636601283541
-1079.8763805658211
-1022.174744201981
-1061.777160266125
-899.6686378734737
-952.2925383369395
-842.5545463517028
-907.8579096287925
-966.3158552661741
-978.9755781865487
-979.2786799190511
-960.6189401226411
-948.4653653722643
-965.0755463394594
-1048.592095048802
-983.0440739668219
-1004.1063604966173
-859.1743092387181
-995.5552788804254
-1039.8845194775242
-1079.803358206793
-1051.4485912662603
-1018.0552517707854
-1022.4786093464111
-1001.5314403339823
-992.9598150499589
-1065.3327773294736
-876.7858560625394
-1000.4146162023554
-982.9509325912011
-969.601148389651
-965.325724595373
-1026.2511927009107
-961.6277875789447
-964.7581547326449
-1076.174023749301
-927.9451035833634
-955.055614350617
-913.9576246412095
-999.0607317175004
-992.840680125665
-1006.1116819096792
-826.1349865780609
-1045.3744222585467
-984.1178503671208
-1008.2220354100621

