-4703.252976000156
-2578.1247057031737
-4015.146236044134
-3480.363695122908
-3381.118692246478
-5506.642169790542
-6107.3208179857265
-3963.8915404123272
-4617.829032414896
-6094.893863314529
-5010.700167159869
-2729.311800327993
-2594.207335599217
-2185.317076387095
-2474.3981974903045
-1809.332319294196
-2300.686152745014
-1986.0454255650607
-2283.7278358679614
-2286.770146112328
-2606.3296957963694
-2070.6715253574994
-2047.6964917301761
-2111.9583740394064
-2118.0669106964738
-2124.7357566162323
-1921.1472281854153
-1760.5608752362625
-1856.1972667739838
-1756.2078669273421
-2010.5397796250852
-1961.5056243510658
-1890.6622448594146
-1845.646285622523
-1871.013069900448
-1828.0104966365252
-2019.5208271450447
-2041.772724290453
-1736.7401331063074
-2055.0103502563884
-1680.591323275806
-1978.222328613092
-2018.520602352148
-2270.395363669327
-1789.8366587658384
-2282.5757723278416
-2313.462831441162
-2816.52533236387
-2035.4621752360422
-1729.032906695773
-2263.242199470572
-1924.6324774934387
-1744.982417015556
-2085.250322009952
-1763.623909908417
-2041.8231807839254
-1972.0410711968373
-2083.3692476780175
-1852.5650258077692
-1892.750709405032
-2007.9022434009773
-1859.0583637814148
-1862.4344846051818
-2031.1240471109713
-1966.9514062083836
-1908.4090777565266
-1904.4545810661593
-1959.3194910627699
-1701.736610366676
-1719.7183171200156
-1829.5702829138836
-1815.934710405926
-1839.93280049615
-1707.4838697981675
-2058.3982431384566
-1928.2287336436189
-2185.180815187644
-1727.519417184756
-2146.137833098151
-1720.648393695879
-1552.2448492290835
-2016.1298991595916
-2055.1231201296064
-1827.9466462977446
-1730.5850969755359
-1890.600632639586
-1537.344943589076
-1859.2477186698288
-1883.7621645580643
-1747.1084650711014
-1740.2451949909394
-2140.2971349492996
-1658.1600705902063
-1800.2618471475953
-2071.5785665624476
-1881.9865303967836
-1561.8306974109885
-1787.70909506112
-1896.7873660408864
-1800.2949049527406
-1767.3719624331734
-1716.2219106936525
-1643.9428861713197
-1716.0692009881789
-1918.805055175068
-1988.9815554027434
-1652.9266311627757
-1708.9305651913096
-1842.80262369724
-1932.4039619519133
-1698.0520554566172
-1864.586116953568
-1997.1823149243844
-2037.7882999752453
-1615.02418580172
-1736.795132448884
-1804.3601343300297
-1821.2629688627553
-1867.3435975567747
-1666.8237847955713
-2171.441839373758
-1604.5910631503025
-1919.7658838657735
-2205.255270257993
-1982.7948552374962
-1766.746903083665
-1825.38499962412
-2254.164582117104
-1997.804854514662
-1795.5924374703561
-1803.5150675100015
-1567.6252486405667
-1557.6801627298526
-1722.0539782725668
-1922.6111017594749
-1736.3848113971876
-1826.0505082136337
-1784.8309300149579
-1918.8593407683693
-1911.2552516020278
-1745.7205566193873
-1950.589791487236
-1973.9279725235233
-1947.636231936512
-1993.3230603326192
-1515.858783542133
-1818.93877672776
-1939.0905381158336
-1796.2330820930986
-1739.089966217618
-1879.2143483215486
-1670.0427740603623
-1615.7008396016479
-1784.9091397611842
-1536.5653497584738
-1966.236565744718
-1698.5242975644528
-1734.5785873725933
-1873.6740104912958
-1596.8381411497846
-1646.4147512365307
-1795.6292339292102
-1612.7293285184508
-1824.918329080639
-1844.9663691800602
-1700.1311104974782
-1669.5376381932283
-2151.806196437365
-1757.3168681608363
-2037.7005379795096
-1698.5754240011938
-1758.2132021466955
-1726.9247355918053
-1811.173838643418
-2188.1438699689106
-1626.7097606447894
-1846.2839192433912
-1707.8348471817935
-1883.653853788611
-1712.2956572504102
-1710.2069015171298
-1941.6169000572518
-1914.2639409247531
-1678.3471443460535
-1933.4860514872332
-1938.0626093731566
-1780.939918024621
-1733.444930547036
-1689.328648649214
-1740.5916719944719
-1807.4853876176726
-1899.1697063280867
-1628.0945971745723
-1636.8694136884676
-1770.918203706846
-1789.7155608681335
-1760.6214409250283
-1627.1174516068213
-1737.6675578169404
-1716.4945202864017
-1742.4416391118234
-1582.5627656570616
-1649.2188218785743
-1620.0527050329958
-1784.6929996282327
-1742.461724021556
-1652.1567761266554
-1630.0991956328483
-1582.8981771620377
-1633.4452757311797
-2122.0224048832456
-2041.4478862429796
-1821.0675453721615
-1578.998018855746
-1656.9114415471709
-1629.5990243599315
-1322.5427636434072
-1863.733475783983
-1653.923252869749
-2203.5471222696565
-2118.3233473648543
-1715.8022479607794
-1935.6365497374622
-1931.9905516383114
-1706.6100564195917
-1738.9805817702936
-1711.840556995023
-1520.4389949300066
-1711.2046593072948
-1672.3971603918587
-1716.524738696538
-1658.8748125795164
-1878.7929208947348
-1952.5784064181657
-1630.498052958921
-1982.9039120036348
-1590.5792675109299
-1760.8506796153677
-2060.688288894572
-1707.3576596898465
-1816.2817963021166
-1492.4344754886868
-1601.4249633949696
-1768.7762291577712
-1680.0397674881044
-1884.2890186866425
-1961.4388657989948
-1734.9771766870151
-1640.8257743821966
-1855.8687098555893
-1934.5504375248465
-2141.7964503364497
-1796.9510536093758
-1965.1059342464891
-1654.121015658269
-1840.0244429577328
-1865.2896536316002
-1690.847285138483
-1796.510613358112
-1867.657996562098
-1705.2306445711502
-2094.3358079972654
-1913.8184601946766
-1903.55089692103
-1581.8673088035005
-1578.3781704513888
-1895.1052293128514
-1804.2111030815915
-1846.3203959259595
-2101.2428683076046
-1751.387210665173
-1770.5763468339771
-1534.881555475198
-1940.007892206816
-1739.3336602299357
-1651.6325850372484
-1819.7686501316673
-1668.1891459439214
-1829.061320791757
-1511.0981804466207
-1786.1940477159324
-1701.5354856908061
-2124.675535157716
-2040.5086763595482
-2007.053955313564
-1706.8305055169942
-1831.3865938862566
-1586.6132904846024
-1651.5898975759358
-1597.2260970128089
-2358.4208124414786
-1788.5932750819975
-1698.0715030275696
-1952.660070482851
-1710.068581612844
-1631.5090554847832
-1811.5220891357028
-1816.5115912667998
-2119.1965607277198
-1769.7788324087317
-1640.0822844154409
-1876.8925196091634
-1653.5960124060928
-1818.1841392218148
-1671.1853969079054
-1578.1514158253187
-1965.059850627291
-1802.7093248321032
-1724.2095416237682
-1755.4941360214573
-1750.2130697448588
-1641.3348191611292
-1702.5054189324694
-1645.0688990477527
-1764.0665136979837
-1600.2924910939714
-1909.2136752682081
-1687.647768523208
-1903.7281384684975
-1616.154140613711
-1647.6523782273082
-1909.1169082108172
-1774.2315841954512
-1628.5891223845501
-1944.3128624350425
-1624.64340284914
-1647.0151747203938
-1865.7727606752264
-1895.0663486404069
-1906.5115379139827
-1629.938415342166
-1610.1762460082957
-2139.4508246315004
-1587.4584366567256
-1527.3145384167617
-1487.9746675282843
-1848.39725714585
-1863.0576955423217
-1567.1557138570818
-1824.0729554197214
-1484.8537256679467
-1619.2021817332322
-1689.0908968152041
-1574.0808220587585
-1532.1277661336521
-1538.3739027410509
-1804.461342797652
-1748.2666163345878
-1736.9357669532653
-1726.1181367569886
-1856.2840442291151
-1897.3618108974222
-1743.6420865972325
-2054.8281147529583
-1845.9633120433589
-1788.4327929677268
-1570.9347980703092
-1565.393593461363
-1642.2170546994462
-1643.1398972425663
-1808.7883551398286
-1983.5382425494047
-2130.524389981771
-1652.0054089418613
-1665.9816519873882
-1825.5825684026677
-1738.1566786019525
-1634.429024884307
-1936.1152205368585
-1778.4031606451101
-1629.7474948997399
-1678.6567870841109
-1851.4855845458724
-1836.5969296566204
-1880.107143085606
-1887.8253373412022
-1682.5557929784434
-1782.026987671361
-1737.7759528625368
-1550.6721395371083
-1614.8541171684524
-1850.4643452711023
-1534.2517914869738
-1888.5427922959993
-1968.7414081057643
-1983.7136295699354
-1767.3252288458443
-1859.6256637448673
-1814.0466145638493
-1907.4993265677435
-1490.3415558409451
-1799.949660114629
-1706.0879683782346
-1689.8591662233694
-1677.8085095480617
-1606.3821455234424
-1750.544706720153
-1962.4628339304911
-2048.316312362217
-1714.1706513713245
-1433.031313110985
-1956.3486539821495
-1544.7130155520476
-1509.954008289458
-1773.5556530811614
-1710.0474500667085
-1792.2356855005548
-1897.5801398765507
-1954.6317742581482
-1578.0990278922884
-1724.0797488507803
-1884.793987107831
-1689.959011046832
-1630.5885732033796
-1735.8087160951186
-1613.4894197207725
-1740.2864419928853
-1729.05851356898
-1829.8372062427568
-1835.3197198326088
-1627.4295920808977
-1853.5002111367758
-1864.8120465241175
-1509.0228130540474
-1579.5839135055517
-1869.1739877802183
-1801.9749883573134
-1939.706065798945
-1868.1008542795396
-1894.0591036834444
-1775.2403413035727
-1852.3392723525317
-1845.746187948992
-1866.973842404239
-1813.5123979461985
-1468.807479250869
-1811.8630916470197
-1680.9970331880002
-1794.3825936994929
-1612.4777047523926
-1864.6182842508874
-1712.594840472279
-1617.6576131447216
-1719.4663292728587
-1671.4542286390094
-1659.0585020358742
-1693.9109961840231
-1588.0450873560353
-1625.5555161059763
-1615.8603598706454
-1596.9008992425906
-1650.249032983242
-1902.3553888763672
-1846.2243322730683
-1747.9265218700098
-1701.0149321622894
-1835.9614255481588
-1577.7779212936525
-1835.0540120481448
-1518.344203581964
-1742.001142994952
-1699.4135196785353
-1831.1069995151856
-1656.338532903732
-1684.732697719079
-1646.6290872516934
-1603.757064052153
-1622.1908289787953
-1900.1367473649107
-1633.4792622216007
-1882.5910936462465
-1931.9766542080142
-1950.8805707817328
-1693.2138914573181
-1717.5790780046077
-1933.9851754473762
-1606.5422227913002
-1887.811868113131
-1699.5453560632368
-2043.6422367915734
-1661.5752104759576
-1730.9314265630082
-1559.2455684767951
-1432.5047807654114
-1712.434872030698
-1698.9795755036998
-1575.658822452954
-1717.5789938126552
-1763.7424361608357
-1912.197889908185
-1569.4751138496047
-1530.3193276116592
-1689.2855428095063
-1893.0035119287732
-1879.8436245715484
-1556.6983130750905
-1685.2527749026553
-1697.00296499441
-1914.490403462622
-1779.4381070168033
-1564.144650614856
-1847.0282723840605
-1710.0678298761381
-1830.0411682475783
-1538.2296865460619
-1923.18863945562
-1660.6342057130732
-1688.1762113332036
-1660.0774648681945
-1825.1440423617316
-1668.2914055905426
-1430.4719118709706
-1591.260716006072
-1750.4256032753442
-1790.3221788399267
-1722.4340504652278
-1918.8954118621527
-1792.3721552359543
-1576.7251315811957
-1700.5692055854884
-1670.012342164116
-1607.796382439044
-1581.3431419891174
-1609.4424964783668
-1561.6967913650012
-1744.528306108068
-1795.247429959254
-1600.0069444558897
-1536.4167778985163
-1776.5174590704364
-1684.6975400543558
-1812.5314045170953
-1587.796062396029
-1714.0163237197655
-1761.2227577442834
-1729.7016251319476
-1769.8706575168487
-1649.992996440373
-1675.5707883276186
-1752.2285626156258
-1682.2909739802692
-1747.1356218796766
-1600.1969077293288
-1639.2454334301287
-1589.3924803926202
-1818.8996230996918
-1830.0837401169576
-1668.7424221822419
-1541.07101156376
-1691.9566676120346
-1736.395364823627
-1722.0319094498002
-1817.1627439485276
-1618.4755041650224
-1619.212498024035
-2027.0947741117789
-1746.8521104274048
-1662.2792479347938
-1608.2208574678443
-1720.2449876415658
-1729.4389664786265
-1617.9414194579917
-1540.9327186017808
-1693.4689305596578
-1843.2186094131723
-1792.530030192325
-1709.3775606365525
-1539.4081331148907
-1718.9351837421063
-1791.6342662128654
-1488.3922089228515
-1675.2917852032713
-1496.732176398785
-1757.0139396585614
-1750.860253958754
-1840.3101456653087
-1811.3794580050014
-1722.841422848709
-1711.892168849163
-1824.2636409202605
-1882.279911705649
-1635.3496404628927
-1499.0468650278297
-1657.3693956505476
-1750.0258299044826
-1824.956346348835
-1713.6445232266094
-1590.9191920964656
-1569.7068481587226
-1589.7455300819138
-1863.667559232814
-1741.1766827010415
-1732.1933750087348
-1739.7397576465194
-1699.2634732373851
-1705.7685140862932
-1659.2082038265314
-1818.2470629094348
-1803.7918133920546
-1632.4703217935235
-1459.3409740753673
-1606.9565317404147
-1536.8332400630386
-1955.817318638106
-1628.5586737431229
-1898.3245576169238
-1867.4328876587633
-1708.7694433222564
-1792.7687670900243
-1858.7076320607662
-1584.8123796485747
-1644.570299561386
-1597.2391302188173
-1628.739994397519
-1897.3941206048003
-1596.3792980312842
-1753.68751204287
-1693.9601999817603
-1659.0862025186377
-1874.2495024121947
-1879.7873156171818
-1686.8650193999522
-1682.370569337807
-1674.2791400048259
-1526.7572278179014
-1772.9339826589414
-1556.3283293925983
-1653.460279950644
-1582.6221143062392
-1697.3778732633668
-1759.9121813032873
-1922.7347788368638
-1437.365455876094
-1966.2977218402254
-1633.9575796672827
-1907.806892990173
-1589.547001359911
-1581.8188584471407
-1883.0702305411692
-1643.3496124045503
-1817.3408252167146
-1648.3799411012462
-1694.9548034256263
-1619.9794530193815
-1692.4000746100708
-1623.1699462918195
-1706.8782621482183
-1570.1858832752714
-1812.5041697967379
-1798.13591897987
-1382.5166021109844
-1525.7206479417566
-1711.8353584297336
-1630.710877183281
-1478.1919651368569
-1612.602221449603
-1698.3880618795722
-1823.9499683539668
-1608.1796534034743
-1686.0484715318948
-1671.7897059808108
-1666.2362043788619
-1550.8542696016298
-1580.1035018827995
-1622.0678940934622
-1819.176166892358
-1651.3615472728175
-1524.4746052557618
-1903.9465186764467
-1656.9794277138728
-1776.8651983167802
-1807.355021089171
-1682.258854810205
-2048.594068275048
-1632.5494655399013
-1627.977450640008
-1621.4161178497727
-1577.154436205048
-1947.0127125541858
-1819.5100168530969
-1516.713903470498
-1954.5971070541334
-1713.9669228977768
-1558.6467934005086
-1559.6534572302157
-1709.8437527454923
-1736.4756940718237
-1686.303352547741
-1875.6979734225763
-1761.9245510296391
-1732.4710303730633
-1614.2333566220386
-1635.5589315145673
-1613.6366634572312
-1498.8237562758325
-1638.8762520762687
-1692.9600845844836
-1671.6355871111366
-1841.6668799923743
-1693.1397310039931
-1705.8606059042331
-1764.2375248841304
-1521.5017838843692
-1650.6878594897712
-1753.3428491359089
-1678.4016275863817
-1434.5352024149374
-1661.4606953398338
-1733.4475139120657
-1673.7253033413106
-1810.796092047372
-1431.5279754989401
-1591.0847821068023
-1691.2592440641745
-1783.165948311481
-1653.3926612718917
-1689.2797989509902
-1560.1592554034874
-1508.240954202724
-1581.580160452797
-1541.9276393606901
-1780.9081466165549
-1523.2325658666273
-1528.2914746285767
-1655.314649168462
-1490.7633013634638
-1641.4963159833403
-1719.4094966106002
-1970.7687351599402
-1772.7865962207818
-1928.974510049274
-1733.2057560283652
-1764.256386407996
-1903.0016830908944
-1561.7803573140013
-1380.6961475818239
-1638.0121217555688
-1525.5108750628558
-1598.4436291083878
-2024.2348159278965
-1594.3473388311713
-1683.936218728893
-1797.368555220648
-1562.9789007281854
-1886.8875276733236
-1776.5108419626456
-1853.025187965195
-1564.604309660742
-1746.397888244344
-1557.2547444713716
-1671.6597070203704
-1861.9187949381578
-1640.7739073343855
-1596.3595798420263
-1658.5244173306126
-1658.8456776572928
-1602.0982256652596
-1726.6726574809247
-1683.9517980103722
-1645.4496982801882
-1776.1264491506827
-1989.3224084956933
-1946.4640867360301
-1782.1406897067857
-1903.4509201611481
-1643.1655398444316
-1722.4625268936734
-1526.1541934012032
-1685.9959640541351
-1755.3937184078907
-1791.2594290848765
-1795.2478525096546
-1577.4170381202616
-1562.644986262799
-1790.646907656506
-1699.0920751567687
-1619.2870105363604
-1852.8576099129987
-1617.8130334502926
-1703.2479110760203
-1797.3613854311748
-1552.1983165624868
-1562.1875034371778
-1718.7121846605016
-1945.0521067035183
-1566.7395687624241
-1742.0627035949983
-1603.8718634463569
-1666.9409655981758
-1476.0974585894935
-1640.68924470211
-1797.7710249453182
-1600.8589348177657
-1633.971588325506
-1635.843122501029
-1740.2910518192662
-1733.0509366275014
-1665.5770092027394
-1784.7887843989033
-1581.572855815072
-1650.8488385638234
-1659.8911888615457
-1563.3362766665641
-1870.4638750750887
-1546.0189172976627
-1839.3503483826432
-1356.833320601217
-1680.016649156236
-1907.6601164132612
-1601.4589430763006
-1703.0835572893186
-1775.6693835540405
-1608.138646967795
-1734.5658587733537
-1591.2480594535261
-1562.665657472928
-1675.721183678889
-1754.1162483566538
-1740.4902534550936
-1772.2333719041337
-1541.0386248634045
-1862.981215123719
-1726.4542478224828
-1635.38438145998
-1714.4163751544581
-1711.5432968277037
-1649.9898111942884
-1568.1572247311583
-1678.7421676331508
-1637.6503781979206
-1451.7348496162233
-1741.403338572281
-1709.1501178858466
-1510.5369262564577
-1909.3713326737043
-1669.315008386066
-1692.5148338353465
-1658.126037634406
-1594.6868078460022
-1511.5056750353788
-1608.3588739789227
-1677.390996667743
-1665.3542203702482
-1773.5355020538461
-1714.3312317410482
-1587.5463374564044
-1491.5635628059272
-1814.695527394123
-1667.0088580980628
-1613.3730481118346
-1804.6158018672513
-1545.8548678475922
-1610.822732728467
-1554.4982189767668
-1668.7049735446974
-1602.8019369347967
-1486.8233526480376
-1630.3002321005445
-1546.8344167838902
-1646.9026946133195
-1512.7300955351525
-1828.1479633618753
-1761.480319860702
-1538.4841326798394
-1637.4035272962092
-1655.466685809103
-1559.7368453817805
-1627.8587348731264
-1567.3421567078133
-1605.4225768880349
-1528.5798245214512
-1543.3047127684506
-1817.9374873722068
-1759.0781556010913
-1748.660592512362
-1524.1641683578898
-1447.570567093257
-1662.8583450771614
-1663.3044875424466
-1371.9529404309762
-1528.1723101113023
-1594.331216302111
-1769.4083992143458
-1634.3459156233282
-1594.954627350131
-1726.3042567136774
-1703.864178851553
-1733.3739777146488
-1551.0376965021048
-1965.0383427436736
-1643.2460725105643
-1915.3675339852957
-1685.0849577312729
-1656.9217792946206
-1537.4567594448406
-1546.0121198052937
-1691.1928384593118
-1620.0800450033714
-1440.044964340159
-1796.4672623883423
-1748.6864024533297
-1801.0025666665063
-1529.5397038710503
-1715.8085365419336
-1532.2978940644814
-1654.5987769062376
-1881.1902640208543
-1708.9604786902657
-1604.507488540018
-1642.0635036864676
-1788.708099333204
-1585.2227533421199
-1909.6470653114689
-1574.2824890735149
-1724.9060848745485
-1725.9945138153741
-1781.3292286937578
-1555.868670548281
-1591.3881499511474
-1713.1423944481337
-1731.827101361526
-1827.81069273356
-1644.910779401376
-1586.1612533653151
-1574.3449796624614
-1515.224781314936
-1956.9932623299658
-1610.8399477435041
-1724.0092110430362
-1787.5781939650963
-1546.8832436891414
-1836.0137881574383
-1603.775433248037
-1594.348763592378
-1470.176044663442
-1618.2382676466875
-1867.8836450808494
-1692.9273653608982
-1640.52924910697
-2172.434061498316
-1849.6757900788543
-1532.0836184927768
-1515.7663530613202
-1755.1905893893668
-1630.5554825765153
-1910.9193511417243
-1684.9071804343785
-1652.0925491567086
-1502.5982467248589
-1615.1007209861018
-1687.157346327853
-1729.714793337456
-1652.1368395382801
-1743.0309919472386
-1705.8348057590083
-1637.5250666564675
-1741.00400601744
-1757.2538256572345
-1692.7240824192302
-1473.4615929966374
-1806.9896321151361
-1812.297598535832
-1698.7571346224406
-1600.9215607761375
-1823.7531282287098
-1629.9920158411674
-1457.3467616703451
-1610.9558098059472
-1539.0610001343036
-1799.4983228559172
-1647.0109849443454
-1600.420790926475
-1644.2297989613367
-1710.6720383114682
-1678.3532845526831
-1769.1352954951305
-1452.5486917641608
-1652.8512581419673
-1744.8338838579705
-1632.455807430798
-1575.08284348115
-1581.167902326166
-1610.9714585810734
-1521.051078226177
-1805.5485883476024
-1679.6725602695883
-1718.8150737136534
-1673.7469513514736
-1787.8541711805826
-1500.4696035817537
-1895.0861184709756
-1561.166163924342
-1621.6031364258565
-1633.6864528733324
-2036.8113829147376
-1795.9003207598655
-1582.0422617332945
-1646.3220569713674
-1626.6958482225061
-1686.077591557894
-1509.994425895028
-1699.0791314481025
-1835.3739924328704
-1641.1041399642893
-1644.7137222549889
-1663.6408437309492
-1647.598598280862
-1602.404783866237
-1766.7684946148695
-1866.581422014521
-1652.0423385110312
-1678.75685116173
-1838.3386494210688
-1815.1252942601113
-1790.8533378387012
-1684.0818972460806
-1683.0100767191345
-2039.5959518115556
-1794.3405571918834
-1842.2243234036532
-1576.0068013848968
-1650.5536888880497
-1527.311155227988
-1786.717300908714
-1895.9527736228702
-1860.1638456612989
-1568.8913115445778
-1726.728819506746
-1971.7561770179404
-1771.6076113587171
-1650.0233221790816
-1704.4809641925135
-1687.4970170646238
-1880.176202215854
-1586.085802306622
-1521.332050661737
-1852.188679868545
-1661.755867679604
-1814.2281232934724
-1725.1826136435463
-1692.2385282265097
-1541.1163654184263
-2039.5494930381367
-1635.8162048309196
-1870.940788932355
-1741.6774749089375
-1610.2411478034064
-1643.3472798414648
-1858.5939958941744
-1633.1101121907675
-1872.9884853894732
-1706.4750560162365
-1631.9507663785218
-1645.65517368737
-1544.4136547986848
-1702.9135607640255
-1929.0027634976525
-1716.7651140409089
-1612.342787795716
-1888.562680222784
-1617.981275288029
-1786.7164221030341
-1566.9373250843635
-1713.0359838340842
-1774.8757504460668
-1588.5816396725481
-1459.1977247326136
-1728.3193853378145
-1723.557115684108
-1590.8636321311167
-1741.7510820305718
-1888.9005855767314
-1781.437998016859
-1554.6713615339913
-1729.7264642621074
-1490.0669907906033
-1872.6455681724365
-1552.5652719580908
-1576.6473192146434
-1769.2982801572132
-1512.9201458187279
-1641.8714478207232
-1759.7378105151301
-1770.1771820105123
-1807.4475944637632
-1888.5917551881173
-1712.1232894718023
-1714.298180011215
-1739.5928917928388
-1647.8518246725096
-1680.0760588900591
-1553.1246798756865
-1836.999123565788
-1638.410987597238
-1444.5348534623852
-1724.606081581689
-1504.653154431057
-1678.9389516988622
-1603.7561999333934
-1478.2747776104327
-1463.4064080036858
-1606.7220224315104
-1660.8308038325633
-1642.0354664330025
-1527.2154484381538
-1576.0482835832202
-1601.135175319658
-1782.6004813943102
-1647.6302568542053
-1940.6641394909088
-1743.9805614271559
-1856.6569046226757
-1613.9313547074387
-1756.4055547169792
-1837.3672851321078
-1709.7586957744059
-1667.900293894206
-1617.9911722443364
-1593.6388516078932
-1609.4935674814406
-1661.5986980392631
-1758.6797796160542
-1678.6589233678503
-1749.9021294883319
-1648.1109412612907
-1588.6228605512272
-1557.7875032886755
-1666.181635309534
-1448.4682914829025
-1807.7937200938345
-1524.889031269245
-1852.7575563012476
-1561.9022276172986
-1682.9509928413102
-1599.118786732821
-1749.242558840572
-1700.056164169552
-1630.3922907784527
-1617.813635455113
-1737.986307550258
-1945.9242776682115
-1690.102606926028
-1615.1115970795925
-1570.5875976030072
-1620.03098148464
-1762.5287158993901
-1723.4159363325386
-1486.5291884427947
-1679.1554150613742
-1759.7867230528072
-1737.9486405082978
-1673.330527771267
-1503.5557267573972
-1650.1167367181401
-1767.7594753894298
-1467.7363873948639
-1644.4614335855604
-1592.3845338296112
-1825.4544065811654
-1667.0806185759668
-1447.8381775885894
-1627.0590647552103
-1726.7197767969212
-1610.6318778969141
-1699.2255933930355
-1775.3368990033277
-1624.797834419571
-1780.3316869290575
-1636.1908903692847
-1707.9790831532523
-1747.378470783525
-1632.266327911093
-1502.6638114920333
-1521.8762673006056
-1680.2213175713293
-1632.6257037367477
-1537.5689066348102
-1648.1920880432083
-1409.2230369910787
-1754.376946263257
-1667.5619848548579
-1659.2792753620452
-1518.2163871691337
-1810.9879856543978
-1635.8140582980975
-1515.6618164590466
-1690.5165056780745
-1924.760075637822
-1433.1933933664666
-1594.690139831605
-1493.4863717559474
-1865.8405222864824
-1650.3445331462617
-1591.1552546026048
-1622.2293568303196
-1743.8747858241566
-1767.6067884433771
-1459.2996782487644
-1503.6784994779907
-1595.0658507829146
-1671.4935536553967
-1648.7966679556077
-1972.5660458627653
-1705.5746132787342
-1584.6739966267935
-1757.8025196733956
-1503.5424474590432
-1545.065806947444
-1396.0830427033147
-1838.6445439120732
-1623.4570617616325
-1695.001882787309
-1638.0616661192973
-1757.7053475976008
-1753.769353550255
-1627.269247141769
-1689.7155493243158
-1847.748123233369
-1639.1140311754798
-1692.120698129542
-1780.4467700047558
-1555.4280456946972
-1511.8823327799084
-1718.3940063312057
-1568.102941593135
-1709.8512331247962
-1549.3759470660186
-1647.6550849946573
-2047.4495242466032
-1614.2735959172146
-1744.1811039001118
-1739.5432567773717
-1608.632680249533
-1587.7266862841
-1858.8026212261118
-1535.9027445966624
-1867.3095362269905
-1734.9871406834895
-2000.6781636209655
-1580.8807656512101
-1595.2911105503656
-1556.405829685261
-1570.1669167288733
-1649.8460476048929
-1761.2483673006184
-1664.8928733723365
-1753.4123844192222
-1596.2099365565912
-1715.8215243770637
-1646.1847359306737
-1698.1598628587096
-1504.936183238844
-1615.2369718797054
-1578.9351975615602
-1615.9466728446193
-1623.5645015743632
-1790.4961421395744
-1840.8590727350472
-1704.5823202850145
-1823.7570225442653
-1874.903719443019
-1593.257213296156
-1596.890585164763
-1388.5473237508318
-1796.3142479560472
-1543.2840731614892
-1719.8312220876326
-1685.9616646116524
-1518.8454744120909
-1556.7792436738157
-1473.555765622992
-1542.4086894106833
-1649.1615120018964
-1566.168433665653
-1490.0949291048935
-1453.799745318713
-1660.0032520354769
-1601.6545020121932
-1512.891407772475
-1757.2411203494992
-1663.7188971120288
-1749.944925671293
-1590.0273065082783
-1651.1146730969156
-1596.054588120751
-1808.5354082760186
-1767.4082540081624
-1760.1636572639638
-1580.1455378504695
-1792.7424494047948
-1562.0974547982696
-1586.3910614721897
-1771.2792108391407
-1545.6093924282343
-1660.621304832959
-1874.9776999750688
-1611.8702980402993
-1575.6582706161262
-1628.6888756605829
-1398.2357155163652
-1649.646632404267
-1576.4373523803738
-1573.2258629912349
-1699.6790625354256
-1993.9272014281628
-1740.7378329293228
-1483.3358777044166
-1475.7076671276484
-1740.2348256901016
-1563.103180145986
-1723.9880740959247
-1789.5142262315326
-1546.0070105954605
-1803.5405382534766
-1686.0703834563483
-1670.1771927841128
-1633.004914764382
-1562.868582538438
-1639.7995420305826
-1780.1020099977839
-1373.1637068774114
-1505.798720518545
-1652.752893831145
-1811.7246249620482
-1627.391412502819
-1578.7523865655182
-1645.3542789341216
-1700.6648669146705
-1656.5971553593986
-1555.3971506735506
-1946.2309960921275
-1710.3898958843868
-1847.356573280422
-1789.7139781846838
-1665.0617397970702
-1470.0965678660227
-1724.7983607805174
-1459.7095833690908
-1586.5118290862729
-1497.6852184637323
-1823.9182044581898
-1458.163780138645
-1548.2334211996347
-1665.308635722858
-1632.6598363119917
-1704.9627155473408
-1563.0775004645034
-1730.0053087511392
-1556.723643398983
-1964.5909332671058
-1499.6871391364293
-1660.4159706148912
-1678.8006562751864
-1742.4633422881984
-1769.4653398780174
-1608.6247288725183
-1783.6145065554535
-1910.9066675617921
-1815.2440059721587
-1612.713317572043
-1709.3399560624896
-1681.5620182594935
-1692.1946653480159
-1596.200290246911
-1554.964141107433
-1701.208444119009
-1735.5030764148453
-1437.7554293341962
-1699.7478317444627
-1799.3584653274695
-1665.2919530862955
-1504.4046599913552
-1529.1324021497364
-1605.996968576062
-2027.5869551673368
-1813.3668431862466
-1549.3333798590845
-1806.2393855307257
-1604.9465757679302
-2037.706514371585
-1845.6986092063928
-1866.1669144222174
-1602.1367289600403
-1874.7754985400175
-1484.0546816444491
-1771.285958035668
-1630.3000545128564
-1803.6638886791452
-1922.6387336210807
-1686.9181290611743
-1713.0393816419723
-1635.8886918130117
-1879.2155107766766
-1894.8392409376304
-1758.403877598121
-1620.8013809035838
-1637.6999075976303
-1705.4707721007424
-2068.0945925476167
-1954.5083531473215
-1665.7901640698274
-1588.4369011886804
-1885.5401689285204
-1684.2731705170077
-1674.2493807103847
-1815.069482755395
-1431.077718266105
-1720.876650915991
-1671.580511478763
-1561.4681340724812
-1832.3693976529935
-1568.1799755408895
-1651.0774788472058
-1359.426323164849
-1781.006690949589
-1830.211106486905
-1608.0877855554522
-1588.4809387170692
-1752.5726308653295
-1814.519765524629
-1696.4035258293375
-1743.1874573176053
-1672.6912589949072
-1677.6631236618034
-1579.0170320400948
-1552.9613727334456
-1580.8148523882833
-1803.93714503035
-1517.7187820596903
-1740.6830027377596
-1823.3307102027463
-1766.9710712404597
-1704.8665903258309
-1868.402205514168
-1668.0623496865837
-1597.19174522961
-1634.1948534481442
-1706.142437776632
-1731.9305718263197
-1626.1316944283014
-1628.4919129606526
-1777.8482663027066
-1748.4519033397237
-1877.5090668177018
-1603.1512809644812
-1680.4234559979186
-1796.813052499211
-1497.7163240257823
-1430.1924905711796
-1877.6730547786065
-1704.1520722026276
-1666.1772019501955
-1930.7769209103158
-1524.3447810961877
-1675.6116677197224
-1606.2982484125039
-1619.9300799277119
-1401.067325436534
-1518.9520361363184
-1619.7409791195123
-1669.062678571739
-1652.84195135636
-1699.9049503452427
-1814.1753892110794
-1896.035736117393
-1510.6627222753182
-1538.9982334928884
-1475.1980183580067
-1590.493863347507
-1618.157186056803
-1609.3893317499808
-1829.7967317925195
-1663.6228384382507
-1608.785618355853
-1608.723748538578
-1771.5237016847657
-1573.9281951257683
-1552.5356601847986
-1760.4391318485943
-1706.9728557277335
-1659.3830693472971
-1893.5469403222296
-1795.9906716027547
-1612.735726326614
-1718.2505396587148
-1607.048231403582
-1666.949499745816
-1735.7047339804744
-1579.8969677603448
-1711.690181905358
-1822.71411745566
-1634.5441484080006
-1616.6598570560775
-1633.2157097353936
-1641.1676575111494
-1654.5436565440416
-1854.1785974159548
-1700.530339283109
-1769.5395243727971
-1613.8337928241456
-1851.0945455107844
-1731.740536214699
-1709.8650759562213
-1735.0140945034993
-1716.2413949585002
-1668.2767813564915
-1580.5665449893752
-1679.3541938769665
-1646.9430741573542
-1669.087201301519
-1881.530204633047
-1654.5504837475846
-1580.3402468314453
-1798.917785779062
-1903.2962089379803
-1643.8905090169594
-1849.2412356675277
-1587.0301728570498
-1664.4639326236404
-1544.5610776498263
-1720.6511674732355
-1510.0283097079955
-1547.0432741784036
-1708.6466685551795
-1683.772135394507
-1622.5573799704548
-1511.051983287429
-1623.0598002040922
-1504.7750254656137
-1627.5405604749212
-1793.7654279320504
-1735.9516083220049
-1690.642581304047
-1648.9401097611124
-1586.348733165399
-1781.269548863455
-1794.8555843012102
-1377.789358622402
-1744.6003995553942
-1431.6877633691147
-1499.062815778601
-1793.3397321914429
-1697.2502345673472
-1674.7518316530388
-1687.1431477627386
-1723.9540632590856
-1656.3677702863492
-1572.933225505968
-1694.701898591966
-1608.246509864845
-1586.4060797992317
-1453.6475595747042
-1676.4068365515593
-1665.9360425069697
-1601.806519279103
-1619.9741089399733
-1766.2974190538193
-1781.9501600000808
-1595.2620492398794
-1522.1980855176828
-1527.9095415143536
-1785.1310806264307
-1704.5067607190483
-1724.0509519432348
-1863.1112379569054
-1527.695958633068
-1767.2088369821824
-1612.8289826156117
-1947.431184349487
-1707.755781983007
-1824.1882976511333
-1761.1032110765352
-1770.2014415847411
-1574.7604501368926
-1780.7836364363154
-1662.8492038657498
-1837.4361293338286
-1491.128527339088
-1787.7710282130838
-1570.6116326988908
-1829.3265441931837
-1597.725835427956
-1803.3841599160082
-1706.5216551305323
-1626.110903895391
-1484.3734211299836
-1618.119868459071
-1575.7167992183531
-1600.6005248161755
-1491.3450097459165
-1446.1012954847886
-1573.5728871271779
-1859.1500343727353
-1935.5357246069084
-1766.5202597531345
-1585.6127212909282
-1681.621510065876
-1822.4506529123835
-1614.713638255962
-1457.0866017445337
-1592.7256293047433
-1488.8375274794441
-1633.6364655658738
-1648.0252247158273
-1728.8213911371672
-1682.18913472018
-1391.9464665101882
-1632.9808850998752
-1542.9649162448204
-1679.8283654213642
-1586.3463263550427
-1571.9559321678084
-1632.609220598786
-1574.3239424328972
-1552.7985892188951
-1633.5225788080163
-1562.0658675689522
-1682.9075129610376
-1679.3172147616797
-1871.1545759614692
-1534.287181469686
-1790.4243556507793
-1728.7177876850903
-1617.5855246163753
-1648.4640590825977
-1727.850446521241
-1696.4996873619182
-1639.3619756466496
-1509.3914819071358
-1914.9523579448567
-1582.6972292735663
-1494.1977883046895
-1673.7635574674573
-1555.8543235649927
-1550.0004604586618
-1619.7798891983634
-1513.7810932500204
-1564.7102460247143
-1657.1142624939855
-1520.0320118075133
-1845.399783524835
-1684.2103967338685
-1554.9539808959123
-1601.7610278784039
-1574.0241212732897
-1461.096618070317
-1632.4605916715311
-1724.157303217077
-1651.7809305425847
-1761.9924801033094
-1646.3375924274796
-1684.707474144759
-1721.3555814392598
-1707.9843193066124
-1556.7360160130158
-1811.6494880945693
-1740.6840057069928
-1508.6647617252413
-1567.1240848816467
-1541.7648741463088
-1784.4509779128714
-1598.7712008470517
-1616.137295495279
-1828.1604744673173
-1536.830219738206
-1620.5469513304777
-1640.42594149807
-1424.8526711349662
-1716.2806838383428
-1548.3096686316153
-1537.811083697327
-1835.0854188907786
-1590.1896942273534
-1688.8898583623047
-1897.8384859117255
-1597.7302820970579
-1634.1252498853153
-1728.4709397008248
-1631.1275850924749
-1660.442488195067
-1672.0508711049283
-1814.1237881011355
-1558.1843987719064
-1814.4670170444138
-1751.7954147248179
-1608.9499217132384
-1593.4561011710732
-1622.5046298405198
-2039.041402724079
-1683.044130292245
-1774.0323956312534
-1709.4625525309677
-1756.3050150894733
-1788.4464772981976
-1648.828163753362
-1694.0058315586118
-1727.5619601743804
-1692.1610196786078
-1500.644058688702
-1485.4664698454765
-1696.6562738066682
-1664.7517348703236
-1655.433334545592
-1510.9934001452991
-1675.8330068447951
-1673.1883601438612
-1676.3740058206497
-1751.1155515495138
-1719.3183322978764
-1518.3504170696265
-1863.3983034391592
-1571.7010427172204
-1624.951694948473
-1584.8384622301476
-1669.1221527061791
-1644.000292566988
-1636.8980839275148
-1686.843794616125
-1953.664026128012
-1599.9988544976547
-1723.5901473554463
-1865.1817636683056
-1734.0307169893117
-1609.2310763382884
-1601.7778539202734
-1486.282903891817
-1625.6920837509053
-1605.3754185788462
-1529.1173000566462
-1682.200695479692
-1518.231654948094
-1613.9236602611152
-1692.3495718857696
-1574.122839633137
-1422.908691238339
-1559.7981057750878
-1694.575095341055
-1484.4054651503543
-1594.2404267049694
-1712.9908524126572
-1734.238340838182
-1765.737781531734
-1729.4174697108367
-1643.1125732403582
-1822.1994830951505
-1479.5455404105267
-1620.2553273675412
-1709.88489901214
-1654.3472405015864
-1782.5705564695156
-1503.6854673004123
-1816.4574594736794
-1713.072450075778
-1525.0939986181686
-1822.7511898783596
-1691.1019824800685
-1638.9006947188968
-1777.5490809403439
-1740.4300312107591
-1712.70090997383
-1723.1117945437225
-1774.0437394170847
-1728.254772688328
-1761.1684719031546
-1743.6318095877039
-1565.7523236936643
-1591.1999367203243
-1727.4060416199175
-1652.6667729788487
-1740.493422932478
-1671.1307245512037
-1587.651693227504
-1916.0069617653305
-1592.1712150140638
-1509.8331451518438
-1849.0250359819436
-1639.5676843961019
-1523.8225038195117
-1527.00343313215
-1573.422557676128
-1750.065654099055
-1674.309358466602
-1712.8546410542904
-1502.1376496892199
-1572.666241314246
-1577.8084084179336
-1759.5361395528575
-1731.5513319806562
-1623.4236580892623
-1554.9195482242176
-1481.3459045180052
-1846.1697259141895
-1528.89826648426
-1569.7104808383313
-1755.634714134241
-1616.6038062088899
-1699.055356944218
-1688.4189838353411
-1647.664301652348
-1563.4068463491858
-1695.4155655461623
-1673.4041126211596
-1541.43776986328
-1765.4174616055786
-1616.9755987025635
-1690.3612741548648
-1756.0943736827073
-1749.508495777975
-1631.83417499117
-1530.2307377815998
-1634.5016669066601
-1614.6106121016776
-1607.1083723426912
-1589.0743538270356
-1466.7742194770574
-1999.6789751917115
-1693.233907798793
-1734.0179273256751
-1888.7922508130544
-1823.5156106561656
-1695.784606413242
-1895.9570049793074
-1551.1762160696949
-1679.7527932882106
-1802.4362586021273
-1572.1838857796606
-1646.6306654001303
-1620.0702755015852
-1920.653647193255
-1656.7481845385803
-1406.308508743661
-1638.8781618201926
-1619.104186540696
-1751.9280541147546
-1712.220876449441
-1738.7761022486384
-1762.0538355251035
-1807.983018682361
-1766.444000419442
-1455.7053799033304
-1905.9370478910923
-1599.7083402706758
-1629.4944884168267
-1888.3412680264012
-1765.2865840988793
-1719.3130066726305
-1573.001981253044
-1541.393543456897
-1609.4461756007772
-1729.6706805607869
-1758.433763173955
-1683.3062817590053
-1615.4559651484267
-1762.004336527621
-1691.6888615086552
-1516.2806702578864
-1490.946626576578
-1745.2349992517932
-1535.6334450989948
-1623.8192247296283
-1644.3404029008193
-1706.126072581507
-1563.4451044478787
-1587.265545930428
-1725.413366925434
-1583.971900276277
-1680.9853694548353
-1646.3497390286068
-1672.1028840120132
-1772.140065101933
-1665.0652070243218
-1589.6588939007036
-1765.7854370292896
-1742.3726624391127
-1708.4052415623498
-1824.3441395590582
-1620.371334801878
-1515.7992914471345
-1658.5202287218015
-1529.9114067497592
-1486.3727545734366
-1579.305870052368
-1732.4829057977383
-1741.8936764755665
-1534.9481865598077
-1749.7191125169516
-1604.2006605875947
-1751.5411132896872
-1582.2461114691566
-1636.9802685494067
-1679.7364563838141
-1738.5541300941863
-1475.2179160224655
-1749.6663682501012
-1658.1174613237026
-1668.7568662274186
-1545.0607627722322
-1410.972940252021
-1907.4859524282429
-1491.4443891273204
-1606.2007996101759
-1604.2737262771914
-1610.3290031081826
-1547.3014028789355
-1583.4390293006038
-1417.110082555797
-1934.764233178037
-1587.2978445117662
-1627.0461696442628
-1908.5510694819918
-1530.8107416610544
-1768.1214049775356
-1718.7093671596651
-1628.4408070106228
-1809.9848422484008
-1588.8260072225655
-1506.1313712136105
-1641.6710778791924
-1667.9347321833866
-1681.390816021873
-1587.60850346797
-1598.481120197327
-1448.0673936605947
-1454.0896983310515
-1690.4932793245646
-1772.9675640354783
-1502.5938834186466
-1578.256704292367
-1482.1130712704214
-1469.786147594001
-1811.8101481221797
-1605.6419945763507
-1795.8918906254712
-1616.6449202719073
-1522.1793451144679
-1539.7461706190247
-1603.9745831561652
-1552.949925849767
-1679.3630304854662
-1676.969129492025
-1642.6940121865168
-1795.2635533548876
-1791.0675323715284
-1542.123383412093
-1693.1259892945925
-1774.015364394951
-1675.9586256862517
-1794.5083820220136
-1540.5348943883605
-1549.538064056422
-1729.8684124090307
-1667.766205763809
-1612.0458334927341
-1709.1402739780788
-1588.5257832705076
-1803.6961401956278
-1604.615124427238
-1526.2517999383597
-1646.3512977258065
-1640.613842002884
-1740.287471071436
-1705.8654326867113
-1796.235842207216
-1706.790040020242
-1710.9946800853515
-1891.083013305202
-1782.0957688528215
-1575.5256548139341
-1412.0598187252747
-1441.4634039339585
-1551.2417638280324
-1715.5911283562036
-1667.7054422216622
-1714.8292214154396
-1630.077696554613
-1613.7246803452608
-1432.2200796565269
-1581.2661169010541
-1676.9236048286684
-1702.540298826948
-1560.1778949118786
-1526.1140009026044
-1680.527599825658
-1776.4325148574032
-1619.0348582901984
-1670.2124900578374
-1651.736494054761
-1628.6933382998234
-1740.2302062227805
-1751.5579151483614
-1776.2293567541549
-1602.6448591520616
-1648.2470717429148
-1538.3305509542527
-1754.2444994687212
-1435.8344393981079
-1537.0097433654576
-1620.46452924062
-1415.2167405760454
-1710.7097880714828

