-7284.692929207461
-5233.742706448113
-7477.700795133753
-5418.431986294959
-6983.803835564896
-6217.309951792757
-6307.887339468501
-5419.7419479193195
-4186.953842570298
-6101.057233939384
-1779.540266040397
-1707.1744111005166
-1564.0895522372666
-1484.8583571084537
-1405.8027893134565
-1533.5741846971086
-1541.6470195401516
-1577.3397830653348
-1486.5681475764195
-1404.967808818928
-1469.253309982053
-1494.2461473637713
-1459.4176893064787
-1451.70369022196
-1636.8811863019237
-1505.1936861281101
-1263.2066345192407
-1423.6752163419828
-1355.9885423718297
-1252.9226005494515
-1500.4008495301405
-1511.2099939827958
-1386.8713725013804
-1494.6460254332196
-1483.5902106486396
-1450.4552946463214
-1381.652393314017
-1251.0907437213154
-1440.5181848711395
-1512.8408022156123
-1292.3899915267946
-1526.6030960513426
-1386.2771171334207
-1435.6859450162337
-1500.0495739806152
-1336.402721849653
-1468.6862298943788
-1321.967103955321
-1404.2555265824014
-1446.4321220468055
-1385.3389384809168
-1495.4399548195997
-1497.0177591602433
-1461.3551029131893
-1396.8496147193898
-1545.819149594309
-1507.6999274523341
-1347.1639158180665
-1419.3491241144611
-1382.5241567165085
-1568.5876317537627
-1461.3989998473673
-1161.7868390211695
-1442.5025139800607
-1323.2427745140565
-1285.6490968111661
-1459.4334048295846
-1246.5445990784312
-1225.3371708595678
-1502.2898930489498
-1157.7902597024947
-1405.8528748205783
-1392.3460024053497
-1422.2756561259428
-1654.858632738853
-1416.1637477782788
-1283.2485869105235
-1229.8800475382386
-1545.4310744855775
-1329.928963897976
-1422.2030400436724
-1424.1090081332113
-1344.978253320256
-1402.6323946963857
-1658.797819953095
-1552.2225829781455
-1301.1311604807113
-1495.6476181656199
-1486.045497228155
-1416.3568736972857
-1375.6043303382037
-1267.4298391375326
-1495.0627983127756
-1464.8467440840964
-1296.0799821760254
-1487.0960642205662
-1356.8511642293947
-1456.7885015616957
-1390.802542220125
-1558.0273618991205
-1325.8928741179488
-1303.9760758123946
-1286.827458455372
-1448.342499932752
-1503.8557333342574
-1397.6017854341574
-1311.9335799103574
-1318.1282471604582
-1392.679134572897
-1374.6102718712991
-1359.8433853844592
-1287.006498167856
-1307.1104434550966
-1427.6497660883124
-1543.7914438975872
-1721.1542898628231
-1286.8846534500403
-1506.5819936543012
-1461.4509711868736
-1343.8943576203617
-1514.8032000648095
-1433.7448236761475
-1382.6386892345993
-1672.150359615871
-1348.0843265107806
-1497.3093724545274
-1261.2337117397367
-1380.9106288074597
-1313.2694514641726
-1354.2649652488474
-1330.1856559045664
-1372.2718749529286
-1418.092737666916
-1336.0232832674446
-1242.592520885138
-1300.623246564632
-1490.520267563817
-1360.4279653671083
-1337.1883746214112
-1476.1402145797208
-1529.0600479840896
-1455.1933742489473
-1413.7763941985404
-1317.8237354582914
-1268.2058201456066
-1589.3766834978956
-1261.6979990712564
-1387.1893388114627
-1603.514845011208
-1579.2368544152444
-1350.1043449661493
-1351.6153323131512
-1378.178011496807
-1209.8536306395551
-1482.0124869450235
-1554.51695011405
-1419.175130706568
-1387.8604048123952
-1313.4162624960813
-1396.966513534967
-1288.6188657257785
-1326.5118362789876
-1413.7441087801562
-1494.353760145709
-1548.1167039847394
-1290.366765361564
-1599.5551865060615
-1238.207442740064
-1568.8062954299762
-1362.8460751867306
-1425.0731831777593
-1396.25197129835
-1313.8154590505007
-1264.4666462915484
-1533.8173706165835
-1309.4170249312087
-1390.5263572116344
-1458.6811788736395
-1223.7380306708662
-1233.12666202903
-1288.2024587457638
-1244.7775643903651
-1350.2827295524562
-1193.6625147143834
-1469.3820764513039
-1270.365847785998
-1330.5912928006446
-1357.2740971439644
-1179.1781688969593
-1373.6257804189274
-1319.6597935157852
-1468.139319815917
-1427.479088397937
-1444.084377162305
-1293.1522434260432
-1349.0072241446082
-1458.4488196097338
-1311.0401971528438
-1519.7817499204968
-1366.9500074041418
-1225.888973324266
-1623.7384576095214
-1703.56362342957
-1416.9682472236595
-1429.8814089767275
-1323.049279212012
-1324.8886885324482
-1546.602076675199
-1307.720632300775
-1426.8796629667422
-1249.3573695205716
-1248.9548711987136
-1412.947868152587
-1312.5288319421877
-1362.2825388233214
-1659.9359128088563
-1341.4839299520263
-1297.036049612886
-1336.2100509949983
-1316.7621907678308
-1461.3650138195671
-1305.175791040116
-1554.0963462234126
-1320.202836242318
-1497.0160825343378
-1537.6360010184335
-1415.8420583267798
-1430.6611480001047
-1541.0945628817508
-1428.5440913481305
-1294.0549748810122
-1398.0367767203
-1485.974824694191
-1515.2586726779684
-1533.5090524862997
-1532.841031359951
-1498.4784286261693
-1490.0957030861011
-1481.257429005895
-1452.8982897945332
-1332.6585294657834
-1498.5491177597494
-1454.0487509062732
-1322.7794535856
-1213.351594028072
-1564.852396404881
-1531.99828389524
-1287.9402381175967
-1366.2466547161687
-1595.7154951432153
-1345.5385159000289
-1480.4446943644634
-1283.933043858807
-1369.8575048955076
-1216.7656838846856
-1233.2851597598592
-1431.8528571400866
-1294.402438438338
-1242.743279653894
-1181.3990058192774
-1116.4706994735193
-1587.0334626289982
-1218.4456749364706
-1222.8196734469418
-1347.1166153184972
-1462.5683280414537
-1387.1752218423328
-1371.590130867724
-1376.2834561896539
-1320.2413170687296
-1294.1427595080745
-1439.9191150977776
-1329.501801099738
-1456.4341833985004
-1447.1249187068122
-1448.2986387210392
-1265.5959503502283
-1525.6975469134031
-1113.986787509627
-1405.8164513230167
-1309.2192832090798
-1405.1517706417053
-1338.2903683636116
-1317.118277713157
-1218.2158796241115
-1456.829456681286
-1275.8038076165155
-1194.5536758155292
-1531.8735521680628
-1292.1480911099495
-1267.5849842816704
-1330.9109482162073
-1304.513476585358
-1163.6482745721019
-1261.9394647683434
-1310.957450208634
-1226.4556732576027
-1281.652042057675
-1144.8042996236097
-1370.8469220188601
-1299.1513051420425
-1122.210040399169
-1400.9980645280468
-1293.0349893724172
-1280.4531523569121
-1211.960219469448
-1169.1520855104898
-1250.7998061526182
-1328.8394117830203
-1357.9364004305012
-1590.651914235614
-1300.0544394261187
-1458.4713253738507
-1575.797479871961
-1393.6561233895782
-1265.5839575753585
-1361.461586243699
-1400.8804968284373
-1240.5590193372211
-1249.9648327285572
-1450.7739368549246
-1373.9654192609141
-1360.425544230788
-1329.2963050767185
-1178.6626171509113
-1174.7921683723962
-1492.5596789764486
-1176.1288243675049
-1538.0639738557302
-1403.3654767209139
-1333.7032093784378
-1370.490453189463
-1177.6064494338907
-1439.4245022319417
-1478.5921343974462
-1254.0333906989413
-1415.5650964403185
-1391.6820221074304
-1433.4342467853023
-1569.3522669219244
-1273.9337915944016
-1278.3512346098503
-1270.200511093433
-1441.068424605809
-1457.8972927472905
-1414.6023590318264
-1409.8539234106859
-1284.0177205544123
-1267.776232400418
-1349.0498065511956
-1270.3442471119472
-1335.5453779783215
-1518.9458797144944
-1307.1482172271199
-1462.1749535776953
-1412.6287214945291
-1426.2144893895993
-1325.8081624094548
-1382.0662706931153
-1511.2984049587153
-1268.8398229621314
-1462.4316983224335
-1402.412038553702
-1125.044888243023
-1368.802753715071
-1322.248820487884
-1336.0500362906384
-1339.1930897598277
-1377.2404189150197
-1647.941811433002
-1342.6150007446386
-1347.0436651148955
-1556.9673279594813
-1322.9514421256372
-1244.5162652396593
-1342.488414357698
-1366.8987497746766
-1330.107995447259
-1239.590748116022
-1150.6540817635603
-1146.263655595565
-1469.9646292067087
-1407.2736185030735
-1312.1553073832524
-1316.7130776993836
-1300.2179527569324
-1319.9264389242712
-1236.9117853319894
-1354.0239486976725
-1511.1343754941806
-1283.27240818445
-1267.4325853321411
-1461.6059295942966
-1304.6951928351457
-1366.6424809560542
-1277.4483257744334
-1331.5190864451015
-1353.1755631734802
-1508.1965439128617
-1363.5162524185607
-1367.7654301380524
-1432.5131618088542
-1362.103023781797
-1287.472827414964
-1426.8658801362483
-1253.045807434197
-1421.43760158177
-1152.485737685293
-1419.7417616206908
-1206.4369240721035
-1185.6454867637647
-1223.6176213146825
-1339.7144338069643
-1301.7409964385206
-1295.7878853730708
-1194.8935447720478
-1192.2904522230638
-1304.7319627799188
-1269.2426843725054
-1400.6366669513966
-1332.5164656679144
-1235.7591504370355
-1296.6493224922096
-1239.978154560199
-1290.6896371274534
-1355.466503321651
-1366.4131087689657
-1299.1088014120132
-1304.2269114028795
-1157.296260392959
-1224.439908395662
-1199.9614399201482
-1594.655207298606
-1342.3313077053892
-1130.5026655083484
-1323.4199145885473
-1344.5142418540108
-1207.1492132198982
-1231.9737447308373
-1217.396784395202
-1486.1862027828465
-1348.7987310388316
-1377.123548427385
-1341.3095432880064
-1316.72500854852
-1218.679347047248
-1353.3721565059343
-1301.6156669251716
-1226.50697040054
-1288.3735313570423
-1196.499607116223
-1417.0548179270636
-1173.9675445424305
-1264.798518892284
-1341.363413714554
-1426.2987189486005
-1424.4302281144223
-1348.0358185167697
-1551.638918565839
-1293.1179535779866
-1407.855876408899
-1206.2589653151397
-1480.583804656581
-1290.8880468239888
-1373.530642102245
-1373.3992806847068
-1283.7321952001953
-1155.2656788702634
-1358.1955750725128
-1162.1550636098902
-1162.273903238024
-1320.6493862299974
-1366.7863764006288
-1573.5325549810095
-1255.892002501615
-1321.8172873650449
-1312.3244895113621
-1409.5335152948946
-1254.155869024626
-1427.2761975426686
-1208.0441488597833
-1375.0073917092473
-1366.408510368553
-1389.392896341711
-1323.8974893712136
-1122.4961455468554
-1111.4319319871126
-1207.9837208597562
-1404.1967116697097
-1176.4077905944514
-1331.3090041464527
-1202.8157724726343
-1404.615722805134
-1288.0670297586125
-1282.3880531034993
-1146.8025449623956
-1298.1360188418194
-1441.3165043344072
-1399.7082483834008
-1372.2186599417494
-1202.1057963544285
-1151.2847784226753
-1328.937730391479
-1501.012093256465
-1466.1299969277834
-1278.1328882627226
-1569.4504032576626
-1326.2956458903375
-1329.7612112587258
-1503.0213007392952
-1417.4523166287454
-1241.492408935349
-1285.4617300334385
-1170.4721305857554
-1352.17275747483
-1252.579349831827
-1208.1615600622285
-1202.9173983648923
-1240.493553903981
-1266.4845212628625
-1344.556451921867
-1372.6052123619834
-1196.2283669790575
-1449.7859005929467
-1345.1547382097478
-1254.9746132657756
-1354.0262462346075
-1241.2336380281
-1319.5742374761376
-1243.6203062348504
-1372.1500057223218
-1243.4456056225138
-1441.4056553670684
-1421.5295078745867
-1300.0060853007335
-1261.2789560610875
-1284.3867160466907
-1037.2465168018364
-1330.0850566271902
-1328.3577489167571
-1336.6455718946054
-1228.0339342021
-1172.8289390958093
-1407.1421140594057
-1401.459336205473
-1392.3120127100701
-1296.799638361351
-1194.3907290447576
-1205.2743951235288
-1375.3331780656208
-1305.9631033489202
-1269.0193884036846
-1314.2468041286359
-1290.3893047114213
-1389.444397952284
-1315.9569508307006
-1290.448585777612
-1321.7384976182684
-1394.361372592482
-1563.2636329040158
-1275.4948708556562
-1191.5401202758442
-1458.2453952464602
-1436.5202900133713
-1356.1005120058364
-1295.322520680238
-1396.0804997363384
-1250.2221121917655
-1250.979424554403
-1381.8746832516524
-1493.4283911997982
-1121.8750032936707
-1205.714965437636
-1277.4240985428203
-1248.6629699059686
-1253.895402364427
-1339.6607411430405
-1461.9501938727947
-1335.4106302349373
-1242.2594484489846
-1161.013540562633
-1223.3387900001499
-1087.2742909976057
-1290.1935729835106
-1417.1285506114407
-1282.5167821977457
-1486.2869880260414
-1243.0768637611536
-1324.9923211069422
-1225.1984834723153
-1186.218640935282
-1201.27496378435
-1115.41877240688
-1338.7670603077165
-1224.000197495823
-1405.5079962572424
-1291.5659452786838
-1172.0019348824746
-1181.863518467824
-1309.5632475995792
-1325.3651132977507
-1379.2800401193626
-1372.7420781429578
-1388.3728099100892
-1250.8936320202984
-1299.9117612110235
-1335.4833564312212
-1340.067737791602
-1343.807484384482
-1388.707294420975
-1512.1252129111363
-1152.4500941593783
-1220.9554253083597
-1299.969089208052
-1148.0456295764066
-1350.1467474143114
-1352.169437795903
-1188.1867267232083
-1118.6012750030523
-1314.4963423029885
-1296.3366608287154
-1319.1271344890401
-1290.6584410225832
-1397.0765227789007
-1337.634874615611
-1226.4016363160815
-1163.4014685206514
-1236.0090697440764
-1322.019726404823
-1311.6511010054992
-1121.4276219649455
-1323.5385030893424
-1246.634080406915
-1245.8513225130866
-1297.0569247069861
-1288.1964844294735
-1439.0238722569757
-1260.9321282131582
-1259.776498843946
-1318.4909643285516
-1424.2376792845882
-1199.905887018682
-1222.9139589741173
-1154.1977255260438
-1288.6685113561025
-1279.438987983885
-1309.2832792418076
-1246.0194823616157
-1148.4967943296476
-1207.231190751099
-1221.372281178726
-1295.1564460157588
-1298.9816532059485
-1455.4645102541585
-1268.588360105255
-1213.4848762945792
-1324.9091425312067
-1283.649728518292
-1260.8252428126473
-1366.5385127173786
-1355.1267258984526
-1342.0228408746343
-1228.9801302271549
-1213.0660453455255
-1410.3093260147734
-1222.0845953401029
-1195.0437506033188
-1337.000661966198
-1306.3233290506316
-1310.046125146613
-1298.4831169395438
-1291.9988974330752
-1356.2688695191264
-1130.1605081187772
-1281.2664538750505
-1211.5192654567425
-1204.7386885233225
-1200.7388181881095
-1368.3145352073218
-1232.6420393327726
-1202.6244137984793
-1391.6364197099483
-1088.1629556820208
-1568.001278470992
-1162.2454822870393
-1363.0190791989162
-1305.8832496155383
-1257.2992573373685
-1397.378811027147
-1110.9152715546295
-1033.441124730986
-1381.4608241885514
-1243.2377932267132
-1206.3239652733919
-1434.5793049801848
-1217.4438133139436
-1348.5871853719818
-1262.6783187751892
-1260.5842357946522
-1174.7152747867028
-1359.532844403121
-1132.745721191344
-1406.5037549852266
-1285.2593987578596
-1321.9105957000313
-1376.460734153373
-1440.6679398318365
-1286.5064216449864
-1263.4900424174994
-1270.557873643138
-1296.4570630648666
-1200.812891412999
-1221.7077428675025
-1325.1830302822264
-1443.3212777689698
-1314.8290635697235
-1336.660212193632
-1230.3411956080806
-1169.3325254017996
-1397.1718487783403
-1190.1354651236277
-1635.128254058796
-1418.8746324033782
-1298.924670504378
-1221.5184891025262
-1288.8092487583453
-1248.2621020429187
-1195.6159635972626
-1424.3475351065279
-1261.9016944588666
-1123.393201753281
-1233.1540560518672
-1360.978348432348
-1316.6267380519057
-1236.2629154585265
-1209.0266254559972
-1178.4109839693444
-1404.1528286435234
-1200.841402993965
-1174.1196924675444
-1192.8683212495125
-1343.0324739868738
-1385.0429633099577
-1220.3488360490621
-1240.5778412514546
-1436.3447544846053
-1376.3880783110708
-1314.4244743023783
-1294.8312267707306
-1361.2515265717527
-1246.283984283824
-1483.6683762279786
-1344.6362072443956
-1459.5758148162922
-1306.0740330823737
-1132.0897864415342
-1272.9872724394902
-1156.3071519264502
-1265.9560475980404
-1288.9570142480452
-1171.618299793298
-1382.3189097490285
-1427.5751075242647
-1308.3717455440928
-1195.750550413912
-1660.9919408679395
-1312.6540714646753
-1195.643164255053
-1367.1377654013638
-1167.6957510711352
-1083.0856314790958
-1243.3628061703948
-1390.9711403578667
-1130.8934314968003
-1371.0550564685834
-1428.9551726863176
-1325.3401922525893
-1264.4403815323
-1273.1527199606526
-1152.3184843865474
-1061.2330788357704
-1312.0671594665178
-1181.855909274791
-1460.619890927933
-1089.5533781258052
-1195.3531166476187
-1228.3233704945833
-1113.9017034582507
-1326.461074481058
-1176.7733082280333
-1309.0557131893963
-1314.8340824972938
-1362.456654925887
-1476.9694297514554
-1430.4489428153377
-1157.6909087587653
-1317.4125855354332
-1220.6927863975095
-1285.539438624256
-1096.937790048595
-1377.4478828543172
-1311.4724245537773
-1317.8730895535136
-1152.9164972327374
-1371.2451745852543
-1250.2170974762148
-1197.5499491672397
-1186.0988980819927
-1266.215335953036
-1262.0524015042447
-1416.9732251606533
-1487.3490792397015
-1531.145015176801
-1327.3390386251494
-1318.6771305808315
-1346.1114490410198
-1289.288779851863
-1312.8863212137503
-1260.664155574319
-1219.72320909333
-1295.9916107903655
-1290.7983587260333
-1261.380924062293
-1331.630189625124
-1376.5258638688808
-1215.127561297646
-1279.7887114306704
-1264.869109545878
-1219.8817110324314
-1357.5839840717756
-1256.6193499024184
-1222.6023279215185
-1356.7505173702523
-1349.5522102857392
-1386.8507390887326
-1243.1106408540231
-1210.0417023051905
-1338.0672012303723
-1192.9318590335577
-1167.13995193559
-1285.4378722833117
-1294.1702459962116
-1356.0064181193447
-1286.938326316017
-1424.5637745997592
-1262.9897110979337
-1254.6140047373417
-1375.3335685527531
-1263.8587941710675
-1345.313788136913
-1151.0381993712917
-1235.9150162426863
-1398.2743702096395
-1227.9577880831512
-1313.6412545013218
-1329.4826774531666
-1138.8918114610046
-1291.3636639089445
-1251.714519065629
-1270.5195574949637
-1314.9647621693668
-1279.205992832589
-1235.8864342174509
-1309.7252061912939
-1288.0611674502816
-1205.8926184777383
-1199.3820561329344
-1223.1441630048557
-1191.7959688253313
-1232.1267822097934
-1126.6488578334847
-1285.14280511007
-1396.4805040126694
-1193.9793385989988
-1367.964567608271
-1244.6287451962667
-1242.7410991665993
-1270.7022707904066
-1309.12262329854
-1599.160829585555
-1253.1282524476655
-1413.9581758891843
-1388.0529359382035
-1269.9918087117694
-1302.050576009463
-1184.5813735813033
-1177.9503735275205
-1210.384071581408
-1296.3420269923984
-1121.0940114238751
-1384.0688032914516
-1162.0183514657929
-1310.5683252196059
-1332.9072575719586
-1261.0286493446106
-1348.3365301769163
-1067.5373293005002
-1263.5499063818456
-1255.7227874506807
-1279.4259786341627
-1340.7465572425247
-1329.5981794855168
-1195.6059139460333
-1319.3172684164356
-1385.6130889799115
-1245.7530655891421
-1326.0467488078557
-1339.1629988480695
-1356.2332240135474
-1153.1703953193621
-1183.8453776265976
-1245.2256244446755
-1264.0602053358273
-1187.9020526693623
-1299.5538716602725
-1279.031000602983
-1272.0299254199056
-1174.5442217127952
-1283.28049007329
-1287.5176782143371
-1299.9507354397113
-1427.2876661156056
-1232.2825349790612
-1450.0745340728397
-1356.6550045188242
-1277.9366265788642
-1373.6539137007503
-1399.8046484750082
-1229.251032940548
-1076.7750903456606
-1214.3627842658095
-1329.532514395785
-1275.5199687452127
-1277.6036091787282
-1185.2518411006135
-1178.4833036276968
-1330.835671026432
-1297.8168211342945
-1258.196337593742
-1425.7044291418808
-1256.8317954212464
-1189.0114573140454
-1242.1248996107597
-1338.0452519592827
-1347.830798454445
-1370.5233152548699
-1345.0304657534252
-1139.1177628660216
-1255.225129027468
-1333.952673348675
-1235.0303688365045
-1185.8043538729792
-1180.2526751864505
-1199.847187715807
-1202.5552246866857
-1399.4149019933782
-1424.0210464517907
-1406.0278927020984
-1377.0190198187702
-1292.1932420078538
-1252.9161324661652
-1285.226693214664
-1373.747427042998
-1247.5196295936112
-1202.8926077221465
-1430.5775318210679
-1314.482518204608
-1305.9793094039064
-1218.6544441472934
-1224.1646784595425
-1205.1736198670762
-1187.8550920300324
-1435.7316146820779
-1257.5102009744478
-1157.7180869567972
-1286.2220249074119
-1151.8535183136398
-1253.09811666692
-1146.7357828965514
-1115.124752272079
-1172.6283992234903
-1238.0677036437419
-1263.2037739865707
-1296.4366005167208
-1263.9938457950311
-1342.008374323887
-1200.76305720076
-1208.969446746858
-1243.3218324971294
-1184.968252239409
-1353.0618974381334
-1306.6877494484047
-1455.1815297634644
-1151.8097204799478
-1302.2858188022146
-1157.2659762722792
-1320.460653386265
-1340.4889945609689
-1142.3315426588795
-1263.352100922146
-1310.980310934362
-1342.7609473701204
-1227.8923156425492
-1252.9406062954856
-1295.0320821907083
-1162.5448779033375
-1193.5432625925382
-1282.9423573308782
-1313.160064119336
-1154.161633266675
-1174.4599622682179
-1304.0064994236948
-1109.0026515338734
-1232.28435658925
-1221.7175246363208
-1177.7023227918605
-1052.8848633834825
-1301.1280951650608
-1310.5024628499093
-1191.4976502957263
-1298.6680087406967
-1253.11057935184
-1348.2506707153625
-1321.655545553355
-1362.2838963073632
-1200.1481789451743
-1482.4877103743463
-1298.7441286927715
-1164.6217246606207
-1273.582745213959
-1317.7068756217714
-1191.3732187553205
-1170.4631697991076
-1349.1838856290776
-1289.358849224938
-1298.1769075523296
-1391.4414408472226
-1266.009646055772
-1241.501264428818
-1180.2534636404428
-1220.0258287477059
-1113.5801403865532
-1251.7973360725364
-1144.7244666622958
-1260.2511703114708
-1295.7157085396057
-1259.0365474804366
-1265.3166210914042
-1237.466797664193
-1143.609062756794
-1249.1605060464851
-1349.076806169344
-1257.6730750668157
-1100.4661304396284
-1150.7183035025434
-1315.1724718690725
-1226.9708637912088
-1219.9811870736949
-1258.1141919304346
-1029.4863781033869
-1335.2757837912775
-1315.845262767814
-1251.9619466154645
-1321.8755802296375
-1209.1311058169329
-1224.4227761971622
-1199.2939679162725
-1214.510685594236
-1355.8763126549936
-1608.7936494567687
-1151.7371374221673
-1263.4893193458122
-1271.1999211311177
-1253.8127962000196
-1147.1674951277064
-1353.730222311956
-1292.4371655498635
-1147.0834673092356
-1143.7202167819512
-1187.3058267076544
-1322.2955043844117
-1318.313305513023
-1241.1682599096353
-1157.4986706792797
-1179.9493741306994
-1415.7935487891336
-1393.2819679983331
-1365.939565623016
-1267.2591010603946
-1263.1276417560657
-1197.357186740476
-1229.502197143201
-1174.5657111504695
-1230.4968896154223
-1103.2964078966338
-1297.6778096570906
-1289.4361780823529
-1262.7187765032788
-1259.664780371396
-1302.5481603960116
-1358.444163650645
-1324.0469677129015
-1145.240673745931
-1214.7943643302858
-1260.073897924763
-1240.7371797895694
-1479.282827034866
-1258.1782869941053
-1351.9816925654068
-1242.0494549581317
-1350.189146095685
-1220.6356291238933
-1234.8602521279718
-1229.9709018023323
-1290.81709380675
-1361.0792409946469
-1331.5318359547675
-1277.6821741768335
-1237.7851835329507
-1335.2689371578463
-1339.021886841065
-1206.9952982108518
-1171.5632189883072
-1374.3503156436836
-1191.9918142222393
-1343.1696832895896
-1200.8714183383672
-1296.6855181609362
-1217.6087427566194
-1259.9655622053888
-1180.3181321839782
-1059.4122571109722
-1281.2815407770213
-1407.5979512842468
-1328.1759510370457
-1230.971744699692
-1113.1126397117248
-1351.844354730843
-1195.0637639085826
-1286.1319795249804
-1223.699018700686
-1132.3507255629463
-1128.235287799413
-1215.0803983010774
-1140.1272778882005
-1269.3047703476577
-1275.9022096053532
-1114.9338827347103
-1116.3689100130214
-1299.9298308445157
-1280.625112249233
-1396.5892788828742
-1171.4643134304602
-1189.918600074747
-1256.8795035096746
-1286.8783800722472
-1228.609309187772
-1100.1921667077827
-1409.5304670137623
-1275.474965815272
-1297.2742752125841
-1170.647349819017
-1335.669680749872
-1221.8060751573857
-1313.9671886195492
-1269.5015070032887
-1409.2348692586738
-1278.1162602841698
-1049.8588026223877
-1201.8433762070722
-1313.5583029446398
-1247.4892173139106
-1411.0092855768494
-1203.8967351360156
-1404.7414197929522
-1286.1626004849816
-1506.7944332615225
-1257.2478900812557
-1110.3032505648464
-1407.2774841181235
-1244.617590686771
-1274.238356583684
-1341.3536291930052
-1315.5734440969568
-1227.2057163357417
-1355.0306368029753
-1250.7084421227878
-1306.8875936122765
-1397.9722984857347
-1371.7112859434249
-1389.1924791450028
-1301.1482496671974
-1206.5275303142437
-1210.881376911517
-1283.3034179033039
-1247.0186187137926
-1242.9275733905715
-1183.8342540079589
-1254.3861416776565
-1386.5124232109956
-1211.6611446539382
-1101.4617214748607
-1144.2404416814459
-1193.9385199767498
-1274.4488754320798
-1128.1430801329254
-1227.3776761368742
-1316.0222620696834
-1432.9805092599538
-1250.3641978399562
-1212.770768561763
-1189.0871278666689
-1378.0864632165644
-1262.0620770179085
-1289.8406315546845
-1297.9025358292772
-1289.9546865947395
-1139.6652210962352
-1309.1906420154482
-1213.9784729861933
-1364.3532807751844
-1138.022031260226
-1221.056718487053
-1186.155720675874
-1280.1884698863785
-1215.4465498597565
-1362.601320226391
-1239.4867737629038
-1181.5291265546837
-1371.5486611805
-1352.0001277136453
-1156.2333107311952
-1171.6793064244264
-1096.6255498022035
-1232.3290862415156
-1225.8264026495208
-1266.0062366819986
-1246.353907004961
-1325.4055290226704
-1270.829187400083
-1162.606494232279
-1281.545757046605
-1459.2791217284412
-1374.0018154102343
-1114.9938988310755
-1271.654561032438
-1210.925095642822
-1388.475391575123
-1297.467942635516
-1249.920910686726
-1249.845604512746
-1323.05978173132
-1268.2743340566667
-1285.0413860191356
-1417.8625452688432
-1218.275854779833
-1273.6050260816878
-1072.8282404560039
-1278.261036648989
-1264.1278342284818
-1317.0886193029883
-1286.1451288544745
-1276.338288246713
-1288.381527046162
-1342.6823794960183
-1215.1106399576918
-1114.445445658738
-1292.915052297537
-1312.5852045164681
-1256.700991402211
-1193.4362507788262
-1118.3500738104128
-1251.9214894749584
-1166.7838841684768
-1244.1278995653438
-1234.5102551986065
-1328.592280019383
-1190.2194623343146
-1247.1751266620604
-1303.3852173036676
-1278.513988128643
-1288.2800726929881
-1147.8343190402518
-1127.7810393668713
-1133.4030509595584
-1145.8224877664545
-1156.6848894855284
-1185.8563585400702
-1197.2218732035433
-1287.1957729900623
-1214.2356617726405
-1175.6668948622937
-1127.667530106341
-1334.1886140307533
-1343.2476692641142
-1270.2129431466392
-1327.658428140181
-1458.902166290135
-1134.4119330089904
-1297.1705973689232
-1197.2085349345684
-1182.719068487751
-1195.8621858071756
-1412.9722627123938
-1319.0699731978993
-1204.1680183363303
-1253.5577014205237
-1177.9403797291204
-1162.8734952829125
-1243.2633584854063
-1276.1912759157897
-1326.918011272107
-1211.4464045625857
-1418.19882050721
-1327.3692451742427
-1227.2060501409503
-1314.2495582122503
-1178.9668679702702
-1218.6834618993073
-1348.3389021165078
-1337.155303703586
-1158.7110789094156
-1296.9747550783356
-1349.7881922608144
-1309.4180555084579
-1199.9905750437295
-1260.880548110121
-1357.11967845349
-1262.4882418481582
-1168.6542801583018
-1411.3147922147334
-1241.8413914730918
-1172.1501214577052
-1309.409116977421
-1359.8888667377678
-1126.6120550591277
-1222.4243810745413
-1146.4753000658309
-1160.2501305285357
-1336.2627435290515
-1179.3563012272043
-1142.3286146190296
-1271.3206472543775
-1337.3842284913785
-1150.933563924957
-1262.171784373929
-1305.6477453425657
-1071.814403662361
-1240.7616915490453
-1252.9729145622348
-1184.002000367003
-1216.8462339040514
-1243.4217562347467
-1278.766151998024
-1148.298827770174
-1133.537279127753
-1213.8631297861803
-1215.047035045468
-1164.8860214986828
-1125.1747893964696
-1101.2111874623001
-1287.0266638841524
-1158.9931832029592
-1353.4168359595299
-1230.3752416825344
-1153.5972829074137
-1147.3390668759532
-1316.3009212259803
-1198.6710740455028
-1302.1316387020306
-1244.3574803123233
-1144.667663335478
-1183.7541641262048
-1310.048393382689
-1392.507814416333
-1193.9124587171814
-1273.739801908554
-1240.1278920542118
-1532.4962045017433
-1290.368391908467
-1147.1027653752892
-1243.0149004209163
-1207.8745821248342
-1252.5728523244347
-1297.6725317338173
-1237.2506696876394
-1221.0061483616819
-1304.2469041177392
-1187.1256696002388
-1237.6758459930502
-1335.217612436947
-1189.5171895125739
-1308.6184359947702
-1202.1537919608413
-1305.6126252375534
-1332.2822914440246
-1278.8538304147423
-1393.0416520598824
-1158.812482103258
-1087.8629250824306
-1400.112545545113
-1234.4843709004417
-1361.7574364021302
-1236.7804523447971
-1361.8626173308453
-1258.010353066475
-1230.3264355977694
-1217.1672507859275
-1098.8869215962418
-1354.2212463761996
-1237.613885288729
-1186.7790261730834
-1284.1362359086963
-1152.4467614421926
-1272.0283464683698
-1247.7345609890265
-1214.554903885994
-1122.8823861844833
-1386.9179896497267
-1250.9735238570238
-1175.494650900382
-1242.1648438372945
-1199.4582828690884
-1287.279781198187
-1371.7932246665912
-1116.5915628279279
-1401.5561899629602
-1224.815796353261
-1303.0791343587925
-1230.4921855207563
-1222.8707993126263
-1285.3839495850107
-1158.0529392459873
-1110.1196622338728
-1268.9652464116489
-1357.7334991567584
-1241.1745856075595
-1310.9973478742024
-1238.6943677623358
-1342.1532479027792
-1238.248503318294
-1238.3360595437844
-1272.9102311234103
-1255.8274762151905
-1170.9424188516366
-1166.4142891756599
-1181.5972275662382
-1404.403813151919
-1232.2075467239636
-1158.8720510325304
-1116.8531098356482
-1236.3215644159507
-1336.6226516782547
-1341.349410320669
-1230.2104559952159
-1310.1567858250487
-1235.993153668062
-1149.5528679367703
-1296.5566321719964
-1426.5511296081095
-1281.8857129641074
-1409.453539370076
-1148.6101944395193
-1236.1143277280753
-1317.32110255009
-1196.614693574512
-1352.8142779672398
-1247.3972647081919
-1282.292837925902
-1224.5713790557402
-1054.038484378543
-1272.4521889612072
-1255.7469387976962
-1246.7393311961641
-1194.5754285219089
-1271.4572419556134
-1341.6189339646974
-1228.8300685161353
-1226.5968930109927
-1219.0955620603925
-1194.8723461308844
-1249.6658614572034
-1153.2468365882619
-1208.6704581659483
-1288.2228484382065
-1342.5029925437375
-1167.2289348645322
-1097.6844313301804
-1174.015410633632
-1243.8739580857919
-1280.8914148972415
-1262.91812769277
-1279.604379088919
-1140.145402829339
-1235.1543093740693
-1281.5309898124995
-1357.096828179923
-1281.7052633884177
-1343.8200981473162
-1198.4959868748208
-1294.4036519261065
-1194.7752013441036
-1115.6542024641046
-1299.9544730602765
-1313.03875065724
-1343.2452309315254
-1324.587637565488
-1228.832783489442
-1243.9032687977
-1306.5404716663954
-1176.0053578174247
-1220.6935190485947
-1333.4372969253643
-1178.6292683077188
-1208.5715801972397
-1300.6969571167465
-1091.3074959034273
-1344.5072817923729
-1281.3627293154598
-1208.5868698791592
-1127.5842949829666
-1256.4793376041373
-1190.3110848160889
-1117.638800468294
-1141.3595795431247
-1130.399640835392
-1241.082782402481
-1208.073727902747
-1034.7253933784316
-1262.477712896276
-1216.2656858956238
-1236.6414443407093
-1297.8791893833431
-1248.7959167168362
-1242.3903736704528
-1110.4077058173266
-1285.2034040941264
-1097.4856271378476
-1083.0438315854196
-1171.606850024999
-1262.2947373204552
-1200.4316084319157
-1161.608235001412
-1259.280260758359
-1157.4002849720318
-1365.4395318654533
-1145.060074609806
-1370.2915873568609
-1394.1359387335274
-1138.5964564950623
-1211.541099407704
-1257.0210977421139
-1218.029244566466
-1164.4110829504853
-1281.37772209818
-1109.59288224973
-1218.4363806341646
-1226.3167933549123
-1256.2589691709668
-1323.0309067105009
-1115.469779576888
-1403.421908932098
-990.279770783492
-1154.694472775988
-1200.5469479652536
-1142.8118813622984
-1387.8622068011045
-1285.8023687150187
-1111.4805684235773
-1203.6811496930957
-1170.5073851807865
-1241.0873275811452
-1343.688914957352
-1061.4023503999995
-1224.0095132156412
-1305.207618040465
-1264.398463199339
-1157.1758474767396
-1313.6097595507529
-1209.9897143526614
-1331.0482268257767
-1120.8393896642815
-1202.0027205739304
-1264.1257690127673
-1287.4023956058718
-1253.5767764749344
-1282.7577697631932
-1350.4911353071284
-1235.4595558741212
-1295.4464335663724
-1257.7175331820752
-1103.4992812317976
-1316.5643558044276
-1216.4993345539763
-1256.5643602612645
-1189.700020681058
-1138.9179728013844
-1230.787420229015
-1270.6483023575915
-1244.8718923352978
-1413.7505449157052
-1266.5782381825693
-1313.5196165608675
-1319.7523396286347
-1167.9671575305358
-1217.9919079796946
-1257.416063778025
-1132.818604396897
-1261.1261413633256
-1186.9205271417595
-1210.6885035336427
-1277.7467451809612
-1133.5245104295457
-1147.6339098895776
-1217.2414149687563
-1222.4882561322463
-1382.7823599461065
-1162.104539994728
-1216.9436463342715
-1341.6091138774816
-1238.545371089096
-1316.681976166884
-1261.11633431133
-1192.7515858338547
-1194.276260663243
-1286.725388499674
-1322.0701526464077
-1219.3059991504847
-1258.217756698314
-1192.379423593342
-1357.2452947762267
-1167.6566037783539
-1219.5671259786552
-1178.0916691022112
-1310.6405814548834
-1309.4062628057452
-1137.4345039794548
-1248.560847006376
-1317.0705900294206
-1229.6308550044696
-1378.1117874950332
-1248.061019522914
-1198.0612530495291
-1168.0457723946681
-1202.7891002110462
-1233.261999415272
-1276.5898320454914
-1231.2015000249685
-1295.5699616924005
-1367.93740674728
-1176.528346555129
-1123.8851659518145
-1345.74931767595
-1175.597870209118
-1201.981315596366
-1190.4108157328951
-1181.044198184223
-1297.6973332195478
-1333.5573332214124
-1468.2712044844397
-1265.3208852969353
-1311.9156769712883
-1062.4159948921804
-1147.7569473108508
-1137.189533883193
-1177.1526271552943
-1056.087082126328
-1259.74165323732
-1417.9245433141243
-1248.4260541736526
-1419.7766464498186
-1251.831062898588
-1256.0654362330279
-1260.9077692302258
-1203.1663401619273
-1215.716494996374
-1225.471338504619
-1185.6998906071537
-1248.1764336677834
-1306.092110635762
-1280.64514378972
-1242.7678653962685
-1061.4985201969441
-1242.1111802261846
-1183.375476562015
-1293.7402448525854
-1233.7790022569268
-1229.5238276288364
-1297.8728985472017
-1361.2258813095839
-1246.8058883895953
-1225.3083605144768
-1179.1650850465353
-1200.3775030655345
-1202.5847470178066
-1212.6884245480426
-1201.984025008636
-1296.3796000514174
-1254.2411554837229
-1231.8800346163998
-1329.6024018229716
-1179.254232773862
-1247.8572784389673
-1376.594003068149
-1334.726666557795
-1328.1922820409343
-1183.818779027636
-1341.8225503934605
-1135.2225051111507
-1313.1219611436927
-1206.2197666717238
-1230.3671054232154
-1285.2217129218025
-1248.514475686996
-1252.2151258760443
-1419.2188072101887
-1231.9845542085504
-1246.9711470926673
-1299.3817507510983
-1304.465381361004
-1122.8661124907865
-1224.8805925496106
-1356.7462896057489
-1270.0456699974193
-1215.4000156965576
-1193.161351171483
-1205.1389932070372
-1222.6520696969917
-1375.0121544788171
-1140.464127767965
-1131.0955661782543
-1181.274670911746
-1303.0772276450652
-1237.5061227618405
-1283.4200258739093
-1293.7651745584778
-1197.1419950970867
-1216.5970540635717
-1220.1514219033359
-1247.0566036202872
-1206.1981091503676
-1276.8504720973124
-1217.8957682665061
-1338.9136856879645
-1173.324451351725
-1267.9660878265886
-1204.0128396752866
-1261.968906014935
-1228.7365124192477
-1184.4942973279676
-1338.4251151672943
-1257.403365274379
-1276.4393927483711
-1341.9942318258907
-1086.0661579525647
-1276.6455618971954
-1317.3316867366993
-1243.2237589859737
-1266.9322772114
-1164.9427443815828
-1078.404285726284
-1135.8837200978558
-1362.4666446747897
-1251.0327493138036
-1197.0487982566106
-1138.4763507051587
-1276.8305404301066
-1203.9801124062851
-1197.0087635455438
-1067.1805098271689
-1346.8009907137393
-1364.4505037547426
-1364.3330875007232
-1423.776654032255
-1194.3279948287648
-1257.4798132158508
-1166.0131854631718
-1277.6341854973648
-1305.9342922420824
-1267.7161543355505
-1160.8636907305881
-1274.08964349492
-1219.1309830984428
-1195.648742013781
-1221.3906210365678
-1101.2110307734363
-1260.2428604457762
-1315.5415197752754
-1338.5750113045879
-1238.4088774425372
-1223.9941756518153
-1161.3616944762564
-1231.404490484937
-1218.3343935542753
-1350.103899350498
-1354.1471240596536
-1173.4780627966884
-1371.4315093404266
-1145.297961405686
-1171.8714064154808
-1294.731034461137
-1300.7323244351298
-1395.170927484016
-1186.3366084189095
-1211.0249603343298
-1281.2129415318104
-1406.4367826740367
-1134.48815106671
-1239.8583969281917
-1169.6943141704337
-1283.3982862770856
-1169.7184639136383
-1225.015597678797
-1149.3018601715644
-1199.3853862109045
-1183.5543737540524
-1142.030402278431
-1246.438905003879
-1238.016282175945
-1280.390647913862
-1166.015062528875
-1267.4656900417065
-1200.3537985820358
-1153.4378552969763
-1187.426446515901
-1349.1985997869408
-1208.5577782239197
-1398.247794819038
-1307.5021803238842
-1216.3245138321145
-1351.3591394016375
-1283.0323431185047
-1202.553461679378
-1182.8851972786856
-1243.3899937099059
-1211.0471584548366
-1288.2343200823661
-1237.7748275736053
-1293.9263345692598
-1279.8726085901685
-1141.4711921648593
-1254.398625607643
-1083.9889714436547
-1108.5385405593493
-1326.4298191017615
-1156.7312993790504
-1325.5497269372281
-1193.4312678067054
-1320.5040340764917
-1159.6343431809514
-1163.9225898919435
-1250.7836281127986
-1340.1695822131358
-1216.9068311905487
-1322.6974656428479
-1270.4807538342168
-1284.4107025268459
-1351.8293097338
-1268.7702981912598
-1376.086736438453
-1258.0564205203555
-1266.0948644771065
-1277.6334477930154
-1285.5887940891246
-1269.8569646714068
-1160.8558230071683
-1287.3090167316936
-1202.676364393766
-1245.4638031667828
-1176.950993423656
-1149.772305325752
-1140.4540100605643
-1213.2852950284207
-1073.2310709489907
-1280.6556963252096
-1240.0525369042962
-1146.4460180390172
-1282.3620980822761
-1248.6944771250717
-1332.8298921079843
-1208.1677149328823
-1319.5300719160814
-1286.896861795413
-1308.7671189876198
-1131.4365197577015
-1187.4541433677825
-1288.7349927594505
-1202.8418775900334
-1215.1151047142744
-1270.1038469888936
-1219.4469618165508
-1390.5443241866326
-1197.1211841620486
-1300.026016765062
-1175.8753732715531
-1348.6468091836687
-1345.1124595416259
-1129.076482480253
-1126.9422337611747
-1185.8870611075506
-1232.7884985061742
-1149.2063584051039
-1179.734222817667
-1317.971519858437
-1216.1512162301472
-1414.1705634170714
-1190.3843569369217
-1142.8273218078066
-1168.0223506175569
-1240.8066638519995
-1307.9621115348832
-1157.0226036670508
-1172.484136692724
-1229.690269912452
-1277.8826703068755
-1129.2407285656534
-1166.5082018437065
-1141.2068131625708
-1230.0805200008126
-1323.914916494513
-1203.7493210774855
-1353.0640026709323
-1204.4122681075646
-1195.541274797956
-1124.9094721522515
-1212.8523176278666
-1168.404929825017
-1282.12549967661
-1299.14608681039
-1289.8686743595963
-1107.3744709242662
-1264.980883497929
-1414.1938769698772
-1448.1162298784848
-1214.592633299617
-1246.2697024339548
-1323.7797654050619
-1109.541858641173
-1090.8711226215228
-1278.0293509781332
-1141.0713085502446
-1132.0408256649687
-1112.068898290804
-1355.00661209037
-1251.2194040050838
-1177.4169677254056
-1287.3195529844818
-1336.0797244598248
-1138.1804849905586
-1269.4599327160504
-1295.4921923418608
-1130.4124888736549
-1390.2753831614802
-1218.9680366743112
-1341.1213641865234
-1184.4705087048137
-1175.197269965501
-1235.5896101762055
-1276.54120243071
-1133.4440390421812
-1275.546492111886
-1431.513922671069
-1289.2255490075224
-1210.308652591966
-1217.8223818122938
-1221.8609626434782
-1274.6702193019273
-1179.7375500537419
-1319.5247952734485
-1184.9751968907465
-1312.7013485755663
-1318.392423454967
-1229.2292259479123
-1305.3032684618938
-1365.9924840900344
-1165.3722098004928
-1152.1061498889962
-1234.242481812627
-1247.9800487383409
-1236.5668276008257
-1104.6732194948065
-1282.7136926335713
-1208.7487794005167
-1308.6731314583135
-1195.7605569711566
-1361.9933527891071
-1313.3374112790648
-1085.3420983915157
-1315.149092463895
-1215.8676949577773
-1307.489690854175
-1230.1233991661384
-1246.4289077346598
-1270.6740673689678
-1297.2294694948703
-1192.913612646989
-1267.1464657953582
-1191.1008090144549
-1172.8544071210765
-1244.6451589962523

