-5831.611776534319
-5223.663957270021
-5686.917269520488
-5690.3038324800455
-5599.7802024011235
-6233.052649488476
-6015.409169962957
-6450.051621987494
-5318.669089522835
-6249.442023102953
-3988.763866390898
-2672.4952529650623
-1604.767887000552
-1878.3101444887852
-1667.9231680128632
-1680.765749373265
-1580.2917569175825
-1690.7666949984923
-1580.422576524628
-1478.1102457600991
-1561.6681761964028
-1552.1761877229749
-1889.435515409524
-1626.9934206769844
-1721.0812572349132
-1490.2534031979017
-1403.5826264913476
-1624.8309837187353
-1712.634240675245
-1338.0627643488087
-1566.853026919852
-1413.4713157093443
-1474.315571405547
-1456.427998950734
-1594.6386922619688
-1657.9105696890795
-1277.6763943653873
-1567.8693294239147
-1385.7035859834104
-1372.3158238587996
-1567.8104670432344
-1535.0032144466961
-1448.6022420949746
-1633.7751709852926
-1418.1436755706434
-1401.3348674235276
-1590.0919991328337
-1391.1178697880805
-1383.263550446287
-1627.9029097149291
-1331.5294293464112
-1522.2638036578055
-1681.2397817356589
-1411.2356073071135
-1526.731478912683
-1307.2339503343132
-1486.3093925598787
-1427.76887309034
-1507.7552880830344
-1412.0917497470884
-1670.4630827197025
-1485.1170459866053
-1372.5753644217523
-1512.8663499537383
-1464.765848703569
-1477.5090502437413
-1443.740287942007
-1218.7845226855045
-1431.9581227185502
-1372.309169742812
-1159.5028441592897
-1347.3364912670158
-1468.9104831629702
-1484.0528577878958
-1484.9485970717951
-1436.1438300250393
-1380.608420701086
-1332.527653591161
-1706.6248913041682
-1421.6967553658358
-1406.3780873080502
-1383.6398136592088
-1381.2074993748552
-1418.337723653291
-1696.2046459395979
-1541.6014985125153
-1464.8245527152028
-1331.6717740918186
-1532.8241370721134
-1413.7099423112904
-1302.3779318230295
-1254.7887743278636
-1552.0267800743181
-1478.7596513953874
-1286.3379583406665
-1463.4191270494457
-1362.621002924188
-1418.502834233616
-1394.8520932981046
-1360.51404595703
-1427.485003115763
-1421.1636642906137
-1361.7938271550793
-1504.1404004140313
-1351.5248976079527
-1311.1838004493204
-1368.6703878044527
-1291.6862780958324
-1443.7706281476112
-1394.1639305338012
-1467.4766205555243
-1313.6322977210718
-1417.357457346461
-1388.9856868518355
-1343.2333115040342
-1680.7395586803514
-1398.643034378373
-1568.3281124870855
-1378.3702601741409
-1343.9547428368533
-1335.437311427546
-1413.8883484522894
-1265.9216496953027
-1425.4576507825805
-1306.3857779842256
-1366.957012007592
-1335.5271653038133
-1286.8565020681804
-1471.9951391497377
-1347.6228136512784
-1352.287964516632
-1443.9027042629991
-1541.0633904060085
-1298.4167644871768
-1192.3433372904701
-1323.3228278456622
-1319.087769280884
-1595.8882441584087
-1478.2687745362437
-1363.553318745044
-1522.4279261368713
-1370.6445925704998
-1493.2146685144826
-1389.69002489676
-1313.7513108436979
-1400.186397591099
-1348.126698326534
-1523.8240595911366
-1524.2238404760146
-1387.6476842821803
-1201.459077152549
-1341.1242482257155
-1444.049062382032
-1256.5837741059195
-1366.3520228916495
-1259.1154530992358
-1344.1121681329073
-1466.5027355691946
-1257.933201161146
-1303.1479304130162
-1247.524884596613
-1344.1554883792833
-1260.8866945379768
-1422.0417009160537
-1540.1295522368944
-1408.086568680421
-1365.696481236945
-1160.4562625715669
-1631.167864986043
-1330.740953895459
-1330.016243396698
-1214.289391217992
-1517.3596039250497
-1324.9442825165204
-1556.6018715831683
-1409.053307863052
-1745.7775279714733
-1396.2824041372148
-1233.5184241448594
-1372.0072555165245
-1353.4926837596759
-1388.4942843638546
-1294.343718363487
-1197.0481288443013
-1332.0657498005914
-1338.1759568312816
-1314.654792174376
-1357.7257122465112
-1175.9274091107247
-1370.653828814461
-1329.7974948462806
-1383.3434067087287
-1439.7374625109778
-1386.5783743091583
-1280.3749298379462
-1285.1766673772609
-1447.6491651684228
-1330.9833382927425
-1460.5954448850828
-1430.584533932942
-1328.2393924851633
-1565.9408765309122
-1509.061288847055
-1470.7816711932471
-1408.0499806545595
-1339.4947671943862
-1360.7636705780017
-1418.1511278926282
-1260.1076827873867
-1294.38712292648
-1277.3070330195862
-1286.4316878489099
-1508.6122983134553
-1450.4045687209366
-1379.8103459830243
-1515.9290338908324
-1289.7401499736743
-1241.7061109915103
-1313.1562830774278
-1258.2559925425319
-1389.0531064097281
-1374.2639512746712
-1600.416463065454
-1342.1648814872829
-1215.9883435320037
-1382.3930642731534
-1247.1814767699477
-1429.1723812133805
-1258.6217558929095
-1296.2157180016002
-1116.1191211060736
-1366.0745784702904
-1283.1972467264704
-1414.3645253531445
-1482.703417862653
-1332.919662996724
-1534.869870168346
-1627.4176399239004
-1606.4504607209956
-1395.1155194292428
-1234.9266685956993
-1299.5094371625912
-1173.983903603705
-1324.6288322749244
-1459.6200226715605
-1319.8630595156528
-1297.5379976590668
-1366.2791854556328
-1347.250387971998
-1242.6555604116154
-1234.8905382219552
-1270.888630018972
-1239.334355157146
-1226.2824418403122
-1255.750202603649
-1248.8681961082566
-1322.8911354316579
-1352.044066096994
-1197.5410475970891
-1316.2369529531404
-1121.8868652225087
-1440.3938520918302
-1371.361172367454
-1185.7566576551587
-1219.3017547831785
-1287.2487036362538
-1341.7590876821846
-1366.5668162076292
-1331.457590411198
-1329.3063349066308
-1311.8344358946097
-1263.1362186724295
-1339.946707878319
-1438.6401232430082
-1413.138594180082
-1306.5921630756102
-1589.5413007362358
-1382.089677800469
-1167.2405693403557
-1371.3495550396385
-1205.6144679530005
-1393.06951619015
-1286.7865999440598
-1308.3442423190727
-1393.3329498207477
-1403.5458773370115
-1247.1739069191199
-1339.1637605480364
-1334.0875076595182
-1296.608427885858
-1119.5503554460324
-1464.703593954236
-1236.2971928436
-1138.6256346169785
-1183.4332199261164
-1247.789289360032
-1250.3731906420292
-1329.9581518229843
-1213.1155366524233
-1366.5658742093708
-1357.336354667814
-1250.8293562251847
-1276.1850155006166
-1183.021975136958
-1405.2323510666456
-1337.9370520025468
-1282.693592108929
-1324.5247619426245
-1351.4892053390033
-1529.800875308596
-1389.6732729913929
-1364.9628308192139
-1475.7708135033356
-1411.1192907128843
-1274.058434054743
-1273.9745515789318
-1430.0230319717773
-1332.4124416720297
-1278.4488110506145
-1120.26300888921
-1455.9408406195903
-1238.4650128462424
-1296.394031471023
-1338.083692101638
-1217.8819361318167
-1185.6253003300815
-1291.5943318831178
-1196.2893841772373
-1614.349363451645
-1387.803876654608
-1288.6289940945796
-1303.1815265035484
-1220.3310965379133
-1395.1840706640246
-1536.0046355207617
-1312.332020110304
-1417.662841085683
-1446.3821678617892
-1292.4907386435775
-1417.0965220406324
-1291.2690315428854
-1275.5290800671864
-1328.337659218484
-1316.3843537878486
-1315.2806326943864
-1326.0517118436212
-1293.8438013843574
-1264.087338071234
-1217.3066143242218
-1268.9804677452955
-1351.4420317234933
-1291.6111206269707
-1548.4229466802838
-1268.7668917941212
-1293.3226823281657
-1293.0421971210462
-1313.1618647791317
-1265.2579036895559
-1470.3556192446567
-1400.183397651556
-1292.212749067641
-1501.4548672839942
-1297.2291039447127
-1086.8835439258812
-1316.133039577244
-1351.3683417449765
-1303.0680739291922
-1223.0452745063417
-1414.9900946823777
-1314.907795422303
-1422.9421031281604
-1208.9337109739022
-1409.3617486920366
-1262.0975608838567
-1192.2023888386864
-1158.0178362450404
-1325.07766190637
-1572.3843388581972
-1232.7680174650507
-1306.3212903351216
-1261.092719960888
-1331.8262204326818
-1380.0369582033502
-1260.5688089157786
-1381.506928640306
-1259.8524170542998
-1344.4765564821662
-1316.902199527988
-1293.2328782630939
-1414.984659032689
-1329.0405483814125
-1572.944750190844
-1453.9207167429367
-1436.002100108626
-1415.0055270609187
-1266.906212842096
-1317.6720933219485
-1256.3072611591958
-1428.8358612834172
-1448.4681159844156
-1223.3613221426583
-1376.8914743177634
-1387.2981990168953
-1300.99683286237
-1111.0171047522977
-1402.6408149526933
-1319.3183612718383
-1185.4190203463
-1341.6572281801061
-1344.0663015111631
-1247.057859459309
-1273.4804901290681
-1360.8191480070782
-1388.5301357756207
-1311.3977305358287
-1147.8278826702035
-1191.3555637342167
-1301.4065962917223
-1360.4823033061518
-1371.9815531323857
-1340.4413259660903
-1237.5411311945027
-1263.9933625782471
-1219.5573494506098
-1302.3723419015596
-1373.4410527666791
-1355.706241040786
-1248.045341374339
-1208.514366037755
-1231.4842018906093
-1254.8218527780173
-1181.3166024813047
-1441.146271277435
-1304.385632383976
-1141.5359729915137
-1194.496339581983
-1307.6465165152208
-1381.9230245029394
-1230.0832744502425
-1307.7251744214782
-1464.7257922221318
-1285.606972792686
-1319.2135294216534
-1174.3507176182154
-1446.6435811577119
-1307.783986760646
-1298.3075192690155
-1339.5928350552203
-1403.5492652668636
-1299.5654990552196
-1224.5758822130363
-1536.6846449726077
-1219.5369854153284
-1246.0428654902112
-1226.9027293595204
-1298.1222456575033
-1285.98402024185
-1382.5489965440156
-1339.908898378131
-1284.9027134332848
-1251.608485204866
-1186.311512204509
-1293.368874154945
-1220.8228404738425
-1297.986320154478
-1355.2997658300783
-1332.245571112354
-1260.7933555185512
-1389.1960411106588
-1193.9360624772323
-1149.7840696421679
-1336.0629417528241
-1296.4899266154507
-1482.7090107287595
-1369.9279892618288
-1365.7414876704552
-1485.440469577953
-1343.4868010226971
-1159.2069142415946
-1398.6820818608956
-1174.4810949680602
-1285.2180617343704
-1274.683952885167
-1323.667864130015
-1300.3370442805524
-1179.3506179953408
-1194.86648260299
-1259.982687608086
-1306.9729624418296
-1125.9160340223725
-1265.1647399688054
-1232.7629745367476
-1306.9465401930863
-1353.3082877673592
-1321.3449881819524
-1231.7563159186566
-1249.0284317543028
-1373.8232165723145
-1318.1810344796877
-1336.487101173657
-1195.4084645353353
-1269.8159532447653
-1192.8413234685684
-1320.3448024663635
-1258.7274209647526
-1207.8962031152716
-1579.3353371083308
-1252.9959086943463
-1367.420806300327
-1281.4048232374853
-1185.435376190366
-1207.1886267880645
-1175.792659885009
-1150.8753010979617
-1297.2030978709408
-1303.3498451387422
-1289.2273332285663
-1235.6671663758855
-1333.6614606767505
-1230.6058084241702
-1420.9309235768972
-1307.3537034791777
-1156.1262511617663
-1425.2337615314607
-1339.4120805671373
-1250.0612651727633
-1220.665677809841
-1425.688525948374
-1323.7245213577798
-1149.0517262389199
-1393.9669787618413
-1292.295910320214
-1311.9943942276059
-1358.899313827054
-1212.4931918025172
-1302.3853355337783
-1309.386741919323
-1081.7784085523867
-1278.1968120452805
-1215.5412173939385
-1454.4137265094475
-1170.9436418467828
-1157.4164599584744
-1167.7430874374459
-1451.8815018758205
-1216.133389102971
-1295.1725147872423
-1307.993164555508
-1145.8557425270892
-1282.206481564314
-1222.2471736811183
-1321.387883178037
-1215.6509009973759
-1241.4950051103797
-1367.9513302139667
-1300.470193928379
-1233.1241063983107
-1222.4302757806734
-1230.5933044553667
-1317.9376337933245
-1271.2083419629275
-1122.9266602957136
-1509.4626788654948
-1314.6954572182976
-1327.5822534565975
-1329.3292354921086
-1432.5157908307435
-1257.9277241436496
-1238.8808773823096
-1291.9607406034306
-1299.0828663134191
-1107.6514165942601
-1214.8406116230487
-1274.5992833114296
-1218.6657451743486
-1222.6785256830376
-1322.6436421744447
-1370.2363884635988
-1349.4015519106663
-1193.2466843880864
-1124.4853518076795
-1264.1401775360555
-1145.2344608512817
-1335.2585851119054
-1495.6984728944929
-1265.7026369598193
-1390.2689991563527
-1241.7821322058498
-1271.5897694607781
-1269.9263716687062
-1167.588603719671
-1252.3641646863302
-1125.7044270207773
-1437.5515826830047
-1346.4418039065874
-1244.543586859989
-1172.9136352539938
-1150.3635210962018
-1185.9534630459284
-1460.8650291195115
-1288.773785359289
-1435.851189718299
-1315.919004915228
-1508.3399442269413
-1283.0576547274432
-1336.970784117391
-1309.0916903185675
-1307.4044954723645
-1293.9438821277406
-1248.6565586860465
-1442.7412794502761
-1341.9054192111869
-1232.9733367856406
-1448.7486952171594
-1261.2099707268255
-1329.3237871234187
-1255.6644680689424
-1099.4237086615537
-1091.2475381376923
-1224.007972364192
-1238.630856680722
-1436.8434621120905
-1239.6843867635725
-1367.2414048943156
-1315.2531991027297
-1243.0827457511086
-1239.0810206324993
-1191.8063971763365
-1259.9301847509005
-1249.929162265152
-1150.7567503128746
-1292.7368545608178
-1246.1901751064004
-1301.4694698033056
-1313.8556242306827
-1264.9676298107709
-1284.3466986014328
-1252.8228172828124
-1379.0455669922787
-1254.2623957650435
-1542.7211457734422
-1144.2273858509323
-1226.2426736104944
-1115.392806156923
-1375.2554813265042
-1207.5845276718046
-1194.6730266744185
-1210.606343982672
-1242.1915864334342
-1135.149357513286
-1280.8573639067781
-1305.1974786786993
-1246.2042513124557
-1442.3664546334628
-1237.7443238938877
-1340.2481665825844
-1477.1936592011662
-1285.6049463395839
-1311.605834664451
-1349.1308862108044
-1334.5657197448165
-1370.3189940687125
-1216.7518067188855
-1120.9733984268537
-1361.9346611858994
-1136.5225910723968
-1265.0768265528968
-1379.5053431685892
-1290.8986376823138
-1303.9446991022878
-1430.8131921307518
-1095.6637971584785
-1343.5260776728294
-1252.523544076855
-1269.1879917478013
-1185.8543821394812
-1254.381976039207
-1191.4576393250627
-1293.669664545113
-1231.9296986471836
-1216.6194928347456
-1384.4761854496949
-1149.6316578358671
-1438.077830455938
-1197.1343952081622
-1374.2155609877063
-1311.4659796214023
-1195.2886336583524
-1298.7967886513984
-1238.8711134977002
-1095.8325574129228
-1356.049278807246
-1263.763426453139
-1240.7437174174158
-1352.9682004777103
-1128.5188604645255
-1273.975393183761
-1363.2895589433128
-1313.121902366479
-1139.5777730099094
-1264.423896755945
-1171.3857585325559
-1323.585630849839
-1178.9657618078097
-1241.4998318711293
-1335.9641370421796
-1300.952985198054
-1359.8519363954433
-1188.756602376665
-1205.2118426181978
-1242.7196029585266
-1333.8880382142188
-1146.0247277888848
-1340.5335869466962
-1439.9057984293038
-1289.9004079330905
-1268.4133235069603
-1210.955360607315
-1155.362414778912
-1275.2236698191473
-1323.3412072057336
-1381.1651288180367
-1350.4402577593607
-1291.8887552783435
-1232.0252115118221
-1240.7665675927988
-1317.3017506209346
-1218.6699231725106
-1386.7562387311493
-1310.5664564906965
-1143.4335104504805
-1213.7444843151043
-1421.8975878032413
-1256.903187259236
-1320.7398395485516
-1202.1735924239883
-1193.6580728526158
-1326.1887459114812
-1131.678608964822
-1194.4486255962993
-1295.5953801289063
-1211.2193162410638
-1426.7914857155918
-1236.832012348398
-1104.472359167928
-1275.9439716356974
-1367.6921689445214
-1152.3821518276714
-1206.7189986977796
-1335.3854818315417
-1268.5018363844665
-1297.7822152930191
-1310.9624062806179
-1449.2406290782765
-1214.8884196310019
-1132.310323745074
-1343.1355427691183
-1114.335630304314
-1199.842133847612
-1302.1163463355174
-1213.1435429604342
-1373.4717323221494
-1207.4474677043247
-1240.8341987444503
-1260.7832841967722
-1431.9674723117982
-1232.551459621091
-1097.910437997153
-1253.9349186905338
-1083.0273379454786
-1086.3287194115542
-1294.115597047001
-1330.916411840763
-1077.9629825311981
-1396.533667877938
-1366.7199754303504
-1206.6864607202326
-1260.2737600291475
-1304.2510537840749
-1144.254473981203
-1103.3671767150747
-1262.168540955021
-1244.1396052299865
-1220.7841488066085
-1063.8122996307663
-1153.2778594930696
-1286.6068841633733
-1103.2213960388544
-1258.3791106158433
-1175.0121225041732
-1219.0890663239704
-1225.9452226448839
-1172.8292555400637
-1367.2991873552812
-1359.0997721803299
-1170.3122355292155
-1347.010670809149
-1240.716592672293
-1249.4596570073572
-1188.5527851876689
-1431.009765993809
-1357.843916877117
-1302.5238548950267
-1153.578945513969
-1430.8538055066495
-1277.090430064505
-1210.4881559279654
-1217.6521639721752
-1241.123611327983
-1220.8551244815997
-1263.391606065714
-1195.9740081152502
-1401.217474551053
-1339.4777883896033
-1280.4211216255444
-1326.2485670581564
-1228.066901734043
-1177.6774765669923
-1280.6225154874583
-1177.8960870820545
-1337.8576358140408
-1200.1060557974981
-1298.3746477118254
-1316.6979076133948
-1446.8280862751499
-1280.3521393405156
-1324.0063495848337
-1230.4223304483585
-1190.7740016498385
-1309.1326663811453
-1217.733677618027
-1244.1054733819647
-1287.608881352344
-1307.930141339422
-1199.5070493317332
-1221.0214219737472
-1112.888775837164
-1304.7063207768863
-1190.9657508714945
-1112.1902882774207
-1209.0096348771497
-1250.0824823677658
-1367.1384741223
-1231.3801557409136
-1377.3710602035549
-1427.717202654047
-1353.2127080728687
-1229.9036976948353
-1234.089921826607
-1324.9949235647407
-1107.5398187398405
-1249.4465159821875
-1335.2259300568003
-1210.7650936742828
-1225.2143464238086
-1337.5621355281055
-1166.9160012211084
-1299.12456241724
-1180.94885200777
-1145.0676882347677
-1257.4084180361897
-1179.646354470787
-1267.4316884823872
-1299.2782407706918
-1232.5635653544082
-1259.8684233886217
-1294.12244859081
-1282.975332203332
-1257.0109505976334
-1253.8350436707888
-1217.362650097509
-1306.136424460227
-1335.4531430607624
-1240.5518982453266
-1352.881268032022
-1271.1694972703374
-1218.1364687642813
-1294.4200892910815
-1265.1132005594538
-1401.7037020573146
-1283.7655400407566
-1290.7909550378654
-1315.6188939511078
-1249.9503953898218
-1386.8246305297234
-1157.2453139368383
-1245.2346474224132
-1103.0821011851724
-1180.8980214299825
-1224.49201576352
-1217.069800233759
-1094.2274791826273
-1321.0136456555492
-1421.9105081172393
-1317.1754061385395
-1304.5629626351192
-1089.3481991767724
-1185.5150310665972
-1265.8583394621564
-1307.1897050668433
-1319.8366123134272
-1303.6197410201235
-1096.69452820711
-1320.1939161104328
-1326.2105907290727
-1215.7233553187148
-1262.3892533476776
-1228.0428338858405
-1307.4872094630246
-1202.8081120734412
-1144.518231747883
-1167.3448542179017
-1123.1310177401474
-1205.8874355989308
-1134.793584035978
-1308.7181634398814
-1136.6197363277279
-1204.395541710737
-1276.887003005894
-1258.6872405617032
-1320.1597758172688
-1424.9484479111397
-1181.839409321718
-1311.9497341496292
-1299.6693804205058
-1202.067957075604
-1256.6631917209727
-1396.155185308776
-1219.5448265666346
-1091.9581046215205
-1232.7756983600611
-1250.5752540106762
-1088.2237222905687
-1204.010170705889
-1178.7499016906584
-1196.1461390309987
-1285.1501547356977
-1309.0135314715162
-1220.8068914710102
-1337.6313270377034
-1179.5807817555988
-1136.7726739463396
-1235.757826387055
-1261.868461851368
-1376.0829295262156
-1409.7277771244699
-1287.671065157768
-1124.4317655776456
-1079.6087210420444
-1163.4430146388638
-1183.7263818799468
-1111.103874630233
-1067.6031985570114
-1189.14699994723
-1216.640646843191
-1318.748428821172
-1308.350109012718
-1369.0657232046874
-1263.6086941632493
-1284.605898744887
-1211.7663662285397
-1285.4919935768785
-1332.886888326011
-1253.1717443581451
-1345.4719771912753
-1368.0158752202708
-1229.741460936523
-1307.3022714436875
-1049.7183453463865
-1141.1282322352847
-1173.7520420162496
-1212.14861513386
-1249.2473409133354
-1163.3001475530366
-1123.0660338787702
-1233.4228239907688
-1181.148555221949
-1224.2650743726435
-1192.2056767192767
-1088.230381152704
-1221.2843424892592
-1140.6796141604193
-1213.976134620157
-1325.9906501936402
-1351.3485770524685
-1303.447923432127
-1078.2455965562858
-1226.332790161734
-1300.8838493100038
-1245.338839829645
-1320.7883349616638
-1202.00705103219
-1398.028289804977
-1257.5510194072242
-1157.9204373289292
-1212.5946076684502
-1244.7325827921454
-1254.2331412284177
-1057.460782272846
-1243.4815233697248
-1260.9669220660392
-1345.9250178447667
-1248.148071548057
-1245.5375847265668
-1319.554290839399
-1144.3534910936357
-1304.245346646045
-1255.849364538285
-1376.1211554564989
-1176.966866314573
-1218.034843370921
-1427.6791216504391
-1106.961143913287
-1131.7648190748337
-1282.3341451041035
-1147.2644438665352
-1119.3510587683654
-1245.960390820397
-1155.7151197955657
-1233.4221553135437
-1344.9882929709183
-1261.1506647863162
-1167.3819969076555
-1290.2200137120453
-1333.1354402387733
-1138.3553571618456
-1283.8124934614052
-1241.3581393394313
-1261.2665917801785
-1343.1607080393712
-1312.026467729558
-1235.669207508594
-1189.7843325002823
-1266.335197311283
-1324.486722770388
-1287.184010629101
-1291.9519848745886
-1189.924278562992
-1126.0846221618413
-1168.4513937748916
-1227.0548597891323
-1018.2549971810295
-1198.5538060002284
-1136.2501539752993
-1284.41568003036
-1200.949536041977
-1218.5065253934479
-1170.8768960912525
-1161.1386874719944
-1115.9051079258713
-1253.5948288357367
-1332.6469526494407
-1202.8248115103077
-1198.1510672384009
-1128.6012857589983
-1290.663777948037
-1184.150818846815
-1257.642643708723
-1324.4689975277242
-1018.551298924947
-1274.667652479362
-1168.4655831268665
-1311.5391178819773
-1253.0827160773563
-1130.9541923615586
-1199.7714265707195
-1164.9598356789213
-1262.3587242191575
-1396.11918020121
-1350.8008976775118
-1210.0169082767331
-1268.6084073630727
-1233.5849933631366
-1272.2736240452307
-1175.4624399117329
-1340.8363800697396
-1375.910205681475
-1131.5089427916782
-1172.210802437203
-1238.3947918231465
-1310.5136518122217
-1318.1053260048736
-1237.600116363908
-1178.2187106099443
-1148.2554028883887
-1403.936984410134
-1296.416929863044
-1328.705062893423
-1208.2554542623411
-1195.9640992517354
-1285.6007851244278
-1243.0815634411133
-1171.3940247365606
-1224.7494475798617
-1116.3829730869038
-1166.7136495607126
-1294.457489842727
-1275.749598821022
-1139.962157135522
-1210.5560967245437
-1279.644491308327
-1268.1836967954978
-1139.8772204725847
-1166.4162222741595
-1205.7238302985584
-1274.0513037475484
-1430.570072635719
-1321.1576709379199
-1303.491114254136
-1262.535717988095
-1259.4817062793632
-1154.2090391587142
-1164.810096561702
-1216.3991156605496
-1376.9905567022467
-1312.7852565647574
-1301.8299831051047
-1215.3094052762633
-1242.263574592133
-1099.694794406527
-1176.7526222639888
-1177.895367591915
-1130.6180752462035
-1369.9985069144575
-1105.7684000768559
-1373.2521609532378
-1202.8466204191973
-1203.7657179889527
-1130.7722712364503
-1245.2152263777853
-1198.954448632628
-1064.7719349594015
-1298.2084177477918
-1327.5523193580952
-1246.7293733108552
-1242.7286819077972
-1181.2629083202194
-1341.929533462925
-1162.8729651244792
-1179.2674842955619
-1115.8150093197523
-1197.7074237460263
-1128.8189397153426
-1178.8008562273512
-1158.554592979416
-1256.362619325806
-1302.4234037028127
-1209.8631114727475
-1112.6885191709298
-1293.8528512550029
-1281.682622810991
-1390.2468077218853
-1201.3258247578224
-1258.1402258515968
-1301.6229486551765
-1349.048689173801
-1243.3496260100853
-1070.7719167521022
-1410.4407042042249
-1261.9409860095273
-1334.2940352240255
-1107.994706986202
-1383.4516705542212
-1254.8208705897507
-1296.5966318979838
-1321.2891497365824
-1471.2447579105224
-1303.06320795582
-987.3055086273539
-1230.4853139916174
-1279.6032296222475
-1216.8056696627507
-1293.2975766999548
-1174.6428660331455
-1489.7505695116706
-1278.9456321830303
-1332.2994651896563
-1306.502041621139
-1148.7019518294342
-1416.8525480022943
-1229.728118238063
-1196.672777264606
-1265.384304823604
-1203.598830126774
-1221.8242107194774
-1379.2973694253715
-1133.4628747024915
-1248.4037146480177
-1446.514806939797
-1295.4308743244937
-1272.665717664671
-1149.7671709143108
-1210.09252511717
-1186.663806931223
-1258.9892922021534
-1187.5035137590103
-1204.5293036907867
-1191.3022160450976
-1119.4795044505304
-1269.0928585264267
-1217.5527438348436
-1182.8910221101867
-1171.87783318052
-1207.6091883964054
-1266.0492182077442
-1213.4141770846243
-1276.5782964968287
-1263.3900682304745
-1236.0403444237975
-1301.9933914304308
-1145.794248284687
-1149.1357742267298
-1381.2474135356888
-1232.5371369778704
-1253.5477151404323
-1335.1223717472963
-1229.368673533932
-1226.107864057454
-1365.5881931493516
-1205.6569914508245
-1253.4788460954994
-1211.0775972417466
-1139.1572009502231
-1119.3273629120433
-1279.6168572911288
-1240.4523552017151
-1313.779495430512
-1244.7787658846607
-1232.0114656972046
-1445.028172528905
-1472.7728446206993
-1182.5295536801268
-1188.098779522618
-1095.7093003342202
-1219.9212082711686
-1314.472517676832
-1280.4409521689395
-1140.557738330848
-1265.795615200846
-1307.9174822732139
-1277.362930350577
-1335.9771401876103
-1337.631712892329
-1355.5975272587252
-1197.9835937627172
-1410.8042718115157
-1267.0578424102132
-1330.4155357231766
-1261.9215880768547
-1233.4509322219708
-1202.9181855802944
-1324.3355962439623
-1349.6155970506175
-1216.3756383505872
-1471.2584842555948
-1237.2946675902137
-1202.689652511493
-1141.3743129138586
-1306.61411032662
-1251.6008881733878
-1197.2661278911198
-1270.4985929942786
-1259.0640678369314
-1246.1318884207826
-1290.1674678645625
-1255.7095252364588
-1179.5761314143972
-1296.4268957110912
-1276.1084921305423
-1234.604086016129
-1344.1160113601336
-1093.4868122385767
-1352.8763168797404
-1169.2164747290115
-1236.8495228258637
-1290.8983627533546
-1194.339433957166
-1240.100550759951
-1134.3077630264013
-1272.9465064445924
-1319.7367499831414
-1224.6585341278937
-1238.1847953555502
-1116.7954376382781
-1166.446320113185
-1132.5929008842234
-1225.9748936660299
-1244.7504687723788
-1259.7779111407517
-1348.5826697647135
-1259.3745876337737
-1173.8244981726991
-1113.8039929446693
-1374.2800255362988
-1437.2314615088876
-1110.5597398230502
-1294.7257392961742
-1347.8254842816884
-1180.4399652004302
-1278.9565435833676
-1206.029836202033
-1150.8539021466293
-1182.4418462236872
-1377.7509350823454
-1359.3285381755447
-1224.0561792368292
-1270.2293068609722
-1143.3450756267239
-1196.673609128886
-1213.3038827590406
-1156.9134237588942
-1252.5043291875663
-1213.3532707042011
-1271.6139130160263
-1313.6852241055558
-1149.7748894622644
-1275.3889280765507
-1094.049205586282
-1183.0079568692913
-1341.1149289500163
-1251.9782703057326
-1235.8468649059096
-1339.0046226537386
-1314.852404273035
-1306.415850109498
-1337.261112191368
-1275.99384208461
-1300.8951695802998
-1186.2892349669703
-1181.8077998946198
-1241.9149917987365
-1267.331247957246
-1159.8640553735568
-1344.9244288948655
-1207.2505664423427
-1175.3404058205128
-1273.3575884594752
-1168.5512709863212
-1120.4464377818922
-1425.2608765569983
-1098.9126167627808
-1145.5279577517715
-1320.2778616198043
-1406.226413494055
-1131.7624510205771
-1175.019298328059
-1211.3741896022566
-1151.8079307731189
-1211.6493249081789
-1264.3482284702168
-1159.2043099702312
-1200.0845043500021
-1264.2284158999798
-1384.0968864622305
-1175.0160320182945
-1176.1000814784816
-1311.5704525216227
-1179.7950627454209
-1184.240356202125
-1086.2415895073257
-1124.060010668533
-1332.702862645201
-1133.2157982440508
-1301.4746226394502
-1205.9995018225316
-1108.8689067582882
-1283.3191311312255
-1293.446600970492
-1100.9869770852956
-1302.1262743772256
-1324.4664772365363
-1242.4703299504272
-1130.9848392635968
-1242.0469059482232
-1461.071746594862
-1244.2831461129279
-1238.2709193120766
-1219.663811235895
-1371.6446297667542
-1276.9615306749683
-1216.9238345813508
-1212.7805364141661
-1107.6372775562447
-1193.3684341175112
-1248.1980904648078
-1228.7118976765576
-1232.416830393845
-1217.2265241568327
-1254.7920316133159
-1240.7187737213385
-1179.3367203124337
-1201.7019739616087
-1314.5985878526142
-1310.4175277068593
-1294.6824809095424
-1261.5507769550668
-1222.781711280108
-1366.7046027959595
-1157.4325525881547
-1075.9722061802493
-1387.1201863781998
-1171.9884527368274
-1335.8744839093079
-1310.9256990878619
-1314.4813793914022
-1250.5355397753485
-1267.670303264014
-1220.8348615121176
-1111.7015723981358
-1368.1674602413352
-1248.9804487511678
-1219.697899077987
-1184.5088125982707
-1165.577899317406
-1236.1527295997685
-1289.470268063523
-1249.6479118792474
-1119.65835162783
-1263.10198608082
-1249.8341345833637
-1167.7571849776784
-1212.2929864252771
-1241.5566768754618
-1186.5193983054537
-1302.917989820715
-1184.1724425758066
-1255.2954559503244
-1238.9097452209744
-1235.8339246319752
-1203.3985611248456
-1212.2720558728467
-1248.5881155548714
-1143.125985931535
-1112.3060531680703
-1178.233337859815
-1403.0894321983847
-1248.1982960281887
-1344.944778524058
-1207.988144327263
-1284.103836143091
-1117.3343058115631
-1151.5541740029319
-1258.6129231588409
-1331.0657514202198
-1161.1152474649023
-1192.801676447422
-1153.4787961172192
-1347.4884656392924
-1205.790786139144
-1221.5252946910448
-1132.0480716883947
-1192.1383468935048
-1202.3266066406225
-1257.7950041431013
-1179.751860371007
-1416.1169665667212
-1292.9596396010177
-1168.7035997896398
-1238.7113887068188
-1389.5358429636306
-1311.9044947848333
-1273.8945222637062
-1094.8790021143977
-1141.7414868423093
-1258.0316086070152
-1178.3271660239823
-1362.2941807100365
-1180.4744402773874
-1251.5465703065884
-1294.7664464878044
-1103.7695337067287
-1304.1800260629425
-1285.8841396209607
-1238.3185023622236
-1252.585490697535
-1242.1947659178722
-1360.1135424289143
-1280.7891346420206
-1228.0665006664235
-1157.1485875787637
-1235.4744546758036
-1246.3015728561613
-1193.8276784962127
-1217.5613864228815
-1281.6666716477105
-1354.6876161000646
-1208.764282637345
-1121.960225758732
-1191.0423625572541
-1276.1520024931801
-1298.6493682918888
-1211.9414438985957
-1399.958320372729
-1180.0947028647809
-1272.9193101647445
-1307.540263434501
-1316.9488659084518
-1191.3572356075385
-1271.4469836344474
-1227.938847272723
-1289.499379873255
-1196.2282557794567
-1205.1453816828093
-1275.4153463836492
-1335.295049036854
-1279.439017516105
-1388.4978822856813
-1114.6690043820183
-1228.0934227373625
-1298.4735138545013
-1124.758191321486
-1223.3859874806064
-1282.5900365733278
-1192.6892898599447
-1156.6787620967732
-1250.529195574424
-1072.1583477703034
-1289.3235534007888
-1322.2685437964817
-1178.594724638665
-1166.3137874591266
-1233.9492659795162
-1298.294693429785
-1144.2527970723786
-1166.163787811876
-1163.720777377331
-1152.3302442900456
-1208.2222931303227
-1054.108229037286
-1258.4352274086013
-1221.223723693254
-1252.8832231492793
-1285.8151153163785
-1321.5416195239707
-1239.6371325831576
-1206.155453236572
-1307.3405032701276
-1094.212251111435
-1132.3247887405762
-1189.8293464383498
-1147.3633189945374
-1147.1515031100046
-1145.1195704505421
-1339.5399261074788
-1188.9565249685136
-1261.9521730449778
-1135.2741108379373
-1257.9740705288107
-1401.3164608396282
-1140.9844960668615
-1179.6192189627739
-1298.8165593604876
-1192.0084483668372
-1149.3167232993214
-1202.9088997014146
-1169.1049609768731
-1296.765870098574
-1330.9890139027775
-1164.2415013539962
-1274.4675461703182
-1188.2171835529625
-1357.7348166343297
-1018.5075697107432
-1229.3312825711118
-1158.9842581585494
-1122.90137736254
-1313.8131819223015
-1288.3442145336517
-1139.295550680559
-1110.0050653649287
-1152.737195250326
-1257.2905461006333
-1292.3600516169236
-1071.4536611383642
-1141.5590263359525
-1281.668613118392
-1263.2887416386347
-1265.1479984973982
-1404.9674440835606
-1222.8959651691862
-1291.0213859986493
-1200.1128351414727
-1300.7923060655557
-1232.4354782651371
-1320.0399699034724
-1217.3320149887195
-1343.667258219268
-1487.4146625304083
-1203.5704368626964
-1386.6082111193527
-1286.794372061312
-1153.937400203096
-1277.4918114589545
-1223.3969455550412
-1229.840014360865
-1245.4059111183085
-1182.8346421181793
-1303.8045709501557
-1249.666365220828
-1160.4950093972448
-1347.6097419799773
-1233.9492289638226
-1236.7695182800612
-1352.719858240016
-1152.9480222847772
-1158.5245399537014
-1219.3352714507437
-1141.2721448883988
-1272.5960894896741
-1179.8606951916108
-1150.475867546872
-1244.1507201536178
-1129.8596075330397
-1240.238772918453
-1221.6514847114613
-1249.63862711544
-1275.3742977205247
-1121.167203667979
-1242.5258531206546
-1292.7470526404188
-1201.7477343263342
-1270.0778718456213
-1258.496695273165
-1290.9061721092014
-1178.2146322898595
-1301.7734784296433
-1328.3188100505981
-1336.1227932204172
-1305.253988615922
-1124.5045453228809
-1312.081586152558
-1232.1167344147807
-1194.7888615581487
-1177.0136864811834
-1045.867323810089
-1373.23068213782
-1199.703389310971
-1265.3503629457737
-1372.169327476115
-1259.9862906733085
-1355.040820778304
-1243.668233596581
-1252.1138553775083
-1147.5982532558792
-1354.6374305429702
-1183.2291724287602
-1241.6111628530653
-1234.159136591897
-1342.0681186612146
-1436.4533450830331
-1229.5698229806903
-1118.2513595061625
-1271.1740757821835
-1164.1284928875543
-1142.6617236620623
-1192.9029932480787
-1075.319847737631
-1239.5924868479117
-1243.0122402274874
-1258.368296227828
-1296.5852280353215
-1394.2650521427481
-1124.1128968519567
-1143.0329834594647
-1256.7532533065414
-1170.9003422979386
-1031.3750058353842
-1187.1393109931807
-1447.8525707911003
-1371.6801723491744
-1391.3648261802798
-1212.8271890189171
-1252.3568380110582
-1265.010085099258
-1182.2127901823487
-1227.3588326804113
-1273.5139935542045
-1300.5489638793201
-1234.025301578295
-1358.997021018833
-1296.4745981584738
-1234.223842347359
-1065.3513881354108
-1282.0924610421775
-1177.7729088125088
-1322.3607386009887
-1251.8991268920952
-1268.100176544397
-1252.6493993934255
-1293.3611829577687
-1272.00441063537
-1154.7386026311458
-1206.532632994069
-1228.8818346898422
-1249.9908660750016
-1183.1308336769819
-1213.031336339751
-1306.382301470751
-1181.333530426297
-1323.5362759661966
-1253.174617116691
-1225.9454139757722
-1437.2442186649146
-1144.065162404074
-1247.965017236107
-1346.939653283829
-1232.5451936492357
-1361.2473894114728
-1252.6840923653108
-1330.8658595064205
-1227.9949852676189
-1307.2952118058065
-1267.538543256549
-1301.7016548995352
-1261.9762794575681
-1389.238292220092
-1368.8700577759287
-1259.6577773485246
-1262.689081050583
-1327.461530464041
-1190.2932818475217
-1291.8187933714023
-1358.778916221813
-1362.9173593039493
-1296.039683829385
-1219.78094737841
-1212.4500729809372
-1157.0492777416925
-1512.4170548504621
-1126.6620699208295
-1173.7677588178315
-1313.6125634834111
-1227.5863484616482
-1204.8894935264582
-1265.9270247677268
-1346.8069594984772
-1228.7525955742751
-1211.4110754409246
-1216.552331728187
-1263.9205036086505
-1269.9447351228914
-1232.8168915109582
-1355.1355548917209
-1341.3205026273522
-1160.6249578237437
-1263.7090128435093
-1250.6144046358804
-1266.2369442734685
-1284.211457403277
-1276.4671088249477
-1308.9957840184777
-1196.3114988073803
-1371.666515484469
-1455.6967020354723
-1140.8132528538847
-1206.5806947761123
-1429.7780864750907
-1234.662654170048
-1267.483136436215
-1125.2046591498663
-1138.6254408429415
-1185.611610040045
-1480.4821284485563
-1221.398360488245
-1230.5447447911629
-1182.1257641205073
-1334.8992695469697
-1195.8734984247164
-1175.210532405197
-1069.8740695338408
-1346.132481502107
-1359.796920664567
-1165.5551317055424
-1319.7195793011256
-1200.144418555319
-1267.5405782398816
-1208.1195285207166
-1237.207125890324
-1305.5274604943552
-1305.7908058459745
-1192.5509453350712
-1377.2126711204291
-1147.5721028480052
-1199.1430843021249
-1260.0700472842773
-1179.045064961392
-1235.6122340971178
-1329.21956927862
-1380.4976488704183
-1321.57194713886
-1270.735595887502
-1203.6983050265649
-1288.4858250412526
-1218.895345571072
-1342.5479942145366
-1336.992388721678
-1177.985008591455
-1283.7156022667916
-1219.6238895792956
-1167.3468152598314
-1309.5829295220492
-1452.3120120131916
-1221.674233407554
-1211.7895704381908
-1220.0134333065469
-1306.3049672463055
-1402.332237325789
-1160.6393709413335
-1265.5390783863995
-1306.7255959315241
-1212.1349000964674
-1193.7554705722798
-1246.553541372081
-1160.3343810490321
-1243.1962241472802
-1222.129053983734
-1153.841084443157
-1212.0342962931722
-1213.3740349602567
-1341.4260098470977
-1163.3059930282664
-1262.9548261938326
-1272.4311960022528
-1134.5250865317612
-1178.6099597373122
-1246.1440148836007
-1199.995251056037
-1342.1755898975678
-1287.2115755107206
-1243.2003019170006
-1342.7126188422483
-1205.5459302517968
-1235.7632981337986
-1156.1304964544145
-1279.8157441148924
-1171.7363788030168
-1260.1759066882319
-1276.087694919891
-1282.9785776056901
-1290.4065130398294
-1192.4713630508331
-1287.2705092654032
-1131.641692381454
-1145.9316995549666
-1348.5725793297859
-1157.9769154279395
-1262.4167815355227
-1240.1799108505847
-1307.6121658914133
-1109.551860022239
-1107.550480597557
-1304.0664099667547
-1308.899451337103
-1237.0137752806666
-1309.0332051163805
-1321.3007014785078
-1304.9307901474785
-1347.2476563385103
-1328.9847298574061
-1518.072009245108
-1264.900452257907
-1232.131155788307
-1227.7147108905583
-1257.2226441179484
-1253.8047303483802
-1139.0256682434458
-1282.5212220688695
-1186.2258747797669
-1259.9154989663248
-1279.9366448216715
-1180.1738784919182
-1119.8207582981038
-1191.8133075819908
-1109.4653248185916
-1309.635396286625
-1234.177985691796
-1140.372364564643
-1319.1948357444635
-1217.8576953653107
-1361.9021189777907
-1215.3934798729374
-1297.4102312807079
-1262.1747941249257
-1382.115600491743
-1084.1291388519212
-1221.4276723260105
-1291.2326694097717
-1198.3611692649026
-1277.1115324935256
-1228.211984930707
-1174.9826327596986
-1294.5820409599028
-1203.7200646282508
-1285.2038338898597
-1214.7414005082971
-1443.9807953666414
-1375.5767635588998
-1264.040879654591
-1147.2794355598526
-1228.824589629229
-1209.786717204955
-1212.9256594176363
-1205.6184528499741
-1251.458501949113
-1229.6339804238096
-1335.6671544170447
-1204.0892338934323
-1166.274069901952
-1288.618709252387
-1273.1854418534076
-1265.3372119529658
-1188.4719717799671
-1219.5543772197548
-1280.959097994266
-1324.2730723095408
-1166.8990706226346
-1244.7172491545666
-1087.8533166716936
-1218.0772712008356
-1359.5727241758716
-1391.7117724963832
-1446.323563220104
-1230.8934694484612
-1211.4593263501843
-1152.5128288199387
-1216.0931914820164
-1179.884507361697
-1271.0034729148497
-1303.9667638063493
-1323.9228273948245
-1095.094556183717
-1179.4510962737013
-1359.72000859115
-1373.972847242129
-1273.9410578543927
-1225.070103511486
-1382.266924034319
-1123.00437749008
-1157.7656669821945
-1344.0102996894936
-1147.273970654268
-1155.5724098916726
-1169.7013873450082
-1353.4040879018862
-1196.5056690183426
-1149.9150995650068
-1434.5863298002178
-1373.0012363328149
-1153.5487892035044
-1271.497886593742
-1271.3265882172202
-1133.4854030217348
-1409.9053890733055
-1226.3753013924213
-1312.8772399832098
-1191.5050186450642
-1196.3307523062983
-1262.3486070277486
-1265.444515246808
-1128.9577967335642
-1233.273217441073
-1308.6991645710477
-1297.38891424015
-1273.0112418317408
-1233.1428921817976
-1273.9673683163046
-1273.6790037717622
-1245.4839959119513
-1255.106654606718
-1270.6336135267018
-1268.3981194670278
-1363.4364633758792
-1285.312973839907
-1411.6372713552526
-1447.9287419956945
-1199.8810524326075
-1152.770762330249
-1299.5620645058316
-1248.0959474900333
-1232.2870631430194
-1113.6363348153322
-1272.0967663132133
-1214.856101285258
-1265.7848999250587
-1265.8205618657146
-1465.1338440385928
-1304.944436675717
-1128.2155442343026
-1268.9946220646173
-1286.1437620126642
-1302.5352300538716
-1276.7364621980578
-1261.6642148884546
-1281.9404476051732
-1284.473448124896
-1211.677723605014
-1262.1980549842556
-1293.134927092732
-1196.8796992193945
-1230.6478284945833

