-18437.927413314952
-15362.26425926096
-20267.872533112604
-17847.82088906574
-18085.88856238176
-19274.076042819008
-18785.320482878084
-18866.55446079111
-14954.93162341292
-20189.66535911794
-3988.763866390898
-3268.5721423137056
-2980.3423176336114
-2245.446611722347
-1665.2421204690302
-2005.8938049443143
-1636.989878693376
-2017.7127099537984
-1975.5320542255704
-1421.3129505726301
-1612.452223035788
-1488.933938087328
-1676.9263001133722
-1394.156369759559
-1529.1626459397376
-1452.8028438924405
-1365.1093065723128
-1345.2762200585676
-1444.6994125121205
-1315.4102562016967
-1654.5908582780169
-1509.6915118213383
-1535.3031598405826
-1441.924166663789
-1517.4830899181902
-1483.3484647940338
-1398.8719270580987
-1402.7282419244752
-1384.522648542788
-1423.5044048754798
-1457.0436768883055
-1405.5168441311596
-1327.5948890482264
-1499.5196202798718
-1513.2144106905716
-1396.5602911969465
-1498.6399808534834
-1299.4634849747897
-1424.982204782813
-1459.9296627141007
-1283.2500629581734
-1334.8796629312576
-1529.5687495875704
-1350.847101536287
-1553.6876581140386
-1314.3185234265884
-1367.3371410494833
-1339.0103111890319
-1483.8962116656262
-1469.2660749997494
-1530.0002784424237
-1355.9869154079008
-1228.3256561610476
-1461.9439412276254
-1262.7854512366484
-1340.5605468850524
-1445.9336726103109
-1249.9150949569605
-1255.5952813663935
-1379.890157389027
-1185.6266448731724
-1381.764098028159
-1409.4509305592883
-1449.9177435656734
-1413.4713563427915
-1516.154385659
-1408.1928629454478
-1252.8725252886215
-1374.270479113667
-1272.1736298425594
-1367.5785083001742
-1259.6304279683156
-1340.0498207947167
-1580.5468840476083
-1540.9054765901642
-1379.2624102582263
-1254.0743522041178
-1227.4502521648437
-1358.5273072184982
-1235.8864288863663
-1359.6453711718168
-1256.933931661898
-1410.7581323986715
-1382.1635730220996
-1377.7319120511684
-1438.8841919164324
-1393.4541205316286
-1298.0970665998584
-1304.7882544414256
-1377.7431230044933
-1415.5120148204246
-1369.6254759752933
-1578.1822893446476
-1520.801001791553
-1558.5801383846529
-1356.7170497927898
-1366.2445618162815
-1208.046910900626
-1433.96027259084
-1266.489607023895
-1342.0287676718644
-1337.6237619224376
-1387.3873444237179
-1381.0062215687578
-1542.403935019459
-1748.4298921305808
-1257.9857363862614
-1426.1751831814418
-1397.3586774185499
-1438.3538482357146
-1287.4284125270688
-1555.929352322527
-1501.3989229799818
-1512.5921669917889
-1379.2817193819628
-1389.2547949981908
-1634.808222265594
-1349.469657732265
-1348.4948171272954
-1449.1602200733855
-1412.3137947134387
-1418.2248193076784
-1495.7250330293955
-1311.2128010572628
-1206.976228989141
-1411.7824868540956
-1412.940151412655
-1483.4392378351963
-1341.0217305818712
-1685.2424979041916
-1295.6584526830388
-1414.8471292777222
-1385.7021399197656
-1359.0990275872466
-1430.893453051589
-1440.5528843150885
-1228.8552548784955
-1505.815586275485
-1533.2449570332572
-1351.0806667717177
-1215.6912430402194
-1448.3232404066007
-1491.8481812136968
-1344.8695434656936
-1526.8375070689028
-1344.1639599024338
-1317.7615563939576
-1203.515398760371
-1389.0624298010862
-1266.4400445702795
-1381.2388555161024
-1486.5019635578728
-1327.2308048074538
-1599.0208032914236
-1425.747774823338
-1387.595772808122
-1406.042833867441
-1262.931017076152
-1710.3992067674872
-1385.6589993224
-1098.083600584139
-1408.115645444858
-1457.9862851233738
-1256.1190118017919
-1391.2109550845605
-1271.2519967193657
-1445.06990320631
-1432.413876614461
-1299.0706523180015
-1376.480028269901
-1323.6317811253377
-1327.1745440070251
-1372.3961725246131
-1223.0685224405086
-1344.647919091175
-1332.1987249528026
-1480.2629948278393
-1412.525683741492
-1228.4999249750595
-1370.485246711416
-1404.394692022531
-1394.2225637119893
-1461.5837961239376
-1363.5458928865103
-1409.0522387883489
-1443.5995965007246
-1246.501958323205
-1599.4454234938087
-1691.7435943666694
-1428.1546757981
-1185.8043491939488
-1756.4533710673804
-1534.1596112865425
-1533.863592298686
-1500.1943157196129
-1463.6715914204797
-1497.0124216870365
-1724.1677005870497
-1362.1717670442815
-1312.0889562222942
-1403.8134592133972
-1387.4667007666994
-1464.1861412920198
-1465.6908387367787
-1335.7013769011814
-1731.543256441019
-1475.262487667809
-1352.964663458439
-1368.494014263822
-1485.4334070393247
-1332.5606525933247
-1356.5648868404287
-1603.7623524654427
-1350.909497271242
-1375.0878403411534
-2037.0887876577272
-1719.3328140426752
-1555.2236178944659
-1484.6844855745433
-1428.0066978276238
-1512.4942849297024
-1526.9910440920173
-1372.39291595639
-1614.9952918380586
-1413.669963044815
-1380.409222107808
-1433.1309448127463
-1526.9806994084433
-1492.3645395878689
-1346.3444139037945
-1412.0100259959124
-1437.7532972155573
-1362.9923522728534
-1311.6563999436569
-1381.5166548314796
-1217.5295319181832
-1421.487601826204
-1325.5208943225398
-1350.3403117733435
-1456.4370709233053
-1286.7038450183559
-1332.5760501729092
-1274.6970598019288
-1371.2277992239003
-1275.69156899328
-1353.85626605876
-1368.592669898542
-1291.5555200747294
-1241.3063390066975
-1500.0931345172103
-1299.762640616309
-1421.3343931078766
-1280.7527976405188
-1254.0589862457875
-1281.043915339217
-1344.7666907898151
-1553.908927924028
-1238.2854500048331
-1431.8777817334712
-1375.2090699879457
-1456.5121982501064
-1348.9076504059378
-1321.5910434642774
-1586.5666345863858
-1364.4716605621309
-1375.6950805517558
-1375.3683067011593
-1478.6484228195113
-1080.3423521178202
-1389.394808689177
-1341.7958132817425
-1368.398736981677
-1377.2011254302924
-1333.3439756716882
-1261.9517415081068
-1416.4302731745058
-1210.395073079407
-1237.0176052529096
-1327.8360281850626
-1287.2557286700448
-1194.396554397808
-1373.0451282562512
-1213.5205937835183
-1165.0108348915599
-1083.086542051125
-1177.389051826245
-1206.9631493140134
-1293.5288446157822
-1183.6291185745608
-1467.3990397046564
-1224.715971511664
-1180.8928678025493
-1377.6969220931703
-1288.5256908221181
-1318.1496540910687
-1324.9707947322902
-1134.4671136123955
-1349.0619072249858
-1463.472085098086
-1522.7925877431828
-1497.895974041466
-1295.0676482760346
-1445.6386638133463
-1414.8558817857604
-1363.532513878481
-1166.4389369935425
-1397.7497284058109
-1295.8432269589005
-1306.0159360888747
-1172.2047476645378
-1482.1555289858932
-1262.1651826908835
-1346.988756882141
-1281.9202165502068
-1258.5920156790814
-1297.1242679089537
-1281.1251864402082
-1142.6689579214042
-1432.609192750877
-1453.4877056573057
-1392.29627318042
-1306.2793714607378
-1155.194934714215
-1329.4359105030035
-1621.4938781594954
-1461.1133962853526
-1334.3805296986536
-1474.460061886226
-1360.505665144883
-1535.5613398469939
-1274.2397847971088
-1240.057521347423
-1230.6667255074226
-1314.7997119180645
-1354.4375097888258
-1285.7193785545387
-1352.2563972189773
-1318.0056544054903
-1325.1855891078428
-1377.8682619733988
-1357.017539223873
-1234.3615400920776
-1604.9246981754
-1243.214612138786
-1405.4774981268974
-1379.3130352819883
-1451.330103419241
-1240.4960315562728
-1429.8216914453428
-1432.3410884939435
-1490.6701275271666
-1568.3116727958504
-1382.0519649224543
-1103.980517272783
-1302.471198877473
-1389.55757611047
-1360.3274673494543
-1346.997789190258
-1354.5459740571587
-1407.1736266610728
-1388.4669559675744
-1265.0216028817295
-1535.0584293592829
-1577.5720864870177
-1266.4400855282638
-1283.1206234306298
-1335.4296623625764
-1421.2110680332053
-1244.3832814758634
-1333.3162269301165
-1255.4480728748854
-1338.1431724065403
-1286.3832665727834
-1325.6850094339775
-1398.5586763774304
-1202.7601229621107
-1443.3519002776993
-1317.580828911363
-1303.8210079181065
-1312.4463640416693
-1355.7311202118265
-1308.9836355700763
-1442.7632220844735
-1315.7987441007645
-1495.0823345677215
-1265.112345441878
-1426.2275057654888
-1351.6004134740783
-1361.7008870312259
-1518.3036304995028
-1261.1780047975371
-1369.4462387338156
-1256.8276713427072
-1331.1336833477271
-1135.4169469203478
-1299.4858497006244
-1355.2713337534303
-1173.810881230808
-1321.2168552087278
-1257.8034747730262
-1109.0569026425173
-1223.569649508663
-1295.745282955883
-1337.99869639439
-1316.2641648881117
-1315.9024508407583
-1218.6737666177874
-1356.83006487479
-1281.330894171303
-1435.4428212863788
-1293.054065690517
-1155.6733783298798
-1298.3266405898225
-1211.0427744870947
-1385.8961038634716
-1267.3076892108813
-1354.685901680553
-1362.5746646494583
-1308.873534289949
-1180.0519135042537
-1230.0778863689823
-1188.655273762182
-1440.6053211365752
-1245.2822963685064
-1194.8934040385252
-1245.2910078802176
-1379.5130420619282
-1227.728743973358
-1226.2551693892499
-1221.5130294393882
-1519.3504775711435
-1300.8426574566263
-1479.9164540266822
-1327.8999174135029
-1250.4987756379307
-1245.465393424356
-1319.6952288089685
-1300.4141992109398
-1162.3436732934379
-1370.8799603945533
-1207.954441189408
-1504.7990933480569
-1158.1230919357768
-1303.614736976733
-1227.5118248149008
-1296.4674860264563
-1366.9887315257859
-1342.1676017418886
-1427.3662634302727
-1350.3394743731299
-1534.2718793181411
-1200.1032906320406
-1332.6378168687795
-1266.0832529274676
-1282.545678997435
-1325.5091234669508
-1379.4539730085394
-1159.6145911321923
-1376.903243477107
-1183.4218375352577
-1175.2420669384974
-1385.307111725921
-1290.2277779172277
-1518.3605227193775
-1466.40291489743
-1318.2473129543177
-1385.1348248945164
-1299.168714538198
-1114.2213708455224
-1436.9639854152258
-1257.2478278848057
-1300.7161517579448
-1214.1797353704376
-1582.1496653360873
-1381.053017941314
-1231.3641293781184
-1301.1943253912534
-1308.4187046888437
-1422.916952853152
-1145.6073265449563
-1450.5040299333257
-1245.2129878329097
-1348.3164432765725
-1315.1087672226477
-1439.1391465787647
-1216.6640926707753
-1378.308865297633
-1458.8347387930548
-1402.3939646883612
-1336.537561327701
-1196.4697996876225
-1171.7243290862805
-1323.0432275830117
-1522.8426366416986
-1366.1521543595027
-1210.5735013807969
-1371.2849141816826
-1210.3725010498756
-1345.8020363955295
-1365.6260224463902
-1218.2450019583073
-1343.734648806522
-1300.1757692966776
-1185.6706321339425
-1288.4306276732812
-1189.7842750611437
-1311.607920395243
-1305.620178162926
-1224.5531043400106
-1291.5388739295836
-1420.6389230083973
-1247.7320260342915
-1195.501024418596
-1348.61701360231
-1413.1571554022994
-1421.890094475416
-1386.0598232114155
-1297.753003230444
-1420.1634429400428
-1222.8841293934502
-1470.2898219127421
-1285.2238650847164
-1356.2363490619102
-1342.8096992747046
-1237.904693473828
-1289.619795374692
-1347.7273603793374
-1138.25457442502
-1303.1525355758367
-1369.1604772338678
-1307.3184067161492
-1232.9463347371802
-1222.6194275775283
-1233.0875083514106
-1351.740092026118
-1370.7372545228136
-1374.5957967122986
-1245.529829593978
-1247.8958970773906
-1214.4349558209576
-1209.452695086046
-1266.9228233435506
-1198.8724572295196
-1254.865732698142
-1373.5402482757474
-1269.957701496717
-1287.0334447817875
-1532.8376214963018
-1231.6284792526958
-1403.655290283562
-1408.5282392780528
-1210.7949705322928
-1336.9444646063675
-1350.1510858438414
-1332.7501133961912
-1328.2070242003638
-1577.461161798141
-1231.6709341981132
-1321.263570685072
-1268.1931987723028
-1275.4155197620798
-1103.0643043419825
-1155.708302158889
-1297.646733125215
-1207.881858446553
-1289.0328792138316
-1318.832236658244
-1360.2884698101752
-1470.116332870373
-1349.4272248486916
-1189.9529763561447
-1211.0341797582084
-1115.8187048349803
-1284.2693824659027
-1366.2933661377226
-1279.7948562827087
-1497.8485891136254
-1322.7286850366283
-1319.2278596880535
-1327.195751468066
-1152.8357867771708
-1190.890548086582
-1093.9039297597253
-1455.4642395286828
-1250.5267760463096
-1284.8923823049074
-1144.879515656269
-1311.4917118101139
-1244.3822478136135
-1318.6225952332652
-1211.7283847523054
-1374.800272392108
-1418.308622798746
-1384.0307994352104
-1194.952379882093
-1343.7842157918228
-1350.5804951232858
-1351.2369245023974
-1249.891382011916
-1352.318452845987
-1455.9408292802768
-1294.9664098374524
-1375.9611776814463
-1286.6319897886767
-1139.3798359196774
-1202.6184878199722
-1260.4282003493488
-1123.41658896872
-1177.2088929767358
-1267.7821077336894
-1228.3497823240384
-1369.4222431257076
-1244.4916285020972
-1466.6951015026534
-1285.433535421583
-1260.1586256002674
-1367.860561558311
-1194.5218546710864
-1229.288769297621
-1352.2160659921012
-1126.7452709404242
-1268.8367405871506
-1227.8590478840501
-1321.2346542024325
-1339.5006336001927
-1281.6953976523653
-1343.0523259276526
-1251.0152084311894
-1231.1235599093143
-1292.3066888570345
-1348.4177665089794
-1244.881381547186
-1213.4560613354533
-1167.4099568689094
-1330.4286062623532
-1209.9297636184451
-1260.7649023171834
-1251.4728123684345
-1182.1755513897942
-1230.7089199141606
-1269.931967718939
-1249.9995838065252
-1270.9694836562662
-1411.0893429204893
-1200.0781316261462
-1187.152552936358
-1388.3526414310315
-1248.7555233622352
-1245.2810397170397
-1402.4390651574467
-1368.2871699061552
-1351.138231168029
-1205.127527717466
-1144.2348387155496
-1414.8721804821332
-1169.3497860235657
-1215.996315287742
-1325.8354698585
-1267.4186630195163
-1255.1788701483085
-1276.535243820918
-1136.6408645909469
-1427.923260909838
-1195.2998121058743
-1241.9204890765495
-1252.7030499327639
-1265.1433753659296
-1164.043630857701
-1338.571510156129
-1233.6932247488328
-1282.1740159691196
-1375.7345716192935
-1138.771896979254
-1451.9774320069591
-1251.190557343861
-1454.030157014957
-1465.079650340853
-1233.809712260552
-1332.5666461981857
-1116.741574726684
-1075.5111687349888
-1363.1637424509622
-1297.034044886258
-1229.012105106648
-1403.0279946401288
-1196.7410931702418
-1307.4032079055585
-1358.6948222544816
-1428.4499243195532
-1177.2640767016394
-1237.2060228072332
-1153.375775212973
-1261.882339037423
-1162.2602501260114
-1229.391323275376
-1337.0318815809926
-1320.5123151809794
-1275.452126775077
-1167.5465044541331
-1264.3483633068577
-1424.1236305197062
-1417.5384901341017
-1177.4042188350177
-1300.5931950336303
-1464.4099569452846
-1218.2695442168986
-1382.1079717350456
-1234.595289449764
-1237.3436744458804
-1277.3850899977913
-1313.5492262725202
-1317.2862308425986
-1267.174308235604
-1278.523427358601
-1332.001743798438
-1317.7268324007173
-1225.2534590538908
-1173.2348571465384
-1447.8989047180648
-1284.320988741676
-1098.7434996341512
-1284.4292463204517
-1477.164652448376
-1562.8982694349852
-1257.483068739386
-1194.9628985693366
-1238.5324164187193
-1604.63779665159
-1146.8434957102643
-1176.3708980242234
-1217.320651923895
-1233.5575754072602
-1371.095146195028
-1238.705329007631
-1277.4125323151227
-1240.2006272429082
-1396.168387458102
-1266.2719940378838
-1244.3224679430205
-1336.446711746767
-1329.7011469177564
-1219.9399649482402
-1289.121102767645
-1424.5819114459146
-1278.5705739466066
-1136.647725009366
-1274.3611620072343
-1118.3931826226813
-1227.600336870816
-1300.9502829564644
-1269.4321332702514
-1438.372192491823
-1291.1046918826505
-1251.7193670515012
-1274.707001686602
-1535.88126649617
-1226.8259046788708
-1199.3857859129757
-1306.5961739196446
-1159.0465638955536
-1148.9486311908227
-1384.8206324188782
-1292.4331090520936
-1083.976317946947
-1373.6533239749992
-1223.7383196489561
-1295.2720101298937
-1286.8437796785674
-1263.2362083097953
-1209.5441240669563
-1107.6444292656438
-1264.1247656041296
-1216.7043128924663
-1169.20548975065
-1091.2071187577076
-1232.4943223180583
-1236.2011458547215
-1093.5690724915892
-1309.6605898764203
-1147.034876384491
-1298.8614143025968
-1317.073458765245
-1214.05023959036
-1339.666785305739
-1340.796575935705
-1171.8313344446926
-1433.7130409165302
-1258.5028785344493
-1284.110769404022
-1147.411828448913
-1431.9883908222437
-1480.5890328730366
-1329.4226529303523
-1210.9270614398515
-1374.202392807083
-1310.4821600446946
-1221.906187522096
-1274.5905480654797
-1236.0055211540994
-1259.8674044320687
-1497.7603706640914
-1235.1310566948112
-1501.066718996246
-1347.5080409638883
-1303.535412315354
-1241.3311533824226
-1276.2039073753308
-1268.454708843482
-1268.7378705143556
-1309.350679976523
-1280.1327018802408
-1204.0724746943786
-1306.4450173740943
-1351.574934141071
-1266.7673148835108
-1191.4344381913022
-1366.1682513300016
-1341.1538655646916
-1384.0264722656448
-1288.131679368278
-1252.7361514375498
-1244.101448967801
-1280.6325868327085
-1328.2829768695326
-1229.5523018701617
-1241.08206760765
-1143.753335162374
-1285.8029812184147
-1186.972073432663
-1104.2069612497933
-1189.8324665637117
-1241.0433270272506
-1366.1432672980225
-1261.558767149402
-1411.1845625699057
-1419.2670999850616
-1319.4556020647415
-1272.7849927973173
-1195.12081047048
-1341.566749420613
-1201.2326810430945
-1315.6080443336273
-1365.3981777199422
-1222.5628940233216
-1233.9840747562228
-1336.2608243894288
-1151.325285448398
-1245.5992299243064
-1327.1629523817116
-1170.4820732519006
-1440.225707783556
-1199.2803740974125
-1324.7815047789206
-1397.42898442178
-1304.4331102678566
-1257.3842121477865
-1365.913536569122
-1228.8290839071367
-1268.7042497470372
-1240.747917616217
-1406.6640193266749
-1293.868921962503
-1411.5059741089842
-1212.3468428128767
-1342.8404321003568
-1235.6424706062544
-1311.2541158734107
-1353.5198603445504
-1249.6279434149178
-1451.3025825615368
-1403.0339072274242
-1566.1171931011277
-1339.914448458073
-1433.7150049657623
-1451.9466637745963
-1138.3449418119005
-1253.2678074889966
-1224.9966834047746
-1215.3052280594673
-1189.9491018033643
-1303.9830617495845
-1338.6274259613238
-1207.528634349155
-1257.317852722634
-1409.413397393936
-1322.8337752653092
-1178.7583573076242
-1223.3453452378335
-1293.549477689974
-1337.1343687069618
-1364.3644208999685
-1342.2425814701307
-1157.249520851595
-1335.4205380242645
-1472.8102479873558
-1164.6114325898698
-1309.3905351525343
-1304.6730456783516
-1337.0797204681803
-1203.4373019208724
-1151.1685470183352
-1203.7152611221693
-1202.2360179678014
-1166.9837984756966
-1202.6923871987296
-1220.4714174277349
-1124.5543647157137
-1340.2657581075412
-1324.1324257614795
-1216.7609379243615
-1449.4423214800163
-1472.5812623508643
-1354.2348825955169
-1407.6789536536246
-1310.288726055868
-1330.5205194980608
-1363.1607595017465
-1531.767550885903
-1319.879753634964
-1188.7370377774216
-1272.2455945246918
-1267.2541006213523
-1111.5277762856992
-1226.5236179142312
-1230.0601584887831
-1221.5913537106103
-1350.3806654561522
-1285.163561779512
-1306.8558155234314
-1405.0749694561805
-1271.088112596828
-1158.3845350988995
-1185.4836813572392
-1260.5255432176464
-1366.0232556358433
-1353.54334043582
-1281.3384581648406
-1227.0177457175269
-1114.0830177862479
-1277.1386013744343
-1149.2062377905095
-1092.876756651164
-1107.0742449201064
-1265.6787971868516
-1282.145985224909
-1310.6753066001077
-1442.4017278223764
-1319.2035513494138
-1252.3714612630065
-1308.153217950224
-1156.491834538652
-1312.9040620904327
-1350.2297126452318
-1223.62201841921
-1240.6635659122087
-1309.5542712714202
-1261.5509722489096
-1281.9016563267123
-1003.393984956999
-1183.7629356483974
-1216.7476900805684
-1290.7441952633644
-1219.3225169917146
-1283.3069349766797
-1237.761457251642
-1272.5079281547323
-1234.9788170054126
-1230.2051049616884
-1166.0721047716004
-1237.590042168256
-1252.6610693275925
-1299.293644469185
-1256.8433740680082
-1319.638271931176
-1398.4624957932842
-1307.662691500398
-1145.5153378626508
-1211.6893544277002
-1362.5171318916691
-1173.8042651585165
-1288.9856031180404
-1238.3738209085582
-1542.6974302185681
-1356.3199469390547
-1221.3545123660124
-1168.181804303778
-1374.553450561637
-1250.6817504672892
-1036.8148238545969
-1349.929738055514
-1304.0834439620094
-1407.328491801525
-1296.8984148512602
-1211.0256779875833
-1295.5607001732915
-1163.6792782590962
-1245.2759584302967
-1274.1994481449085
-1353.1253901345656
-1143.871307511024
-1298.8777654295911
-1438.23573431389
-1198.917338804951
-1138.1155498101239
-1304.3416688647303
-1253.9747162485226
-1144.1149382323026
-1306.4260821866108
-1354.5821963745989
-1254.3107045733714
-1347.72279611186
-1326.2996143061207
-1243.4680694364197
-1323.5809161651991
-1348.5198894934747
-1141.0936796704627
-1368.4616191342907
-1418.2421308031526
-1182.0884105335674
-1306.8551119555614
-1382.3016468021708
-1305.0633971717507
-1187.280913278432
-1227.650186843138
-1252.3073948117672
-1335.4593521473478
-1243.4302854511388
-1178.430610235252
-1149.479904366464
-1198.346402366089
-1197.9750108525766
-1039.2737078759712
-1198.0911619795897
-1136.6633759409117
-1357.7468302521927
-1265.6681150809118
-1228.7791248408316
-1250.646283316069
-1183.3696881302285
-1162.8186150071274
-1326.116080617011
-1392.2866123658814
-1207.5569657225587
-1100.4676788560682
-1148.1383890372206
-1264.0022709847308
-1221.9621705312022
-1243.3007272423035
-1359.9368163099653
-1157.2666773901672
-1278.3854435574704
-1236.9581100162177
-1373.6827283994576
-1299.8454514064888
-1152.8872230316172
-1177.4938078925518
-1232.860451416701
-1268.0130798230427
-1462.8038258841043
-1369.6437316939587
-1252.740158797059
-1407.1814405909145
-1469.791340803906
-1352.9729082872375
-1202.8297335508391
-1316.8773285669497
-1341.9959422012726
-1223.0639797460558
-1213.8966794338687
-1252.4515875590105
-1285.932781812991
-1357.5686000194141
-1235.4024976859682
-1185.3798717682105
-1172.2991377351607
-1374.040731432493
-1373.6597417334003
-1306.732030557513
-1196.4652132001222
-1245.383788814268
-1288.7585411426944
-1374.8424827894264
-1299.6784866153157
-1312.8026834271736
-1156.2641081572224
-1243.6594983262617
-1267.1592200166165
-1206.0219036235108
-1156.9400358379448
-1232.786355047986
-1379.8432820204223
-1298.1818247160245
-1109.7601764057176
-1262.9575689320332
-1221.1977215091786
-1290.9067133200213
-1450.5634377539745
-1235.1167964059455
-1378.1844230023785
-1240.1980775068323
-1226.8415105276172
-1301.5791440553194
-1181.2313067195425
-1242.6252139839712
-1343.4591752071033
-1271.2168641053995
-1326.8249260726877
-1209.1364785797819
-1271.3033173461754
-1152.541983874394
-1209.98773812561
-1207.352454780288
-1179.7852225879358
-1412.2599562368357
-1178.9552450809529
-1364.2111257271727
-1275.9234375644824
-1205.796069149533
-1189.3708069763306
-1265.2012341771615
-1152.5405835560305
-1110.9949944407829
-1292.2555204161924
-1310.1036751331994
-1260.0737767867438
-1248.0944963052657
-1123.0674587771305
-1371.59066980819
-1188.3155868427184
-1157.7734097533646
-1160.5772321775532
-1134.6631963818156
-1174.1785439183016
-1323.2505902197618
-1179.9625248181546
-1285.8907573345962
-1244.416353437372
-1172.878520049502
-1073.3117317256124
-1271.5831499226142
-1321.7857668791994
-1412.4675121448618
-1266.301421202229
-1244.1493218683154
-1284.2547434741589
-1298.874889831483
-1269.9816036376951
-1168.5831533137664
-1299.0118735634098
-1303.4369164643686
-1439.4568953304388
-1125.1466061276763
-1452.121992934293
-1251.708244663973
-1280.4986951724566
-1301.4052458409833
-1244.4337029149876
-1297.394899310568
-1033.1769445844711
-1270.096048965407
-1308.4185850176523
-1248.6084782986172
-1318.189645692255
-1192.4068838667688
-1414.2251348626378
-1252.582526560277
-1343.1873858926808
-1339.0918313901684
-1094.7963669861017
-1415.7948078635893
-1231.3696505820335
-1351.4982981830472
-1200.1368507545428
-1264.2998392879551
-1294.5755932679253
-1347.788487659133
-1178.54722955184
-1338.8639443591974
-1395.4930703534708
-1482.197848073531
-1474.661439975597
-1255.1245252826945
-1232.5393613164033
-1173.3059491536349
-1276.829556584951
-1230.87987648394
-1260.1840131835966
-1228.4495026598804
-1241.7464331494168
-1306.3254849792584
-1239.9750824454593
-1118.8001931679157
-1174.3408735442479
-1276.2718171762156
-1367.1461435169358
-1114.2626647619816
-1343.5283668402417
-1251.4628640756364
-1333.1479024674486
-1278.0767301160083
-1252.1975734432433
-1299.6265874834444
-1434.0420136484684
-1333.1711496288838
-1285.3697333370274
-1315.5402224726786
-1264.4181892137362
-1153.935687698864
-1380.5450301055268
-1250.0686451166807
-1229.9441845586873
-1162.25988027266
-1184.4796314493062
-1162.59230670343
-1323.7174098569158
-1238.2035546567784
-1237.288041250138
-1234.3790018396244
-1271.2323407333672
-1479.2242365752863
-1401.0786944452755
-1180.9078134722877
-1252.0790129683753
-1148.325998805661
-1192.3396639882087
-1245.3911296444771
-1331.4754062988734
-1163.6110145467255
-1283.3417382796738
-1197.1129705398835
-1101.1496793883475
-1432.8217716862403
-1310.2004612279866
-1341.1912979611268
-1184.5343088039197
-1342.8881639527235
-1150.679788495767
-1250.829385486577
-1337.4192839434331
-1270.6501581591463
-1261.5617214055394
-1302.5693722555725
-1257.6000265885623
-1242.098106340166
-1352.4023197755887
-1398.203148481012
-1146.7877060223932
-1086.7666857500087
-1287.1802978139806
-1258.3305579593393
-1238.0690064589
-1338.2298612762359
-1238.373860753834
-1295.3235181003083
-1276.2075985498013
-1245.0984495084379
-1135.6685903076734
-1251.4143643173854
-1313.2152723327263
-1283.4397488088734
-1317.2366290284258
-1168.9068300871884
-1256.0865716500011
-1189.83055361391
-1290.2279761320358
-1329.9213491966402
-1275.540586509349
-1248.9331439855532
-1183.0781452830201
-1404.0272718673086
-1304.5642771326818
-1221.2817568394437
-1210.174157033927
-1089.633065453656
-1280.0560013446102
-1187.414292900828
-1182.9757301683856
-1218.7590678977401
-1305.2736444763493
-1309.9856711570258
-1319.5364921695545
-1146.8159675741344
-1199.7466782474248
-1277.8562715796636
-1385.3402826983463
-1297.4418037388368
-1319.3487725102118
-1322.8650996601837
-1115.6369177900724
-1253.2012588912976
-1224.7829179288838
-1152.2016605927045
-1239.980162200145
-1385.8092513074535
-1340.2992229977108
-1297.7856617369316
-1240.9355017563348
-1220.6479553809538
-1183.669649639145
-1198.1930697968273
-1160.859694003414
-1187.0507621821148
-1264.5258994525598
-1290.500512099561
-1361.626689788374
-1110.5343952720787
-1280.9403265036613
-1140.3339392156715
-1263.7856413524285
-1429.7646995555378
-1317.9953924111596
-1359.035059340572
-1318.3656399902209
-1324.4536638400514
-1311.1493993855272
-1222.4971832392364
-1209.7015554335048
-1287.5999939893616
-1193.0286460980344
-1209.8093577003917
-1253.539420066495
-1267.4806064640125
-1202.7218042512839
-1323.1249063379828
-1164.6910585313328
-1207.8396491874992
-1233.5022648242648
-1188.171311392265
-1101.7740003243239
-1441.4101145739196
-1085.371408587328
-1089.0083704967637
-1343.7640644003977
-1460.1178351168498
-1100.4377123310665
-1245.0873189238323
-1188.7215186157698
-1061.3225100886218
-1199.890309409986
-1224.8148410436079
-1156.882620220116
-1299.695244489828
-1239.9980266706254
-1316.4136370439148
-1230.820465521579
-1170.8083206681476
-1224.521875537215
-1186.4323457698204
-1176.1351526660706
-1086.9354655241482
-1145.469323961892
-1208.4534218462156
-1179.4379031129772
-1254.9301881635272
-1200.5925290479017
-1130.6657554144047
-1149.0380684520746
-1267.9541997142487
-1129.0660333469734
-1339.0945678911194
-1259.7614072342744
-1213.1172896738049
-1180.623875317002
-1293.1336015602944
-1378.5232970698817
-1242.161953554115
-1216.388080153492
-1288.4288928908509
-1459.1457054857963
-1274.8438092748906
-1155.4297443144558
-1245.818099980527
-1114.1839522960724
-1241.006396929214
-1305.4122840427112
-1307.515629200373
-1250.5148170927225
-1323.9643639206222
-1297.7660064217262
-1204.0850372223492
-1072.6113051403888
-1298.0492047202958
-1286.8833994472159
-1277.5673025961132
-1344.4654038264498
-1238.2224431153309
-1207.5386521828195
-1346.1246825634553
-1197.0230850117446
-1143.0593938354725
-1494.2686534872346
-1190.5084734203565
-1321.724250255317
-1256.1857918775745
-1353.5259186273192
-1230.712883214709
-1215.1718252100902
-1251.849104340594
-1117.941904910316
-1488.6973375516482
-1229.2286487569838
-1176.3217480796284
-1216.065590552589
-1195.8051506972897
-1314.8653152899847
-1184.525576487833
-1202.0398598689096
-1193.315969351567
-1299.3349278905034
-1225.5758377773325
-1135.0392974734757
-1237.4042388539062
-1167.1511801810618
-1346.1965190879696
-1265.910380809227
-1130.6615219145522
-1291.591570189548
-1300.3659265377403
-1304.2025946109738
-1237.6589338347776
-1239.3673778052557
-1208.670514196073
-1210.1337583884708
-1138.1092791328606
-1229.7639005813253
-1408.7002529435185
-1192.3065373734987
-1344.626639243795
-1163.3374464078693
-1311.0472254435122
-1234.1180693071062
-1184.9549236473779
-1232.421189283694
-1449.4143990181583
-1249.6769819822885
-1243.398187888234
-1181.214795849056
-1614.6512915856954
-1177.2242669761742
-1252.5766695717516
-1132.227522792823
-1182.8303224294182
-1259.179991102817
-1384.084969493767
-1271.3296373104129
-1270.6143857064017
-1281.1185640972571
-1204.5149094809792
-1236.8840694330038
-1372.373913830955
-1456.3199418735094
-1278.175732918461
-1126.8157352107246
-1121.1508929688755
-1295.7381433230478
-1366.9291350719825
-1390.9045971667606
-1273.0553873270562
-1365.273844888897
-1282.5780052384657
-1071.5405427266378
-1233.4127767156212
-1296.0307943795797
-1228.1278073255544
-1227.495352457231
-1279.301793988717
-1411.5345553146406
-1398.453165695571
-1311.3177730278853
-1249.71983085809
-1476.4174716437165
-1319.2160704709331
-1215.6353596898994
-1273.830572086241
-1301.8144636759814
-1359.3739683489773
-1201.0362479037751
-1091.152872519534
-1173.5793483996429
-1298.6445283298567
-1365.9498217063365
-1208.2987182646054
-1290.2704718998802
-1157.0933982403346
-1272.5002917702661
-1266.6857394524393
-1290.8145409831875
-1214.4404910997903
-1318.6341185830179
-1296.8032438596638
-1312.2372997156003
-1153.5067172639447
-1200.2257496167904
-1226.0273877123961
-1367.0084784315325
-1291.3499594387376
-1387.5419295791899
-1169.5146215952848
-1249.909498342386
-1280.967883203651
-1235.2698664932552
-1272.4115992170043
-1345.8674650355736
-1178.707176786779
-1250.7752621955015
-1247.9669747154471
-1040.2794171211196
-1395.1141277998904
-1324.643960834159
-1270.8813462856892
-1136.3262032422888
-1180.7323922718258
-1309.0411689965813
-1149.8081407589136
-1105.0442331396832
-1299.4068456892846
-1234.4479705387112
-1254.4968275206656
-1035.1229732569564
-1355.3944254583623
-1262.0530048087915
-1285.2467881698785
-1283.9950840843296
-1216.2795002659375
-1325.8125250610226
-1268.244364112237
-1313.5362306716866
-1107.0185097410695
-1129.8406755573697
-1128.0333309699952
-1167.7975659763408
-1124.10366953718
-1201.7204388847892
-1334.9892641339434
-1206.0204638529246
-1387.3001436292402
-1223.2285165381663
-1279.8119338025226
-1391.8025684514332
-1150.0201536803463
-1194.8581633485917
-1234.0085475129902
-1213.9375714227062
-1183.8503557161534
-1329.6925892612553
-1179.6596327337456
-1280.2850393709223
-1293.238537530785
-1133.8613070750487
-1228.9673214741943
-1187.598392757051
-1303.3209825603985
-1029.1722931714983
-1205.1595253931662
-1205.3382646990651
-1118.4710320255049
-1335.9189851305848
-1285.820548865186
-1151.766841203143
-1190.9793288532983
-1268.5414541440382
-1350.405852112156
-1477.4930652790226
-1156.0302153043658
-1228.280301897906
-1322.93204254598
-1344.0600076981682
-1226.582235169463
-1369.632591413816
-1331.685428726549
-1391.133782923528
-1094.0652697683736
-1388.2134173940983
-1329.7865383720787
-1285.5143992070664
-1232.41722258023
-1270.2893490093202
-1307.0905123079203
-1393.1378564895244
-1472.1636860131011
-1320.9058595102167
-1101.0110188219787
-1366.47186128061
-1340.594596317339
-1309.6027456151164
-1309.7409530341754
-1220.2177602743318
-1226.4709268976758
-1259.2508879797797
-1207.4405171721417
-1318.2315361098454
-1365.3481359024036
-1277.2880739084915
-1349.948439217581
-1208.2573805103693
-1231.7418889252735
-1228.0895428986962
-1134.7785856585647
-1317.0036284596783
-1279.1689044533143
-1141.5795735481577
-1290.820322245042
-1175.6777096199512
-1186.29316108888
-1230.7340900101096
-1234.2902830625892
-1319.2918001389544
-1144.529346877377
-1229.3739018011756
-1273.9239049092266
-1246.5269606730271
-1207.8620352124717
-1269.6979994205694
-1332.1226297264395
-1249.8503813977113
-1341.8704784381503
-1387.6755878073996
-1268.3702408024337
-1330.7321241913053
-1148.1548581795955
-1318.326682109809
-1267.2841930020036
-1208.3366139076663
-1185.384664815723
-1087.1366341652101
-1353.8787049072525
-1243.6660131510848
-1251.6434800933157
-1354.537107178344
-1204.505013203093
-1286.8357053669406
-1207.8521594224874
-1181.1326147368422
-1097.9785788663037
-1200.3243220021127
-1215.5461410842474
-1206.517632736366
-1246.0584853285145
-1328.8854170433297
-1402.7751400916254
-1195.834285490724
-1100.8970541889937
-1234.2799139410781
-1210.731868160983
-1163.214336308544
-1143.3130876387922
-1046.262283346476
-1276.7631790583837
-1283.7366110056669
-1269.8892160528937
-1298.7987184999574
-1373.1323861439982
-1089.269062083967
-1089.5361049453284
-1159.8999365772977
-1282.9358729353514
-1092.5862765550364
-1239.4638482024982
-1486.675330134034
-1452.7519974078905
-1345.974420729306
-1252.7049479001107
-1233.1442373717273
-1304.717886021319
-1257.181810969516
-1221.7398581429188
-1281.1392134898495
-1211.6573563904014
-1270.6259180850086
-1253.9413099123287
-1325.5881974012818
-1234.2343821345776
-1080.4559717525988
-1261.1884272576908
-1295.1574027747965
-1228.9770284509634
-1167.686821343176
-1151.154200115089
-1261.2759665198935
-1210.0458580998236
-1229.2607952634116
-1131.0069662798699
-1165.9096417919827
-1217.2426746653528
-1347.483477589705
-1253.6873570548762
-1215.0961962071058
-1331.7689453463017
-1201.1624800575796
-1273.0963678036399
-1232.461190301592
-1392.3643693997783
-1302.4624534341647
-1199.727608244285
-1355.071350761998
-1422.3923545675427
-1219.9853236411468
-1371.6523747917931
-1314.2234582723922
-1337.1359898165072
-1230.145913556943
-1365.0655456275254
-1269.081641882638
-1201.3499300687733
-1308.5461515778245
-1367.6255797236304
-1261.7280498442924
-1206.9142489405913
-1376.5515957384714
-1333.696381069995
-1165.957177750635
-1338.2272648820867
-1271.711539512449
-1238.965173540479
-1185.4249143089037
-1154.301782364303
-1274.5866625772944
-1299.240358770569
-1426.4238170331578
-1191.2594199911357
-1215.6122831717585
-1286.746036698411
-1246.7187157544745
-1312.3492703049817
-1119.8947750584994
-1325.9145685168069
-1368.2190769970978
-1303.633067452417
-1195.8385226670214
-1278.005872587113
-1275.4289776766186
-1249.5383190508499
-1336.7594839025726
-1313.5343711666915
-1271.449569772409
-1281.1332440350004
-1199.7374655974374
-1356.0620264958516
-1247.1146933182572
-1201.8311201349588
-1360.1463745285992
-1246.8470419795908
-1412.420753384079
-1298.599462920244
-1069.6904959639467
-1202.655893584937
-1274.4863831666862
-1203.4901788907323
-1238.124517307095
-1128.7410889083665
-1088.0858953024767
-1208.1549252653326
-1358.7362143472922
-1246.4667681114415
-1236.2640730202236
-1101.3164931318458
-1251.974650607641
-1275.8098361141235
-1230.4121273484143
-1093.74175620411
-1459.1045602429554
-1482.6667260671152
-1272.6623542044595
-1413.6587331758985
-1260.3232707858842
-1204.8412592835473
-1212.5100571719502
-1307.665089692373
-1243.6108668384586
-1190.3900147547827
-1156.2521291898133
-1354.3111994042056
-1209.309171267899
-1243.187456230804
-1231.7592987417993
-1214.0731157045675
-1337.448575328135
-1270.208831051989
-1379.4448559724478
-1280.0909616026224
-1208.9631913697847
-1202.0710551365994
-1197.1317621900012
-1181.2291447765592
-1440.589324606519
-1292.45555963182
-1198.513400684231
-1405.9855794030123
-1224.8327608268344
-1199.8220912407733
-1304.286735542315
-1335.6437896730092
-1259.278902856976
-1259.3429202647449
-1239.8913300399906
-1287.299053285963
-1481.0579561999143
-1192.3645026205575
-1290.0188638276068
-1216.977052781433
-1229.0527489167862
-1153.5406090274444
-1218.080939032411
-1173.0629756736716
-1287.3238387262224
-1118.7794180068693
-1140.920486706042
-1254.405477018027
-1295.0518417513742
-1383.8149490997864
-1197.2672445703517
-1235.1174871822082
-1201.2752268717377
-1168.9205403153662
-1329.3832567840907
-1308.3827069847111
-1261.0263729719284
-1392.2475673551958
-1282.8340981146357
-1178.6160928479303
-1339.1531606262652
-1239.492154329033
-1212.74649733045
-1144.6708865885912
-1226.8702331717864
-1241.5714542351395
-1258.2156274116876
-1237.3209119328203
-1313.1591743988504
-1263.555006621315
-1158.891774733781
-1266.3710315137068
-1117.2812037077738
-1152.0462167567598
-1330.478701037233
-1202.536511123484
-1400.9654907227366
-1228.801781928841
-1366.6554638715647
-1146.034002044478
-1137.4749581313488
-1356.7303206800418
-1298.3110354200653
-1190.073387689728
-1355.2585402740342
-1348.0929204939996
-1272.4223333456282
-1307.757403895941
-1279.7501629336693
-1424.0974664173825
-1202.5086171316868
-1284.0289402730596
-1195.9884043334696
-1281.343107435966
-1248.2559138178895
-1176.4684483274484
-1259.1485972808782
-1256.091385667275
-1235.4972180191887
-1221.1065349450785
-1145.2687706512625
-1139.248818261175
-1201.0053928267375
-1084.5016780641424
-1329.6562569684277
-1293.576999647332
-1295.8235414085887
-1373.9844312180194
-1195.730076138579
-1344.152568115358
-1175.6821599138782
-1224.1113036212892
-1262.9045722940696
-1340.3833006021039
-1094.9541539626148
-1348.108795992473
-1206.544187514117
-1387.3939903419832
-1240.608199489482
-1180.8854122732516
-1158.5488489881643
-1352.9344076085217
-1258.6057461796447
-1313.0214805897967
-1117.0561794493917
-1381.792753429584
-1341.2061174985458
-1203.6759322391206
-1188.4438498633124
-1201.0340313570339
-1248.9875369210658
-1138.3893127747315
-1228.8144012398288
-1384.746020376766
-1237.1533711854918
-1463.910546991728
-1265.3985775905498
-1130.2112620057096
-1211.828722942433
-1251.1917512414016
-1315.828867653736
-1146.6345881646143
-1198.4174137212067
-1229.5866640298186
-1290.9030503817812
-1222.294107340061
-1229.8881797732365
-1146.7880989528505
-1194.373531336349
-1267.767573859159
-1189.2449161480085
-1416.2756860423542
-1248.1853543594682
-1225.9868127805364
-1182.165452646868
-1150.5806338768919
-1204.413320861284
-1228.9996880817775
-1341.2289315259495
-1354.9854225352199
-1217.9515893750581
-1244.1025613364636
-1339.6789580948125
-1392.7769971740095
-1199.643265796957
-1258.644679294355
-1326.8832787283025
-1132.2925124627752
-1087.0307370980267
-1232.2601257293982
-1140.1943672627276
-1148.042161672671
-1172.4261470820718
-1278.7027605532476
-1318.8821957045704
-1292.521151818479
-1334.7114805886013
-1435.6552905598537
-1226.7685792877571
-1268.3196796306138
-1236.5102219282546
-1214.65877891258
-1363.2256064046303
-1193.2061876943083
-1305.9738166003758
-1242.7275288463711
-1193.8406879408874
-1288.436437306757
-1298.9446210809983
-1159.4710744157298
-1252.3734522762745
-1434.625500106177
-1280.7779009973324
-1273.185386726308
-1214.2259974670524
-1202.824067977266
-1288.2551245078412
-1250.0957508968077
-1249.5208694543217
-1232.08715447502
-1304.2211598652796
-1353.7763743065887
-1210.8315544407913
-1335.1681499948272
-1486.1429921128367
-1163.680901073432
-1184.5404116429656
-1290.8288406884265
-1236.179000498643
-1218.8727185501564
-1114.8619597336447
-1277.4658201259044
-1296.8171947871288
-1323.54844452944
-1239.1751209037602
-1453.8600185516107
-1265.7161026099757
-1075.398190322662
-1313.3381718318117
-1235.6419464717737
-1283.315929622876
-1199.190673782755
-1224.877825084296
-1284.623527055898
-1226.8293185379844
-1239.176926619789
-1302.6264491317015
-1212.3807614866405
-1174.551871708514
-1312.3538240768164

