-5651.747023909583
-5683.8612352362225
-6834.902279607413
-6059.875992725614
-6358.0437484780705
-5728.5634098151895
-6300.406510843928
-6655.935650240979
-2467.6862400660802
-6070.987482975615
-3309.1320903834744
-1883.9729329991635
-1764.503058990119
-1780.6716905204405
-1704.4346943244757
-1775.1301167110976
-1511.6937625921382
-1805.581820427964
-1830.7877594502543
-1764.8616223094837
-1725.4969887127645
-1630.1254939055277
-1494.3106297542527
-1665.2642798665074
-1883.6171241495902
-1567.3175201171293
-1317.9723899129103
-1648.1292808045314
-1599.1442241342588
-1296.5026625170844
-1997.7305205336972
-1684.4692325483645
-1532.7729030585065
-1509.0425843585615
-1661.7148193688274
-1763.275951250569
-1511.8605138349017
-1483.3904594172145
-1536.5243307212695
-1544.0109865884797
-1514.6695442226996
-1626.2082255997548
-1541.3740273247804
-1483.2456837558375
-1493.6706884544737
-1451.2753864215165
-1715.0041886155022
-1297.6190772452737
-1424.9629686040516
-1531.8650569115887
-1620.1205900312627
-1495.8819205415891
-1746.460698059882
-1525.046329882388
-1414.559134793806
-1456.2850481043608
-1501.2147194830077
-1384.9047865660884
-1424.4005786939288
-1709.5843086788202
-2017.9755209679752
-1321.837018769873
-1395.179186817978
-1472.969636538365
-1533.6463306373253
-1489.763762346936
-1492.3297015289345
-1226.2568936812174
-1495.92671230827
-1453.4309545905207
-1222.9333317723574
-1412.7826597769742
-1422.5144957369496
-1400.5978504340612
-1441.5975814128801
-1443.9369866412428
-1344.323352486299
-1428.3261151584402
-1493.0006282351505
-1264.8062640088476
-1584.2055968641205
-1611.212117400235
-1315.120840009475
-1477.604820859473
-1708.4979856748644
-1556.943390615942
-1303.6870740837783
-1442.1136582784593
-1394.6668451232936
-1266.846455209318
-1348.9506074376286
-1301.9189764147923
-1560.2544364036585
-1379.8861732149926
-1320.2018693814257
-1531.9408106927403
-1444.9229417853294
-1287.766287579081
-1377.2708839672655
-1538.1719173559586
-1303.7615190870936
-1305.7670233432216
-1364.1942602206925
-1427.081177361403
-1551.882538147329
-1357.8218205696394
-1328.3673051770088
-1313.1122930537817
-1418.9357096221904
-1491.952193756802
-1429.3164139762325
-1385.0408937257805
-1294.8572939082737
-1392.5709406535889
-1467.4412609522133
-1412.0559446041889
-1242.062132694679
-1371.1772816063456
-1356.6304794906296
-1304.751754565486
-1433.877989542518
-1417.316266827589
-1486.1125317013866
-1568.5161902733798
-1268.0839346311993
-1345.540510083957
-1315.1171088516012
-1311.6449549436525
-1317.2112575315177
-1209.4855956275258
-1276.932338150743
-1422.5702802464186
-1365.5993490562394
-1353.049283216675
-1206.8166430563344
-1379.3875743802867
-1227.3634922394058
-1277.8136081898276
-1499.9266843944288
-1433.6823042838018
-1345.3547797888277
-1326.1441932116413
-1477.2178445719267
-1363.290567830316
-1295.742238996134
-1479.8465984004815
-1349.5084185429869
-1556.0844768251948
-1586.3573678167586
-1474.7361827463797
-1245.615772907653
-1455.6819074630434
-1496.230990446782
-1275.3958809349535
-1276.8235804692924
-1206.1666094647585
-1340.8397530216803
-1261.299929708963
-1329.7446668709888
-1271.6120006130511
-1531.433153071328
-1624.6730940520106
-1375.9485576154248
-1417.9366788931102
-1382.0157526613664
-1330.1698456041615
-1476.6300024401494
-1140.5027583799886
-1606.5357556344836
-1337.462350548666
-1282.35296962965
-1351.1923909471818
-1506.8181050888907
-1383.392437849045
-1467.4787605503395
-1334.8721169511512
-1366.9683055223118
-1485.7576967713433
-1377.89034881597
-1333.411745105298
-1195.8277231551363
-1241.893186017993
-1493.9194531132907
-1309.2987056699244
-1469.0987957432967
-1296.1041652848062
-1554.3147255769622
-1282.1888245736195
-1374.64595515387
-1380.9471576720816
-1288.855315368222
-1447.004037461601
-1494.4778517366765
-1496.743276374734
-1416.5444897250982
-1567.656566243619
-1291.7543491166705
-1316.227560913284
-1462.4540956653327
-1361.4409746429765
-1291.81583188266
-1652.3839064868434
-1641.2180475188788
-1434.5930761319903
-1309.2347323821195
-1530.1412763837004
-1608.577810888868
-1870.6771286828607
-1561.661039633483
-1374.4679704146286
-1286.0556585381842
-1459.4387165784115
-1413.1861316208901
-1299.5814901891902
-1373.3800445935888
-1454.6214921301378
-1234.9250109470706
-1393.7387868927128
-1453.9351978233408
-1353.3979015903285
-1367.3752177928543
-1368.9021217424863
-1400.2373889875525
-1458.3131305173165
-1309.626936994955
-1587.67096189184
-1421.9058906066261
-1592.2357680342923
-1364.0497225636082
-1382.6112771963926
-1360.3242158201392
-1462.3693876533507
-1330.377401245176
-1428.612030986657
-1348.3680988749666
-1335.8065946581805
-1327.8622672650615
-1362.9378107003768
-1506.1609385438805
-1337.2109715708755
-1439.7701836902152
-1561.9231759792017
-1284.0562944425312
-1457.9353735906598
-1085.650402662007
-1312.5320285950818
-1412.0249268301031
-1303.7605242546078
-1369.0270370397834
-1266.1477424716695
-1246.4325939293112
-1280.3792592288466
-1347.9018510005712
-1421.4802698974647
-1284.1423548088505
-1282.025890043425
-1362.1936588581339
-1445.2332034336198
-1399.453249660221
-1400.0310793218678
-1230.3482088887622
-1668.484091000504
-1406.6707079002729
-1231.4833754291592
-1382.7857981072118
-1289.8296684758157
-1417.4753890860336
-1213.2487737150248
-1395.9642819197331
-1399.3945261690003
-1321.265849533257
-1455.6925626585985
-1307.950551923984
-1461.192350220178
-1483.5493401383894
-1389.5817558699605
-1415.5781397377316
-1738.3057013439204
-1166.2999667148592
-1361.5969936349438
-1327.3390639362317
-1463.1519736976734
-1238.256742502741
-1317.1667537543233
-1332.77120303305
-1370.014288244432
-1252.214490358694
-1247.2536407374255
-1257.7706561933082
-1321.7591600923058
-1283.42161060408
-1405.3909226847452
-1344.1590930405387
-1174.5782815113923
-1220.6803000691207
-1271.6788655925384
-1196.7880785896161
-1399.366252793102
-1194.527902468424
-1361.1677344644477
-1276.5628410929164
-1144.109561845442
-1326.9088740955756
-1272.89822491851
-1314.899317226413
-1379.0290204721414
-1282.9570859267342
-1427.8666305857666
-1328.9526769427337
-1497.8262930311078
-1467.6156435481444
-1384.2862158840546
-1468.7299225211036
-1352.5434544618342
-1355.7070372256317
-1338.4584716369661
-1465.0956198280523
-1368.10701538864
-1224.6474877832009
-1254.2435390891926
-1502.6324932225953
-1446.0302875352668
-1333.095271340041
-1353.6044615106032
-1417.0407041001006
-1357.3867209323944
-1406.431978803311
-1383.3096953461963
-1653.1743910503865
-1491.8568328559745
-1380.4903915839823
-1535.510780968082
-1217.0489009744203
-1436.4240411810079
-1571.2775186913123
-1327.9520735076521
-1307.3234684790077
-1376.1672441166802
-1341.008143073339
-1426.9414158569493
-1409.3710347546985
-1292.9674055923833
-1303.8427986734168
-1253.7651375006349
-1294.4409634173053
-1299.754739367202
-1357.0764977611152
-1242.2071234914747
-1259.0137112579864
-1402.9863602382998
-1301.526109326157
-1331.5757295056246
-1607.8815655826277
-1334.7389134308912
-1348.861527937819
-1503.9352595950345
-1329.1961455483097
-1388.0664743822722
-1574.3680953460162
-1644.3593600481372
-1361.4721831279985
-1459.062373318595
-1411.5490300977863
-1203.9526458507585
-1369.4945397608944
-1340.1633937141812
-1397.691676671568
-1362.550375167145
-1492.2399920082064
-1502.640038200034
-1363.5145018208586
-1215.3100196432986
-1542.7384475996623
-1454.227621976889
-1461.7262842138362
-1261.9878503948273
-1403.916392378921
-1402.905166600982
-1447.6521054605955
-1346.0328618607216
-1485.2035354050463
-1331.7681529138754
-1393.3995362644032
-1477.1316854820636
-1410.3850225076476
-1459.1506486398082
-1366.5398453489063
-1401.3854680338673
-1452.1257454971087
-1349.3461674919363
-1269.0343607059215
-1376.5742117327218
-1608.7234181956487
-1399.4135728664326
-1424.1193200273801
-1345.7757208739176
-1288.5987796757972
-1310.645386575433
-1440.9357215063505
-1443.1005992827513
-1210.9304271584458
-1473.9895194189357
-1357.5688348085666
-1300.7101977082584
-1177.5230584917479
-1243.5284003306087
-1361.166502368156
-1177.6849766315906
-1386.9081406392581
-1265.3329309866133
-1230.8061667972404
-1286.0149638994144
-1337.5524487783132
-1562.8072543296607
-1341.379273870716
-1378.2577141123713
-1226.8816830298354
-1378.2493837593493
-1297.6137555667053
-1345.1279635892981
-1428.4081368818015
-1201.6009315247516
-1319.6637005583807
-1277.3163556381269
-1369.596331982784
-1413.701122168898
-1490.9867738302848
-1294.4656325934586
-1217.6593444079413
-1138.8592762025055
-1211.7196852153672
-1204.860477715661
-1532.3645888017431
-1340.3361927350925
-1223.7593826831146
-1205.4481491240715
-1534.7760911893183
-1411.1380681598657
-1186.838229673337
-1359.0300694319685
-1443.9127057159153
-1326.7335702311357
-1315.3895794213051
-1288.7035960596486
-1351.7904375835517
-1320.970709285367
-1361.007918426344
-1348.891776223065
-1217.8617187573539
-1394.4794581013466
-1248.2420404795034
-1560.846376775466
-1204.0740590464536
-1354.1917470425271
-1335.9399547177825
-1398.7104590371855
-1442.542343287288
-1539.6290965225162
-1664.6831527162549
-1282.8369982513304
-1362.9323053241746
-1330.8235685583327
-1444.1445554853353
-1342.5029873812994
-1313.7860445069691
-1350.4982149148275
-1304.4181689897982
-1291.0662296213836
-1333.191036806419
-1264.5348000252657
-1207.2460235914084
-1437.3272049843288
-1373.312750855315
-1522.4112844030753
-1325.010522871205
-1366.0238819466338
-1298.9853224593278
-1299.3287115768148
-1155.2157536778657
-1459.4698721871584
-1249.6093500045706
-1324.2807921310286
-1288.988589412057
-1350.9131238553855
-1429.3892994388543
-1254.6792989069415
-1112.8098520890217
-1314.2341298449915
-1443.141481059431
-1219.8286983510288
-1285.4125737481017
-1225.802242342336
-1421.7926643492212
-1437.288490163096
-1471.9299564430157
-1208.2650721128005
-1249.5816508552027
-1439.1726648460242
-1304.0088580940928
-1414.3230673413866
-1293.1288296621829
-1168.6892417828763
-1242.006555201258
-1272.362286250469
-1316.0061294701006
-1246.6307478062454
-1465.0274537332646
-1254.7828014395127
-1399.8140488271092
-1354.1258208518245
-1208.0690050819678
-1221.7835371309245
-1286.7822940455762
-1247.3952503979879
-1303.2413669362081
-1178.0352484027949
-1302.439406544083
-1279.1571816026972
-1265.1674717654234
-1221.9713935691523
-1283.1179842076908
-1288.538853920385
-1239.7260592896203
-1417.7248031421827
-1304.7700864795308
-1270.4460039916285
-1260.0201908993574
-1286.4495277324495
-1410.4372546273553
-1243.1135090882215
-1435.7153388563156
-1361.9411211096453
-1345.4552626816007
-1471.611028779923
-1343.73398056424
-1251.780184273436
-1337.6943006284882
-1229.2403122540227
-1267.1338954838009
-1263.9773659638377
-1735.8647817856572
-1224.2412209574038
-1192.4295448996086
-1205.7111508814185
-1405.670448425792
-1331.494498075082
-1334.313168565057
-1258.0457057446831
-1346.0041749802838
-1386.2359887263171
-1327.5814868269617
-1269.728893752956
-1192.8052899484444
-1278.1834942858413
-1435.687589095799
-1338.4752658522657
-1387.2277880490412
-1290.9752213225804
-1275.4602901361948
-1427.3793368028391
-1297.470205078032
-1166.716011558942
-1459.5653322445692
-1359.4730663823734
-1251.5416215864664
-1395.375500806509
-1524.0679587528389
-1162.0308810355227
-1202.2308996437293
-1358.5424600846536
-1294.4661851300789
-1133.7564182600408
-1334.958231897492
-1333.6632647072902
-1222.9268058779398
-1299.9488639816054
-1352.6604063056084
-1402.797767522679
-1674.1938762667794
-1272.0395194272458
-1205.9817690210398
-1302.2696753417715
-1170.057959097087
-1367.4082429756118
-1399.876586398971
-1384.437928899612
-1424.2831881960715
-1267.1344661764083
-1291.7355076735412
-1205.2429831116183
-1204.7198334361372
-1276.3006319621954
-1176.1807169920721
-1433.6704597473445
-1388.6800404615697
-1311.8206022595336
-1127.2200837288926
-1357.1698796344608
-1148.6772404154462
-1376.0900647800563
-1286.2740868198023
-1382.7864472067183
-1271.6307968224237
-1350.4918177278673
-1195.964574020191
-1284.9659769008906
-1368.9499699051205
-1348.205436842706
-1375.3454289508916
-1334.7268076759046
-1437.3463541397036
-1306.2262642409746
-1192.7423764740897
-1361.166444814815
-1220.0669450962357
-1310.0457138876875
-1333.0580192338389
-1180.6616078166317
-1199.3961894295478
-1286.854406591514
-1385.65150375319
-1441.7321544082686
-1293.8307725396855
-1315.0271095306462
-1301.2116153193667
-1207.470554323367
-1219.9470945359792
-1338.8195156204363
-1294.5143199324891
-1259.877740617937
-1047.2645747173628
-1275.893099948092
-1340.9910903133923
-1361.8586325504602
-1331.4037327227004
-1246.824482112924
-1384.7733282242814
-1282.0477229192056
-1264.650447234167
-1312.43812158517
-1346.9567583535902
-1192.599625397701
-1209.542726729085
-1175.2347308162155
-1271.596848319713
-1190.4387244817572
-1322.666774026883
-1276.104242559885
-1194.9388729234952
-1150.9512774446723
-1317.6181271014505
-1294.5295290883994
-1285.221904660368
-1388.1986954369595
-1332.4517150919344
-1226.9743178747938
-1492.0506162798583
-1297.4910557791368
-1292.4678805412523
-1413.3366520432014
-1407.7998696510144
-1370.639215319529
-1251.8942652986773
-1143.5849809120807
-1360.869755222045
-1181.5115200107798
-1374.1998984096972
-1464.0816985774761
-1308.4035208590853
-1377.2522863975464
-1370.8323113232043
-1245.477646018231
-1407.92351512007
-1083.1032647378208
-1327.1518526942705
-1492.58354712247
-1295.64841120218
-1300.2404891636284
-1400.2120039449567
-1145.257849991346
-1220.4178484372837
-1333.58855380283
-1184.0551541438108
-1432.6323042111399
-1262.4523453800284
-1520.3540105375614
-1288.4542028935712
-1182.5472171132983
-1277.3759994969673
-1110.869096128946
-1094.187431407813
-1389.3087027228119
-1246.5224344518185
-1219.955478634043
-1434.7063250472202
-1147.4059489829529
-1274.3663298880808
-1332.862377299501
-1396.3301749528464
-1206.8970386709834
-1316.759525425591
-1242.5156379907469
-1402.6935013876969
-1280.841310766833
-1211.2756975750478
-1340.1791445108738
-1382.2909460320561
-1427.6392953870006
-1217.6272419407069
-1290.4067967541869
-1246.36182773211
-1336.6329138770132
-1266.101677395799
-1527.700730813448
-1480.7365447649302
-1399.3809434213429
-1365.5173718510632
-1407.4924295783692
-1277.0035597046353
-1363.8031644467285
-1435.644056876288
-1371.8751340372812
-1363.9537338998662
-1359.139850902172
-1271.1891712256845
-1364.1123603435394
-1351.0312736788067
-1272.051305108558
-1404.1127030567786
-1265.2836279701671
-1202.7787896438786
-1235.7863923560624
-1445.6403209490275
-1295.7771886081155
-1301.2994701242262
-1158.3171426834624
-1285.2254430370215
-1458.3704981156943
-1324.5616889245696
-1162.0832262345352
-1322.3701301647934
-1327.759791035319
-1366.7139715205208
-1246.2513351629227
-1144.2130725165023
-1256.8832519178286
-1378.9958125371518
-1194.138409910386
-1230.0804577253532
-1471.4502823464877
-1225.5291222159756
-1346.915005205576
-1264.3260374343863
-1487.841104965394
-1288.7347078516623
-1128.2602153539506
-1412.5759167899732
-1148.3242636624475
-1332.5748097917353
-1339.0728628361062
-1266.7852269412886
-1406.4780472645723
-1280.1630485851515
-1252.1478346823774
-1264.080407454129
-1535.508178676337
-1283.9644772418371
-1170.9318894925543
-1267.3380193613139
-1146.9651604757626
-1225.7903525014992
-1261.1583575041882
-1407.8460409030056
-1121.059771177273
-1344.8215804987249
-1268.5214868387047
-1366.5628226929691
-1262.5278159529005
-1227.0479609445524
-1225.931751193289
-1171.0330275627293
-1316.4023686532566
-1350.1438211970653
-1254.5591213256216
-1168.2237076372605
-1247.7588352831986
-1303.3222157199525
-1068.2429120898892
-1238.5063969399255
-1241.297591382129
-1302.9926446334346
-1206.2665032403957
-1206.8086080501344
-1440.6087889426628
-1375.5005882696148
-1170.8901380287623
-1379.9984787385356
-1230.6159071187706
-1290.43049210167
-1234.9195089097748
-1473.4395419876405
-1325.7416668575424
-1284.1240933197266
-1159.2658396519728
-1409.2749872316087
-1272.8667960926095
-1144.6531875732069
-1201.215697742385
-1293.816217253918
-1244.542011184038
-1360.8315046689295
-1406.6850100152135
-1458.758516209993
-1394.7153716900048
-1181.3418978348086
-1308.9480919271903
-1251.4739116424535
-1220.7168420297253
-1319.5352050041836
-1213.1099303085284
-1336.2645085110946
-1348.0284689367286
-1261.1876679241075
-1453.3146903889435
-1333.0112285259881
-1347.7745009655782
-1324.275060662964
-1325.256134967571
-1310.6503944121432
-1301.8998503014536
-1224.7832023481303
-1168.8144621752801
-1294.7958131381201
-1307.4687614972026
-1259.5874706877282
-1267.2901672079956
-1136.4368557668336
-1357.373108385289
-1181.1171091284825
-1121.4846523028152
-1248.9795895295742
-1221.809175921162
-1373.9972069744733
-1197.9901753243146
-1366.2988270417252
-1280.1057943571584
-1367.8606840427688
-1326.6679771903512
-1198.1362184915076
-1328.5581704336298
-1096.9144673891753
-1271.9536196186452
-1318.4816082290872
-1266.4797951373457
-1276.9781467488049
-1370.8750602067164
-1143.3705964861863
-1338.265590852795
-1211.4081003238236
-1155.7269271408877
-1359.332474360268
-1223.3520120692156
-1298.6251883189068
-1318.052777447526
-1282.5376633646742
-1242.9794671566324
-1332.4278199502862
-1306.9818985312234
-1190.557737652751
-1272.8816314061824
-1218.8104392217958
-1236.114958471553
-1462.272857060437
-1270.6999295046069
-1304.0264597445753
-1241.3051180676775
-1384.4580489873879
-1273.7861599326388
-1269.026143088046
-1412.429696858005
-1348.4419394495217
-1347.5728309748279
-1423.890002912175
-1319.1904663780847
-1391.0960769903943
-1128.2354975152878
-1196.7235905160294
-1102.221025254288
-1119.5521648010704
-1145.7175358478614
-1310.7270147964994
-1261.2577181657718
-1336.1422835909498
-1272.724063719245
-1363.4795121440184
-1230.013900566129
-1172.0290425449343
-1307.2133127009092
-1277.1887035546977
-1339.2226691667952
-1309.867189306249
-1366.7059537711657
-1231.882745607145
-1288.6891616698301
-1354.5341657276556
-1184.1957033729304
-1346.5806229336345
-1314.324947370893
-1313.449234521963
-1170.7933359814685
-1190.3151142568997
-1189.1904937176914
-1147.2557494164737
-1285.5036803962348
-1159.1879936828643
-1278.4668005056435
-1103.4126934074757
-1328.698803369078
-1290.4952277993489
-1303.6485944617862
-1341.6121953461352
-1412.0972889772725
-1286.323626936347
-1393.059167530807
-1351.2490813069016
-1204.8644554729933
-1260.5952970450567
-1449.3013724619655
-1207.2092346361992
-1187.6589895946279
-1240.855627254279
-1282.198521164962
-1104.951418243531
-1236.7974121869
-1180.3113387120634
-1147.5377571300955
-1338.5802255170984
-1206.3561751714958
-1254.9024752110145
-1318.6145740760824
-1199.4444372028493
-1167.7222268095366
-1136.6955082615066
-1330.6818405399636
-1443.7354752094473
-1389.0638538019355
-1290.1517485108955
-1235.2076290445007
-1087.0618276984617
-1228.9987645146996
-1178.3785999004824
-1132.0394027354157
-1132.7390867421095
-1262.0601873961868
-1261.3152592337315
-1411.6968464927113
-1390.7139963383331
-1415.2304122191435
-1297.1384644992418
-1366.2591082575182
-1165.6393194890154
-1337.23609045199
-1390.538201738335
-1250.3403114190585
-1196.338878387659
-1341.9953869893593
-1266.1863006460862
-1304.0373518665037
-1054.259400723927
-1169.7220419467185
-1207.33050896157
-1199.3021103147482
-1251.413732030343
-1300.647427946728
-1181.0139847426206
-1342.064530003149
-1198.5462947612612
-1265.1429419660583
-1280.0179547880032
-1127.0361817888713
-1209.3931362173435
-1233.650407128579
-1203.6610001499168
-1338.7177404097342
-1216.2240004463865
-1241.5406919214906
-1104.9838680236878
-1184.373006359351
-1236.688952733301
-1192.325248841748
-1242.290848775423
-1217.2132224352374
-1461.4978610642881
-1212.1521683029928
-1256.6895088748174
-1224.2900454806752
-1315.3489786418597
-1261.1603917211785
-987.3076303837581
-1303.8231676412054
-1347.6294196555662
-1248.8756188020043
-1232.4257102128295
-1127.9230649640879
-1187.9613815847824
-1183.8455705875601
-1263.092791461333
-1274.5355039758135
-1248.2793433093884
-1192.1689033673856
-1174.6156779756102
-1325.8317531290638
-1115.1557397120594
-1196.1488503523049
-1198.975922396641
-1192.6065168414952
-1139.756984602878
-1201.1300091054288
-1185.9728967109384
-1208.4951027292204
-1372.3284429265104
-1254.4594130471958
-1337.6022720168805
-1302.3157628906586
-1413.1958844350756
-1151.0094746103841
-1295.867928951657
-1344.6900614549934
-1240.8117828458762
-1255.0330098558306
-1239.1760071671247
-1201.7192503658734
-1136.2553886741637
-1287.407141579401
-1298.2015313701254
-1436.9432506176606
-1281.3453751986208
-1218.265680493556
-1116.3181618944643
-1165.0840821506279
-1186.2519272816583
-1094.7898689800259
-1199.7352398895932
-1111.415785844779
-1332.2836346204492
-1303.6645661979421
-1283.0136137144991
-1254.1721255815285
-1139.4424267716718
-1164.0845685979914
-1274.8223965544894
-1333.9317274413443
-1308.3897211282258
-1138.7646867227804
-1095.0314592306572
-1241.1310694741032
-1209.985556995537
-1340.112576302485
-1268.5613801911923
-1040.1335407198565
-1259.8176760963847
-1204.2866787315086
-1323.2226732903866
-1224.5837891838587
-1205.0411676257763
-1191.9647566455947
-1155.9855504440857
-1272.2096751303418
-1356.6135673977012
-1269.6914734333986
-1167.276616691897
-1398.650905733741
-1290.0541036618379
-1312.1895631804748
-1233.2108340298182
-1320.5527596716236
-1481.181196296884
-1319.6035536213722
-1252.4781161523306
-1210.35213724138
-1380.1272352490712
-1377.498219571678
-1265.238999643373
-1227.2939377291655
-1188.6254995972156
-1486.142123816441
-1311.673513153684
-1424.2188391632396
-1251.0875516352678
-1265.9828513899636
-1259.0375032428153
-1228.6474427873793
-1299.8003682531235
-1281.4203557901492
-1162.3433577480562
-1225.327148002493
-1322.7170247842798
-1232.081805355501
-1209.019584600017
-1287.9407941154773
-1301.1520674759163
-1254.044815022322
-1145.3499662884985
-1181.8585260778684
-1217.7983722392478
-1301.5037420878925
-1337.9342609914597
-1289.8010938849593
-1305.311780485642
-1286.7209674880378
-1365.93290516466
-1199.2760449584057
-1233.2434704984182
-1285.1033497790818
-1330.8547662812405
-1262.5379510984296
-1385.727610292419
-1181.900045049313
-1268.3121509618006
-1147.0212178398392
-1193.269893269178
-1195.0422019251646
-1174.3138619020172
-1316.843493362916
-1167.557078304844
-1400.420481529954
-1269.5704413221035
-1441.6045775553123
-1104.5357027454081
-1303.0817258882118
-1274.1269183417721
-1070.7007073675768
-1254.5239150305815
-1366.7716113395018
-1298.0621193092516
-1281.6647337572192
-1093.5006700946985
-1399.3270356251141
-1209.3617529821213
-1321.0700210789732
-1225.1026977030053
-1052.8321212166375
-1157.6127313361656
-1186.7358014919773
-1212.8639052205576
-1236.4609547572265
-1296.347740942672
-1146.3411242544285
-1077.2538927851642
-1324.2371524103876
-1290.0269629102067
-1461.003209874207
-1144.795890279261
-1204.2770912292144
-1307.8927335400913
-1309.3027640326347
-1304.094583970944
-1092.0558314882587
-1313.9847447701563
-1255.8565867923485
-1286.4990537957283
-1172.2250925786757
-1308.40816605312
-1373.9594647987717
-1242.971960227982
-1311.5871399353343
-1260.3692738153347
-1339.9412140203513
-1065.7931026795131
-1184.3190972815448
-1292.6850574591854
-1201.636731968362
-1283.2790407789546
-1163.3146441570045
-1433.1100003887898
-1213.6906492831818
-1295.7843077608031
-1268.0989312681722
-1164.8317112441803
-1431.2772096204487
-1241.1633687831397
-1267.1941875203956
-1190.3483776290718
-1211.8434393638406
-1309.5389580862766
-1346.2336552941815
-1167.5886741457623
-1277.076699030964
-1388.1922796003473
-1506.4315262361795
-1259.5441731723317
-1161.817634299107
-1239.1210914896528
-1180.7361577545994
-1315.4562459402914
-1184.8563047229736
-1237.346751439999
-1290.1237893103728
-1206.2220929421253
-1299.9705714922227
-1262.4981424180044
-1129.927944145046
-1153.1018604964136
-1202.1898222250154
-1333.8767825392479
-1154.3672791080853
-1282.5958205482511
-1319.3345302985526
-1287.7066157215668
-1396.3917735666869
-1222.3036179422961
-1188.3521483839752
-1385.6685274091076
-1290.9708961366255
-1278.6086933002025
-1281.9655173733827
-1285.3606883247658
-1185.4683999610425
-1286.3742554262753
-1221.259540137404
-1210.013598104633
-1168.1443903867748
-1222.654397183946
-1178.3776282995518
-1250.440736912737
-1384.0858931136697
-1283.6201946124993
-1257.4439674005412
-1222.4100664130917
-1330.1194490589633
-1403.958374641551
-1183.3378016833772
-1241.4963361751925
-1105.7313470785111
-1332.4378745840534
-1288.2869894125522
-1263.4614795381383
-1227.82114424917
-1301.8734698243024
-1284.7039995007235
-1119.4366682610525
-1255.7126480506486
-1367.0453254787294
-1356.284229746897
-1176.8882279506981
-1275.0847313108125
-1217.2727860273887
-1259.559320980439
-1261.9025970521607
-1224.570531418646
-1261.9413289510378
-1285.0141132244007
-1278.8530298625783
-1323.2097049929707
-1375.1402380172183
-1286.613434043295
-1222.5224495412667
-1075.632255986538
-1284.134535287397
-1262.353353728428
-1231.1640706097724
-1231.7807395452014
-1269.9263180722144
-1276.7137198381483
-1310.1708211928717
-1230.9936804047886
-1147.4518882231337
-1255.6811952290373
-1292.7576319524392
-1216.4833898243273
-1291.9100307242054
-1110.0626834227967
-1211.5557068298647
-1123.4930585919121
-1265.8305464537816
-1214.4785511462164
-1199.07026198555
-1142.530468450322
-1264.435516752322
-1316.6495441825086
-1261.9883421574668
-1261.1450655788467
-1251.1219683986574
-1117.4683597602382
-1178.0415674326384
-1167.413188436176
-1127.9103189326725
-1183.9024010936412
-1209.1881421715195
-1305.250640437769
-1237.7746038642592
-1159.391978902029
-1140.0842657812757
-1341.9711853099216
-1323.644403319122
-1178.0523185260006
-1246.7462151534887
-1321.181060421819
-1127.0629837026763
-1288.8575269523872
-1201.9159796969302
-1114.139892969241
-1261.757502520004
-1386.0509480971975
-1370.3708657246727
-1231.6221706131892
-1244.942501154218
-1166.9106311116047
-1184.3240627767202
-1244.4798148706805
-1397.1065045780924
-1302.981617065786
-1284.4616375930102
-1264.298400334982
-1306.057431980201
-1119.0032105342054
-1307.0910925485432
-1181.2547347804655
-1257.207233335973
-1299.1205250914165
-1349.7787132323738
-1167.4633986872439
-1380.2787434710035
-1371.6404561339284
-1259.2052263345588
-1196.2431101968912
-1354.6082421207577
-1412.955925577674
-1237.4244454298305
-1168.5735415318197
-1271.5480388059923
-1170.7851841917416
-1200.704931762915
-1399.6444774668348
-1309.934103324451
-1249.6832811630586
-1230.8309064458053
-1211.8145637666717
-1170.2312379806779
-1260.4299683859774
-1087.5479388999918
-1066.7174203194345
-1289.3578176551491
-1405.5845214293192
-1177.0924307668251
-1225.1610396386711
-1194.1921659186019
-1084.9148467367768
-1278.7725950586128
-1246.2080020240946
-1164.445023231892
-1250.1068856628453
-1287.152410379006
-1256.0449843019633
-1189.6530680756089
-1129.3157673103865
-1293.351049493905
-1217.7731201893878
-1145.1582610929174
-1146.1635408205582
-1160.7252783189667
-1242.9274012754888
-1158.8868875678456
-1325.662021439409
-1242.918837746353
-1178.063542210053
-1207.0135989326145
-1398.2534439897927
-1152.5330415769242
-1296.0134636196253
-1211.0238374103483
-1212.1471804924172
-1175.2308663158838
-1301.3995293558128
-1335.6591214076911
-1231.481654738265
-1315.7094138297625
-1292.218171718283
-1389.9470616746587
-1256.7561868072864
-1103.190183164963
-1343.954121093004
-1188.4395413213783
-1227.7125738230827
-1250.9837406525012
-1253.4564686383615
-1267.0079705473552
-1264.9724472390049
-1273.3087032799885
-1217.3420334288464
-1086.5501564151834
-1226.9365478334473
-1335.7352145164468
-1299.64661703978
-1345.7246964126584
-1183.5393604471894
-1281.4945479358803
-1472.7856769859272
-1215.591666613405
-1104.748130776526
-1353.6733660863742
-1218.365817910225
-1372.798006347855
-1297.7201128764655
-1346.8309070260634
-1285.7937250451696
-1231.7138751708126
-1273.8387391677884
-1166.5603583134912
-1387.3545577362815
-1236.8290261250477
-1174.502369472184
-1181.2271014126761
-1174.9559323836108
-1289.3704873877377
-1236.4461550344913
-1145.3211848965998
-1257.0942824830388
-1319.3581019042151
-1204.6625915685247
-1167.8728957002447
-1208.7828327669802
-1211.2212326352965
-1256.1979225341524
-1306.1817452959776
-1078.4355392338264
-1230.3107335925201
-1220.2165502498924
-1286.764219394785
-1269.201580063234
-1234.8537752938164
-1248.5129748859777
-1145.940472479987
-1277.7475069794134
-1212.478574146578
-1341.9639595080753
-1214.917918802266
-1353.214484140216
-1396.0833085030201
-1262.5994941118572
-1164.36504676707
-1268.612303607939
-1204.3810638352518
-1316.382009067958
-1182.9046074610267
-1177.8753751634092
-1117.051234270438
-1369.7130003339055
-1161.291832838764
-1181.8324644404697
-1144.932012908032
-1176.2146566680697
-1260.1366093118756
-1293.5401526879398
-1197.5073192367552
-1283.1105271713027
-1236.3307378754616
-1138.7575913454664
-1194.093307877426
-1347.6340395809066
-1301.1942254577784
-1294.5474566568994
-1112.2839472901394
-1176.857702073297
-1246.2537060842687
-1251.9209524287942
-1332.486911646178
-1242.8152776792233
-1331.7171367607834
-1253.29355840577
-1095.304677121682
-1265.695240150346
-1299.831008137374
-1322.887977170718
-1229.8526949238703
-1231.9784318047675
-1375.8922656240518
-1386.294762606911
-1323.0321284953118
-1153.2581690752538
-1215.3869644644492
-1263.9155189666703
-1231.4811259090093
-1284.136553009206
-1209.7112357047472
-1400.3806236838227
-1163.801293254204
-1182.458951982684
-1208.3256049361378
-1340.952981076115
-1299.7719072356658
-1243.8963962878715
-1345.4440037470658
-1155.6833306323088
-1205.3927541185608
-1307.952277584249
-1253.0987699051302
-1220.0063825095997
-1285.2609712043813
-1142.1347558898715
-1233.158147015337
-1160.0350095695665
-1110.8440352788853
-1223.4636120310379
-1300.107330419737
-1342.585604605667
-1263.2004209313845
-1161.9969867715984
-1226.910205376078
-1276.9934016501747
-1183.761994763153
-1208.2232964207644
-1219.72590428608
-1234.5229733118558
-1123.979096662201
-1254.5993762750559
-1066.6947743471887
-1343.7131326451658
-1228.2716061317865
-1210.9400117066987
-1134.590722549511
-1180.5812056010616
-1250.3014738964557
-1198.185436056288
-1170.6628827363845
-1120.032572970568
-1265.8487509804509
-1205.072414875434
-1147.8644417941716
-1208.345960659051
-1396.6932996222033
-1234.0111399735579
-1314.4512305369249
-1294.107483867656
-1295.7273445389337
-1154.4287684078433
-1294.558525752155
-1178.781440708986
-1121.6824958604807
-1174.3107499218283
-1207.1848028651311
-1161.3316712840474
-1161.3313164194296
-1348.8291108295286
-1156.0558759826013
-1309.499316047663
-1233.8561591829127
-1246.2483038869345
-1325.9177946981392
-1151.4113118239366
-1147.0135478126228
-1239.0842539844575
-1276.2828065810954
-1159.9259802042095
-1180.4568882682954
-1094.3763657624784
-1258.0446003246193
-1219.0563456592954
-1110.6920542976097
-1293.3942553582783
-1213.9460020608367
-1397.4297857420079
-1082.418390045589
-1175.3587360365727
-1199.3441497331723
-1193.5748779923942
-1324.3045022113067
-1314.2430761513524
-1188.276490407102
-1184.30995014166
-1217.4343083513031
-1285.9879427259298
-1358.1176074853984
-1140.2939884871614
-1145.5391919809952
-1291.5798535122092
-1302.3099623773865
-1211.645388755968
-1448.0500837972015
-1297.6774729719546
-1340.8056378799538
-1168.9687195518306
-1213.777323856574
-1245.5121770201133
-1283.2034049456108
-1303.830657230266
-1275.326246068791
-1375.836975124209
-1193.4004773216489
-1237.322766727385
-1179.447091977174
-1063.23919637399
-1308.138335802115
-1201.054240309288
-1234.525172622199
-1215.5310666399057
-1105.2634870694146
-1206.1596759442427
-1234.9709772444744
-1144.002542035507
-1385.6278804408403
-1296.0052922361538
-1262.7125742280068
-1243.127737291571
-1155.6510659896473
-1176.4719904953631
-1263.1963773379953
-1169.5120593045604
-1306.7780130861568
-1171.2056662725895
-1157.1622523599435
-1291.3931425679414
-1135.6321768944733
-1127.0470527154857
-1227.357881406973
-1288.2406944637144
-1308.344982661922
-1132.2964096131648
-1209.912172340064
-1276.3520225767163
-1258.2867547956034
-1220.0092811919446
-1185.2150284360093
-1211.211544825918
-1182.1143148240692
-1265.2664315537622
-1375.0186856637845
-1252.7656038107052
-1302.7869477937618
-1153.4135608157505
-1254.3878732443227
-1191.7951704144477
-1196.2906090415372
-1289.8268029847334
-1106.8299429328206
-1314.5997380973158
-1241.0744422374046
-1247.0944714480775
-1294.7183026295252
-1231.1637612576478
-1308.6521021981177
-1339.6433273731598
-1133.2821875370123
-1078.984261327384
-1235.207000189432
-1196.2560657166973
-1302.0685351752936
-1250.328294756026
-1231.8727485706986
-1380.5845534919667
-1141.828356717038
-1060.858274562515
-1399.2893473789018
-1183.3005448358845
-1203.4690805229313
-1155.0304268714315
-1073.3692301660049
-1278.084178806867
-1291.2764370998286
-1321.0116373066312
-1370.1811064732146
-1338.1230617180145
-1108.3281663493267
-1155.6017722620895
-1163.607745277921
-1143.1026659437746
-1092.978287470604
-1248.437879550204
-1256.21603416379
-1385.1668381442232
-1463.968766904925
-1278.5864097180838
-1295.589963907787
-1311.6061184260052
-1191.8073944996559
-1249.5076336734792
-1287.6410856797265
-1195.477485533463
-1249.3986153406029
-1303.750157729096
-1310.276896326072
-1301.0449763635875
-1073.9665610037118
-1281.7083303255515
-1231.531544331622
-1330.1472572313207
-1226.8096272901748
-1235.874529110255
-1307.8621572973377
-1231.902949477866
-1259.8171178787052
-1145.952758498521
-1163.5711027464886
-1208.099231350891
-1261.4708205991294
-1289.2383913695126
-1251.5455007433236
-1212.6522256921705
-1151.73814282
-1251.4219862328168
-1308.3608968256663
-1166.0008466850475
-1350.4841601207124
-1165.9409924965964
-1230.6249411604385
-1299.3401793382245
-1225.88363215012
-1393.0037685685202
-1258.314448658536
-1272.2252149095036
-1289.6178023195848
-1205.6801147899153
-1320.6113039250788
-1382.6740867712938
-1254.7863288905367
-1377.4604728588326
-1234.8481402824234
-1258.3646643876054
-1280.7234024021998
-1366.0358768677524
-1100.5403966894971
-1288.624318403205
-1366.0507470940236
-1283.3082817842562
-1223.4273510424568
-1194.9258233196258
-1243.7116251989628
-1137.459804601477
-1433.612927149801
-1227.4314229145537
-1123.156340899779
-1283.1622595564584
-1246.3572391001544
-1200.9885979652222
-1237.2344061924668
-1285.8859786178625
-1284.2536970787123
-1183.0199305750155
-1219.4702363330703
-1225.7738742376032
-1249.0313949546596
-1257.2349503404284
-1296.319516728623
-1323.0648394655077
-1238.1684069093774
-1297.7073136609138
-1154.1721960589582
-1280.6008472466865
-1276.6139559647165
-1256.3268788314322
-1287.5343975771796
-1197.5050213661707
-1236.033448009475
-1324.6363671032022
-1042.1707933538928
-1179.8694256944368
-1278.9369081715345
-1265.9536147219076
-1265.5750806744188
-1138.1320428105405
-1128.5463952099415
-1188.572276543641
-1383.0197362859653
-1287.0302230681343
-1231.1166876214793
-1195.3351523929232
-1345.9152361545266
-1225.6616365087903
-1175.780827475595
-1082.8609137055016
-1350.4830731799254
-1382.086482146384
-1207.9164953649943
-1352.6866244459347
-1138.5422173687787
-1225.9339997885352
-1202.9319310947249
-1238.6711804284996
-1226.1540431508304
-1301.963487116786
-1149.2038379370977
-1301.8842498228414
-1239.5298009150838
-1191.0603776577814
-1271.5911391232448
-1127.6563293523532
-1248.023929415529
-1351.255407500204
-1410.3907327262536
-1282.0871267539808
-1191.653479888956
-1212.4740006977197
-1250.5866270526776
-1166.7396597335094
-1363.2381369462164
-1343.8031027053003
-1143.08717442968
-1240.8165099467064
-1117.6147313552592
-1227.5889863876462
-1331.9195374529802
-1323.897844840901
-1220.3020719124509
-1212.944667841458
-1216.237446335641
-1299.5472300199417
-1418.5654712423514
-1166.5354791352684
-1271.032285900692
-1234.1743764609669
-1211.7987718005193
-1243.7104342967195
-1296.6407411478885
-1175.432280825877
-1187.0762067237454
-1154.5406823131152
-1116.545076390307
-1211.6472461671863
-1179.004550215479
-1326.7256201225737
-1138.063467852098
-1243.94547998968
-1238.2952035332255
-1107.5111050035055
-1238.1151748439534
-1249.0515144910103
-1189.4575012792254
-1355.887449468919
-1224.2261465979561
-1243.8227791045597
-1335.7150330921277
-1284.019057791832
-1198.9472022743842
-1137.9110198894123
-1251.58215101304
-1246.729613054459
-1211.3585781727506
-1242.526880469101
-1295.6521204504993
-1267.787503793571
-1190.6488339564573
-1218.7811433911033
-1099.7683867961453
-1103.9711450995485
-1303.4413262523965
-1145.164437502879
-1303.0033831594346
-1218.0770271376896
-1348.4000578408195
-1143.9078703762466
-1128.3464809515178
-1307.72584512304
-1254.0563580976423
-1291.7050060175275
-1424.6758635712094
-1255.1485976374715
-1252.4000857405726
-1408.7585316544073
-1271.063433068422
-1421.8671472080046
-1203.5448276424029
-1251.4847079724905
-1166.1468249208765
-1283.4968255043896
-1229.6254550602825
-1179.3494743991273
-1216.7101959738934
-1195.1642934432705
-1278.0356534851592
-1288.7495269574738
-1158.4615784089006
-1202.2247574691587
-1251.3457313568863
-1123.7593325067219
-1209.7298491142087
-1213.442356375717
-1161.5482389242259
-1403.4589309123214
-1343.3180039724464
-1407.1502163005987
-1243.521304626815
-1218.65419523209
-1330.1590176331129
-1336.619373330006
-1203.0441727953175
-1282.673045756883
-1262.9003565246219
-1188.148621436703
-1227.71186717855
-1211.4463768820744
-1155.4190801239117
-1316.8757201192257
-1336.5349769059476
-1306.2971695921078
-1302.8344247844968
-1382.7713207520283
-1486.9475930523304
-1168.425425847517
-1209.8364185461257
-1202.1441320312606
-1185.810849891272
-1196.2625399291583
-1172.9684940569596
-1317.4139007097122
-1203.5167493343024
-1296.820043274727
-1167.4990774815997
-1190.3948820423273
-1221.5422745454298
-1239.421348964228
-1347.839424763948
-1193.7777135826561
-1201.5696721407212
-1307.9830711419609
-1314.7102983770772
-1213.2755559694178
-1207.8206384900325
-1102.1213214732973
-1249.8682392492874
-1339.0734186309521
-1285.1201324999734
-1401.7711227486525
-1208.0647732745992
-1266.8891445645786
-1145.5765724933653
-1211.552458636345
-1201.4426700883987
-1241.565773588987
-1378.1790678334696
-1357.2214033469209
-1119.9618446487993
-1204.3642851762083
-1387.1219768758156
-1431.1875045877634
-1386.4176538789652
-1303.9401165914771
-1320.8768104876267
-1132.5190786555247
-1111.424004001599
-1264.6907013867929
-1189.3220924588938
-1202.4350381979468
-1156.9077676683507
-1345.6556403796105
-1191.1744144306956
-1177.3801181214947
-1276.5809784167377
-1370.68337379093
-1190.2605735083034
-1258.5111455754495
-1270.9726506840425
-1139.6259095797973
-1298.8410569446933
-1194.965668296742
-1314.698853717543
-1205.6093259511613
-1244.5402733575888
-1253.513944191204
-1277.1687464067459
-1194.315317235422
-1274.3807272900006
-1339.4957544068056
-1263.1851269526796
-1327.0344311959484
-1245.869409321267
-1295.3125994674094
-1230.8210113657126
-1271.6528955647466
-1375.4205702651811
-1296.2308664866025
-1255.9289541522712
-1317.3514812200829
-1264.1074770033447
-1354.4647782077925
-1460.09867733605
-1309.912273878366
-1212.234273017338
-1320.162071453705
-1244.528975146255
-1222.8019335713498
-1138.8945168502496
-1278.63691609323
-1245.0466659885744
-1277.371065391678
-1212.5655265322353
-1443.318596117969
-1307.7454338856999
-1114.1739391000249
-1286.3103688179115
-1269.3443850039146
-1311.1174652094562
-1274.5302176384057
-1302.4797667500588
-1292.348828907044
-1309.1772267231386
-1127.139312891951
-1342.256210657784
-1280.262657907592
-1161.4014008968518
-1215.8645987738505

