-2162.491418381476
-4545.665653329423
-3899.491010685997
-1474.816058360509
-2227.1204608151825
-1695.0148224521654
-3079.7358642205145
-3281.418245418025
-2998.242870511489
-2055.424206896079
-2463.876430550969
-1561.309745823276
-1652.9671242993863
-1467.9115002767767
-1333.4497867801258
-1468.0928595548194
-1437.412056277107
-1408.4410507710231
-1561.880833978572
-1439.0005397325056
-1510.133609191739
-1547.4918061980234
-1566.8785359029398
-1525.0369211221678
-1477.2862375460072
-1353.8885678930708
-1303.346727999216
-1443.7423442726829
-1314.6149643069245
-1545.721675936954
-1519.818771027577
-1527.0807620670457
-1289.6484622913895
-1391.6626190161853
-1550.6458784367883
-1418.9500569879726
-1283.2658914150306
-1318.3637186282253
-1243.3279768848843
-1255.3216853790334
-1474.3554628239622
-1351.6575251411766
-1359.0195494816808
-1474.5234002362138
-1406.3657380046657
-1405.0915288603012
-1418.8848412277084
-1484.5625044467815
-1409.9256806737694
-1523.6381782899475
-1414.2046349339544
-1212.7054589097595
-1315.6390556175174
-1353.4440569387984
-1469.986701624347
-1491.1511209722496
-1434.3785032303606
-1337.3817656127244
-1346.6673701125367
-1341.0999283023764
-1621.0186881876855
-1276.4368227940977
-1511.2893160239437
-1431.1062366583812
-1639.5971904247326
-1363.7700395957986
-1289.6386707866793
-1429.3183490130268
-1505.2406097257017
-1489.1671347835209
-1795.565664554042
-1297.1299848428034
-1613.9694883280647
-1592.8521053434035
-1628.9872122058036
-1575.753091534436
-1529.6520035843123
-1245.4633395047715
-1426.9844774299722
-1413.3016521585334
-1375.8873847998666
-1515.3464972398542
-1338.2527843435407
-1340.375375625832
-1327.4641782696103
-1319.2379176576578
-1210.1956893490615
-1391.8256457595535
-1335.3154782996994
-1590.885444599858
-1161.0380297587315
-1426.025344289724
-1235.921073208775
-1315.3168803946865
-1169.0385702596648
-1636.6973143684527
-1317.4671191849375
-1427.9547969870398
-1260.9777672703892
-1332.2419041360074
-1240.4540799903632
-1433.301090000999
-1422.2308370995074
-1527.4676842063263
-1387.9413156174364
-1321.6910977829086
-1546.907018522642
-1359.849570601852
-1332.4007118782465
-1270.8206864829378
-1333.6798268339714
-1416.5220866445063
-1427.5394301479118
-1355.570065127277
-1269.5470322509898
-1440.3097705916214
-1413.4058256756348
-1379.960870650277
-1337.8336879050858
-1194.5108117841721
-1258.2012321602606
-1434.4021933869587
-1235.2675909682036
-1188.5560156452939
-1435.547095031142
-1508.5159101660029
-1293.9739640994237
-1279.087136812401
-1298.4306232181368
-1271.4066129454513
-1430.6981599821906
-1452.6614994028218
-1350.1861770628075
-1248.20482895333
-1294.8702677119513
-1361.2211163881802
-1391.2536556006762
-1304.6653586865586
-1511.0382073334351
-1329.1132291002743
-1430.6940594953492
-1376.5807685745694
-1344.2729794626775
-1544.9724068558746
-1137.9714341336169
-1290.9500560757645
-1347.8676828201458
-1230.7000578265527
-1348.9150311693038
-1251.4422198716538
-1223.0620768686308
-1310.76791055336
-1337.5541107229856
-1267.8394719305857
-1261.393682020609
-1280.5495256517281
-1293.9170647298824
-1232.8272857341042
-1311.1419351217282
-1266.8503515195607
-1285.512826329582
-1445.9356347279822
-1513.139666697091
-1337.1876268979206
-1238.601327204608
-1462.2359391693808
-1244.5429128375902
-1362.5206096962784
-1349.9152148024077
-1469.9175629580013
-1339.5840519477701
-1496.664552957659
-1434.227522043287
-1324.7500267162998
-1473.068645811032
-1349.6565754028607
-1482.7681464311972
-1283.096643395923
-1538.160522260095
-1336.785369204106
-1313.4998357322984
-1202.7027045691693
-1433.9257980985249
-1409.9378192926104
-1206.2651350819751
-1237.7340384448034
-1222.5962014636702
-1390.447255413011
-1397.6969140195672
-1292.7398806091205
-1368.2637013710753
-1078.8020218422967
-1367.150500274105
-1303.2007558513833
-1387.5750995468422
-1432.159616009336
-1433.6121632568102
-1434.9873454523756
-1397.0052988082455
-1313.8218083192114
-1230.500179628873
-1310.2266137529107
-1173.337333565303
-1204.753393366444
-1256.8783949919925
-1221.2498901393374
-1336.7005714830848
-1357.8744021157493
-1350.7395490812778
-1263.4592207659753
-1307.2316297573611
-1343.8040091775497
-1162.733487121325
-1270.11336567096
-1503.3784566267361
-1398.0556102379549
-1258.0937191637227
-1414.5573701966555
-1296.5508811534798
-1471.282440973955
-1343.9953094132215
-1334.138938265742
-1245.033730354443
-1293.6088691344246
-1458.0680346653464
-1183.6592326072075
-1574.0817204104615
-1313.277679105283
-1218.5238435315962
-1472.4918928594552
-1306.4644667347727
-1108.9777163964616
-1271.0587101084366
-1164.9579246211506
-1314.182545231094
-1278.804517546806
-1263.4114107186108
-1415.1429476903286
-1214.3930141253725
-1550.8211266687927
-1264.7149437200787
-1442.3409060263607
-1150.7419952142507
-1378.7373233145302
-1258.3605909147423
-1379.356808471386
-1354.2357177918966
-1265.4072238907197
-1254.0077620915417
-1325.9814542261847
-1149.7639021073724
-1345.879142586442
-1235.4824900025606
-1266.9869615501138
-1363.7278797447746
-1259.0535833899944
-1320.7694977866759
-1239.1187748489865
-1253.489411911374
-1524.2338297271097
-1240.611813446428
-1361.7562593814869
-1287.371466816492
-1251.8777163262557
-1266.732087206963
-1323.3717545776872
-1394.6234531684133
-1328.160990238814
-1222.3558595833172
-1510.992017073403
-1391.5851495708125
-1285.945551678946
-1279.8832486921701
-1392.5145444656462
-1629.4372772474487
-1257.595474476741
-1444.3991518062103
-1354.172177897672
-1346.5489785500904
-1283.070911257006
-1254.6939851363438
-1320.1857246451061
-1440.5399551125317
-1234.7896974844334
-1255.6502125275028
-1202.9095374413937
-1432.8586205610904
-1231.6312807435943
-1314.2692522535795
-1316.9061704781284
-1213.720391388135
-1353.9265870393983
-1413.1743254906705
-1446.802269921871
-1173.2935556210732
-1334.4308617334445
-1304.185415764668
-1300.8711124945257
-1208.577753057431
-1342.39997904817
-1296.304563407457
-1328.9672019327475
-1365.548809435968
-1549.7845281629795
-1237.7956271866487
-1261.1593185641586
-1360.4827216864899
-1140.565782430781
-1266.0433766336816
-1412.9061804010685
-1384.897956239182
-1433.8137802366452
-1186.7971610769346
-1425.2757710384485
-1506.0111357164928
-1227.0842552115182
-1307.8965018745432
-1285.7062001474396
-1148.5938607241217
-1186.1743225151713
-1315.5922389132752
-1267.812302176344
-1275.615343766859
-1313.3260766468277
-1382.7279967745365
-1267.6520083992318
-1173.9049183749698
-1179.3331882437926
-1220.0319501011115
-1420.853537557281
-1329.6205681583124
-1252.2692970849494
-1309.9834466003715
-1314.353020944045
-1269.4615209475419
-1382.7078552104817
-1295.7360499630076
-1195.8498151137183
-1259.0898409414813
-1353.857374388468
-1299.3682172527394
-1236.5943181656655
-1265.1953199728757
-1326.207209022472
-1316.928728158699
-1301.5222653069534
-1235.6881725314004
-1110.7363210853125
-1221.4525970883158
-1327.4275935826106
-1278.411892569751
-1191.4134672161517
-1149.5658397398417
-1200.6089748306847
-1180.0616730452264
-1429.4853799325901
-1365.749972020002
-1410.4060157514539
-1405.8545076089122
-1217.388077925951
-1193.5403234803848
-1402.3877391679146
-1179.9646865774146
-1400.3594810654201
-1578.9672606298025
-1289.2236910840202
-1262.610803686465
-1306.9680077591775
-1271.2085910406963
-1232.9342238453974
-1199.5850250399608
-1191.048752411514
-1284.0332184422462
-1264.264659804061
-1339.1324491120968
-1305.660079249691
-1269.507807903066
-1162.5009060679752
-1286.2755319997673
-1415.7136014842226
-1315.4535257770897
-1379.1560919066471
-1288.4557036977762
-1357.9326695676273
-1355.6593496271155
-1341.8458857809403
-1341.1287383168735
-1324.3118727474837
-1191.115117001703
-1230.529385128592
-1237.473438312002
-1273.2002826044795
-1330.6887229366046
-1252.5571046649482
-1257.100645474882
-1202.5132189428437
-1344.2844766526516
-1367.447740640102
-1247.0818887313949
-1464.4599696112891
-1344.5575325135826
-1396.5598500826495
-1336.3721327007336
-1294.8939846674964
-1339.6147570552785
-1295.0043303738444
-1334.4540964166536
-1269.5781844972653
-1444.7102536599946
-1225.3664019708601
-1306.6500311326886
-1279.2891093003354
-1412.4936282174042
-1251.9306528389318
-1228.0743608776215
-1329.028707727834
-1241.2757306193328
-1290.0903730565017
-1216.9064482406473
-1320.8013834690782
-1267.808649476852
-1244.8159818267284
-1552.8524052004557
-1231.5064967047388
-1177.5845381587453
-1386.0855723745308
-1113.2613576391902
-1376.7430566704604
-1249.8707068645108
-1439.1609819517853
-1509.537618600649
-1383.6557758538397
-1357.749153786266
-1270.176834465911
-1446.5914692927342
-1366.1472433960512
-1407.2450783334853
-1120.6436475990097
-1214.2869897374599
-1287.2871590424295
-1499.1063807507828
-1290.3869215442828
-1324.1068602828514
-1230.2289646375125
-1312.637047297785
-1269.528338813186
-1254.1857599137024
-1283.4643662360795
-1311.8129460640555
-1260.4059971240629
-1188.961005248403
-1235.026639103895
-1283.2449914091985
-1232.381376658881
-1479.119160741997
-1336.5168223241872
-1405.1977223941649
-1140.378646569109
-1195.7914783618623
-1391.2059914465324
-1341.0614463548861
-1228.796319014659
-1343.5153223993043
-1233.310280130012
-1310.7270032902622
-1234.173838235058
-1230.0151816377365
-1256.5168497384102
-1276.639987883382
-1239.837588135101
-1358.0940136510599
-1287.2511550603724
-1460.7613703947948
-1229.8264345396533
-1420.1339117476175
-1213.564207776415
-1313.592040074698
-1520.7125068631033
-1179.2359672788014
-1610.7535975969474
-1357.9722566364126
-1262.731126523709
-1377.9930322103019
-1218.0811488373813
-1240.3364112925947
-1280.4919588007792
-1207.5079943144488
-1378.9995574750567
-1260.688151837138
-1185.6591928373123
-1089.183674501802
-1206.6457648485891
-1365.793937821827
-1159.8832863125251
-1614.1890453324088
-1345.6909877319315
-1068.8952649374512
-1465.105747900915
-1375.9912793823746
-1280.3288200881013
-1180.1669482943164
-1193.1108156947269
-1351.519251672242
-1419.6999387801557
-1349.8165122332907
-1200.679705506974
-1193.417195067066
-1069.6466476544329
-1246.5094043276413
-1048.1532717302252
-1231.5113853590199
-1277.7278535768437
-1316.4276972970938
-1266.512918945872
-1512.385058253035
-1446.8206917345342
-1327.203687623266
-1237.5653876117278
-1413.1203404078578
-1159.978154245165
-1110.0731054116584
-1287.0154880713096
-1236.9776789290747
-1490.0795037694206
-1209.16057903438
-1324.8113208916338
-1142.8386344948713
-1278.437326265495
-1257.9523952655572
-1229.617815410706
-1176.9060973488645
-1400.8812567349087
-1158.9213638288552
-1250.5454532388228
-1444.8160995325804
-1179.2753012524477
-1235.7268873254866
-1226.312577397364
-1218.024430231685
-1249.9115729289897
-1290.735851572159
-1310.8545358526546
-1289.222922502282
-1209.63346747185
-1277.5624908335155
-1227.2764846858163
-1119.9467164028358
-1385.094364237128
-1398.777951966843
-1209.8118359764762
-1307.72176052575
-1279.8264155467875
-1176.4822020075183
-1352.009950868549
-1297.2997574482117
-1166.5545786196317
-1257.1635193885522
-1291.3120162139248
-1266.1465237435682
-1428.0603023107305
-1258.8691338459528
-1275.693358327616
-1288.1474996751067
-1274.7837492907856
-1115.92613253172
-1278.6330905161842
-1314.086408659291
-1261.174038641124
-1153.3159492237578
-1224.6483805959413
-1276.3483035310687
-1348.7182115695423
-1302.3094284312974
-1218.7342863812132
-1285.6133723256455
-1331.1343239162113
-1244.3538078962401
-1235.1477124159783
-1241.371936518139
-1362.8826100512472
-1369.9351488566715
-1335.6423675066483
-1302.2229475355743
-1263.6483447866754
-1272.6451607372555
-1264.401917856574
-1234.9024152578327
-1447.773138230803
-1380.719396225938
-1338.5776700362005
-1322.8837559118394
-1493.7268696255633
-1237.8444002867654
-1327.1293486750883
-1311.5280759925145
-1260.0590826102489
-1317.3329121865704
-1294.0728025907101
-1348.8724460451444
-1192.5611122418852
-1095.4695910170735
-1259.9587738110736
-1203.5966848292771
-1308.296989623457
-1451.602089336443
-1294.444040075299
-1378.1098218205186
-1292.175975275884
-1224.4663146306707
-1279.2433193973718
-1154.2238753924644
-1313.7628326415106
-1269.968126403296
-1183.6575736739373
-1381.641146377121
-1216.741400184432
-1260.6064833572486
-1150.6059215434975
-1336.4632969893273
-1313.4196721019716
-1308.3857766348674
-1251.6431981703747
-1233.7735483831964
-1416.5341378421992
-1074.5851302298774
-1285.3048641293735
-1323.8694326049947
-1559.0899442018658
-1337.2863556708435
-1293.3456480687348
-1349.3811493217179
-1277.6654764853
-1245.6299242329926
-1152.6038384467909
-1208.864424756543
-1148.0788948621205
-1365.2018813241123
-1185.3944845470992
-1454.1244070734872
-1254.8808114760504
-1295.3289171367314
-1374.2328051313007
-1259.2753924923304
-1282.8072144257956
-1179.973523470597
-1240.4699360358832
-1255.6548124825556
-1399.5703548752106
-1131.4686359258553
-1226.153293996714
-1281.2388674165738
-1126.1437631483443
-1343.3434266554077
-1201.1426791973952
-1288.647104135286
-1181.803026904314
-1415.873807885833
-1233.5971942848519
-1142.3546248415694
-1257.7960958729
-1230.846599847565
-1324.0622288009513
-1286.8170128094505
-1258.9114562941595
-1250.1812178062348
-1124.740937766924
-1359.0519820815773
-1276.6971729123622
-1283.7020344753946
-1159.8652042709605
-1204.4463117623652
-1213.0029449595104
-1355.5494597658735
-1202.5455821443318
-1320.5993842365338
-1075.4993354416456
-1309.6696545969462
-1487.1749042766535
-1250.3066622506085
-1323.6539641084657
-1203.8295682592368
-1361.3238110416005
-1215.5633574329565
-1396.6493893665092
-1277.6344481971364
-1369.7346108679694
-1151.9394967304152
-1161.174001018048
-1228.28926083774
-1142.4102756948669
-1201.9437838155025
-1276.0174892353468
-1388.3631598978704
-1344.4087801817382
-1281.6623855034777
-1315.3486544905354
-1290.7706317904863
-1308.900300871474
-1132.6147345450897
-1335.3222112937578
-1176.0896099939255
-1194.6043343763217
-1304.846098512168
-1224.3291310800857
-1237.0775237358566
-1145.4891913031945
-1039.1292343135412
-1497.3307534261598
-1295.09540987548
-1368.0249237040082
-1240.5633554995286
-1282.9685900126772
-1374.021919459596
-1334.168555498024
-1311.8583712682032
-1300.760809680183
-1282.084571697653
-1387.408964692119
-1117.9033793884378
-1246.513455846983
-1284.5861744624679
-1194.3432103524897
-1135.085120455725
-1348.7094285139058
-1308.8525947996654
-1231.7129574677874
-1167.5550768311498
-1374.1722315332888
-1296.4743920911867
-1350.747917259988
-1262.5134258150892
-1344.2165958746036
-1203.0826270536752
-1216.282200706232
-1227.0213148140517
-1286.7044815347544
-1136.3821522944359
-1302.8407827215615
-1212.7838488248967
-1148.1950989863994
-1236.494375983168
-1294.3257644192167
-1161.5699399957855
-1317.5318147472854
-1222.2738880746217
-1282.5044486284576
-1193.7004325079981
-1165.2310725710831
-1239.0542597419478
-1622.8002271122127
-1246.6634044793623
-1222.628577283288
-1184.9986920293227
-1292.4498249132037
-1330.065016860828
-1190.5974105846742
-1111.0028253149487
-1157.3556890858206
-1360.5349219603852
-1196.5305180911862
-1335.8704668921685
-1210.311958713205
-1221.1175848289995
-1342.86367988863
-1176.146500326858
-1212.8032122724385
-1138.0349502675106
-1241.1119833622652
-1346.2717409354775
-1203.0603234231983
-1333.3716250265036
-1363.2597551236995
-1337.2678394181962
-1287.9976619808874
-1142.8036830471574
-1190.627847279796
-1318.7922412411262
-1322.0698992960056
-1318.960625891682
-1174.9770541130356
-1256.456268963529
-1292.416455595591
-1247.2571840256755
-1197.6004420978823
-1226.579128454253
-1336.1058291001264
-1343.7696554701163
-1193.0134772265883
-1295.3537952960824
-1155.5902194104065
-1289.7661525195533
-1379.929365131925
-1147.4166161920941
-1199.5081116729766
-1256.5447456467657
-1329.9165402213139
-1312.598359717883
-1174.698791923734
-1338.334162206369
-1255.6879323437108
-1307.5844228690253
-1304.8985775693782
-1334.6256427663384
-1369.8354909392892
-1205.5710096785313
-1276.5268215274955
-1160.8133402815806
-1146.9652158666129
-1299.413667726151
-1149.244733876112
-1328.2191911345044
-1240.114195078829
-1229.6682104485465
-1321.606267628269
-1253.1164160926812
-1207.1848129237808
-1157.4840609708442
-1103.7653814510275
-1308.5826775193043
-1378.7833529139025
-1085.5247225763621
-1227.6132677803944
-1243.9683382435542
-1226.5474915431796
-1433.9368082504075
-1353.7916378295622
-1141.2445736997897
-1141.978946733523
-1297.0662562295383
-1148.8865964682507
-1202.7147734217035
-1164.8663332367018
-1077.055968271136
-1258.152063956275
-1379.351280799589
-1241.3970409266167
-1415.0782276522505
-1210.3554626387456
-1291.0024725326164
-1210.8346839976082
-1083.4933091488133
-1252.9490635438106
-1205.1127171971189
-1376.4108283246478
-1392.5957313947779
-1149.8321133103723
-1182.3890217486728
-1111.4938766592793
-1206.6013406485588
-1206.569065845
-1184.5117346212385
-1186.3181607129202
-1090.9721140480724
-1291.0901854213278
-1180.787482425519
-1258.1360145668707
-1274.0344522685086
-1349.6514235490974
-1259.5463196305545
-1123.092754291336
-1408.2348852650757
-1301.6467740958988
-1370.2466469746948
-1325.790811065797
-1177.528374546343
-1124.2382216083163
-1426.5341331907337
-1372.5644182090289
-1162.111773011818
-1395.7677671656613
-1269.942583445189
-1287.4664411181618
-1205.701052840145
-1318.667026213775
-1234.4827077882705
-1319.0478054868056
-1149.9796011190242
-1293.4241488047676
-1281.4200053271677
-1133.3690114311974
-1327.2762067838476
-1355.5956898026388
-1069.858539511948
-1258.5034133596596
-1366.9923894519784
-1295.6422600213946
-1152.636340921782
-1212.2804492079235
-1184.1338540004117
-1287.1754008346234
-1333.4727316378464
-1332.3453690380356
-1217.2442452418254
-1297.9758609747469
-1116.7209884045474
-1164.0853484228826
-1233.0048064336288
-1200.9717668041067
-1148.005279750854
-1209.043603225038
-1378.5002603976209
-1166.3996735809465
-1237.588435388382
-1233.4241468759212
-1288.8291834359923
-1145.8995503110211
-1171.5414981973101
-1150.8073452778976
-1267.279241055443
-1054.691434266281
-1245.3166822962494
-1108.0353035873518
-1462.5898810161489
-1142.2497021796216
-1330.2737401952463
-1137.9591957327827
-1351.2487081445997
-1267.5906920441055
-1368.6727658422196
-1094.307647007079
-1181.5395490220164
-1307.4183611161134
-1259.5455106226188
-1248.5562899036756
-1283.6842873110131
-1216.2343952785463
-1052.7965096729863
-1345.3411617583777
-1196.3547376317538
-1393.133385436169
-1146.3549112706266
-1123.3937859951898
-1279.5339048696778
-1353.0044626211823
-1301.1121798064212
-1134.070470482009
-1287.5740415113287
-1336.9660935471345
-1211.0160147183315
-1147.6761219915686
-1318.995433514162
-1116.7246509272063
-1260.16078477493
-1188.098668191653
-1183.9664607083737
-1126.1300203792905
-1271.8851602232357
-1230.5309703528574
-1224.655523497048
-1235.581861092115
-1198.8416136545222
-1042.249350547029
-1299.246664316833
-1210.4563537244087
-1208.7142827707487
-1316.878949518945
-1276.8200769830994
-1234.9029911925984
-1086.9681184387869
-1230.8087713796276
-1228.3470415752197
-1252.4163427067951
-1321.4892185178792
-1308.5912358290143
-1191.2179106156716
-1183.1799685429833
-1177.3690858926138
-1218.6845800184092
-1287.3709790933099
-1157.1715549797455
-1176.7582738060992
-1262.031426466734
-1394.5912230941647
-1241.9070093834619
-1345.6469219460962
-1438.074041299501
-1165.809864794074
-1157.5034335288801
-1236.5949024428082
-1281.319076865021
-1207.7158613334059
-1413.2725305920937
-1233.4774354341316
-1240.1185425383794
-1264.4759915863756
-1248.2215303149092
-1270.983502109497
-1313.1346158340014
-1282.6681373966696
-1288.4174355685477
-1226.6797020943136
-1182.3274464508206
-1139.1908752494187
-1075.704314639487
-1075.9769252076444
-1362.1400502918464
-1242.413302670343
-1166.9547810605366
-1330.1332022210952
-1085.3476359675801
-1188.1461598543035
-1205.1379324117445
-1352.5222930077443
-1090.2416373885585
-1154.76712066633
-1181.6067557818085
-1351.6849452081333
-1298.4162301192946
-1210.5737948807116
-1300.4137380550085
-1440.4982385859212
-1359.437386349278
-1259.4609878303168
-1165.159409401509
-1226.972064647623
-1214.286335681661
-1196.8936346172611
-1418.2066176909902
-1182.951238300972
-1196.7950926919193
-1356.5492904213713
-1255.6753765269825
-1277.9707899772638
-1203.3056358034999
-1151.599970201079
-1173.7327818723084
-1228.6766657300193
-1305.0613693710495
-1285.4947505787868
-1088.6001349719786
-1451.8045478819045
-1185.4869013276518
-1317.938110069057
-1184.7425422290648
-1276.4299383503308
-1278.1615832359041
-1222.9066682046682
-1272.6397027245753
-1227.448174406574
-1294.6257681864895
-1154.2585282845635
-1195.3457562612864
-1358.5484808727715
-1106.1207580584955
-1208.745905220571
-1075.5545413991986
-1219.5573801692076
-1229.106510810936
-1345.9493562194116
-1125.1040382263952
-1288.6262614381687
-1277.7048347815435
-1305.8033672058623
-1239.811399981521
-1335.2647038012813
-1352.9675713675465
-1320.4591110596812
-1265.9187500478465
-1178.8984975428923
-1166.3110389002065
-1255.912797282892
-1152.230823557832
-1269.075684610645
-1270.1772575285722
-1358.6884805617428
-1186.6966871605591
-1238.9899931657887
-1130.6299409333624
-1220.8417890201333
-1227.157838260928
-1206.3807806605862
-1228.6697201832412
-1261.995367170711
-1123.2949200160692
-1452.3185239419608
-1162.92669279237
-1077.727542318741
-1199.926808860635
-1262.601476596034
-1171.2446734829687
-1117.7795070661239
-1351.7199763105536
-1307.4514165688806
-1142.5550000963199
-1178.0883928159517
-1194.7636233171302
-1324.0151777872543
-1209.439625962584
-1073.112514461798
-1346.9358328407325
-1275.1059874394125
-1301.877485453945
-1271.5269505149186
-1338.8125524779641
-1219.017923360624
-1329.8492554238048
-1030.5718189195732
-1213.4334171908113
-1475.3021722666608
-1297.6505253364348
-1238.2253790998043
-1143.710630947712
-1227.2462045051077
-1272.9834126650132
-1213.092300543694
-1403.9465297985723
-1298.6002594006443
-1245.4847508997298
-1216.2189093479926
-1332.5541617454003
-1075.8680421655567
-1406.98328858875
-1196.858144945577
-1165.338652128321
-1167.3022261203903
-1275.0837654003271
-1285.2478712049867
-1263.1942174397968
-1205.77052856977
-1185.4860860225083
-1166.2209838783883
-1185.5189756470297
-1292.0169940706178
-1238.4838324179652
-1242.3655570655283
-1227.4711825502125
-1218.4958819804356
-1120.1068411295125
-1180.7577570349379
-1187.1353627254782
-1223.3954781898594
-1260.3249535683753
-1385.4404272159418
-1313.8102690582136
-1233.0864015937677
-1217.254217354713
-1133.9583294974561
-1125.6208163500141
-1307.0715525271435
-1352.5062798500248
-1312.3812775962924
-1179.550081475408
-1120.2810951631443
-1123.9872386498846
-1191.19869946446
-1286.5505093306392
-1317.5665532748499
-1293.393324855813
-1186.2691537560963
-1353.5994574103297
-1277.4894629616638
-1159.424276870355
-1155.4563903315973
-1204.2927382224645
-1297.1882472669838
-1254.3113629910704
-1091.7695620545567
-1166.6502524636223
-1213.6988011475075
-1295.3526507485183
-1205.5013690310354
-1278.6736895112251
-1239.0583721261196
-1217.893515018126
-1272.2077659361557
-1110.0016370426454
-1186.0213291695939
-1287.17933144545
-1202.18694664661
-1145.2432535506957
-1152.222944504804
-1129.2443270524375
-1208.4595157413482
-1225.0689058761648
-1334.2915207822953
-1257.1802707514735
-1236.7216756785606
-1156.1050463107158
-1219.8456687311614
-1184.8105047720248
-1059.9928084890516
-1295.491905013222
-1343.8388116746605
-1220.4863710228308
-1181.7186282885737
-1101.2698426353345
-1288.4373350656795
-1322.2206926423228
-1302.0896010783472
-1165.25298793406
-1263.78712806747
-1263.9937048953047
-1510.953969228828
-1237.768490185476
-1102.602992200811
-1133.1050851717146
-1156.8383398913363
-1478.1521644200698
-1150.5803804489706
-1226.4479188426435
-1193.4745153589852
-1209.6014633823877
-1177.8193161774864
-1335.3983074733871
-1367.939523861205
-1130.7199602751618
-1500.109397668235
-1357.3130328789116
-1282.647357240587
-1291.0773860522704
-1410.8813412471932
-1316.3977829531364
-1248.5734352582524
-1154.862434099345
-1260.5595507687692
-1328.254207075019
-1277.729292097767
-1021.3795889408129
-1025.9889456429937
-1351.633481132172
-1333.2159184392358
-1152.248631550751
-1304.553765283865
-1197.9292729865415
-1222.8330689742297
-1125.9087805143386
-1208.8822530083876
-1147.401262260494
-1306.496746863876
-1360.9608542971152
-1288.8430860868916
-1283.0770086830894
-1369.4537542755215
-1353.0583702182184
-1324.954546798475
-1154.1673687947382
-1253.3919077924509
-1281.0224302676838
-1169.0852503719634
-1250.2087622580675
-1090.8589057364234
-1258.2835558824622
-1263.051184417629
-1079.1776868390243
-1110.8406409134657
-1149.0103356121083
-1369.271041503525
-1189.3361651039256
-1262.1984749002502
-1322.8031508547183
-1298.1528404432977
-1441.1627329984703
-1184.346183457027
-1238.8200664618216
-1171.3453465299435
-1247.4868437407379
-1129.429505068784
-1236.339844922878
-1107.7139316858586
-1359.0702122611601
-1273.4856454991532
-1178.5195118085358
-1228.7158621879653
-1206.209339488564
-1211.085621716691
-1249.6786749607534
-1312.7299884877323
-1231.6749119652911
-1093.1441808169734
-1180.4190476433275
-1237.3933473305303
-1062.202691092919
-1204.6167287265007
-1110.190104950535
-1126.1169096222454
-1357.4341828007966
-1284.0585471879829
-1486.4680270200934
-1139.7861489826562
-1126.6912399061848
-1251.1329666512315
-1271.0323449633092
-1179.8314740673684
-1162.585046391306
-1165.6163330290246
-1246.883341396945
-1133.8449016572404
-1244.2467398498325
-1291.7236510174155
-1117.5097942699251
-1295.2942743958124
-1137.0220543763996
-1146.7521672588925
-1228.0551395943787
-1290.6264805214903
-1272.4672626886445
-1442.9834380730354
-1318.8767363727648
-1327.3284726048287
-1300.3700314888783
-1202.1747707499849
-1160.049790845382
-1400.5858154839564
-1314.6929470096495
-1369.5075018822058
-1291.8323558154075
-1264.9221428826786
-1205.8979942528886
-1218.036923320168
-1296.0835916497927
-1306.399095458829
-1326.7356975988628
-1255.7980680745823
-1242.7775801361797
-1104.1344529621995
-1173.9838647623167
-1464.7865183312654
-1260.5125198768317
-1073.030284738656
-1223.6100768427784
-1215.3800224075408
-1199.7718800210532
-1335.4946935928747
-1056.1257214431826
-1376.883777595732
-1210.4578016664618
-1231.5453251314855
-1164.1502255363946
-1252.1104385732187
-1251.4404538860583
-1249.841602935428
-1149.7132862449296
-1244.1233968651031
-1260.4664521860614
-1233.1497447573474
-1205.2045637703195
-1238.1719780212052
-1379.078827264325
-1311.248853808707
-1341.6778923189627
-1238.385476583889
-1337.2620348752264
-1298.647203564798
-1274.1643137114688
-1238.991994635964
-1110.4536084537917
-1062.3209209009922
-1264.8630108700688
-1121.0290510746236
-1322.036947607482
-1397.5107423040565
-1576.9350831317236
-1387.10722365717
-1374.7668916919804
-1306.5307296558037
-1146.4782852757223
-1202.154766534472
-1245.382435425834
-1153.6972721742575
-1078.0128513178936
-1252.3125841498743
-1470.5409563321723
-1320.6675745714076
-1112.5787234748357
-1161.6358641678462
-1199.3789006847248
-1181.5423305429786
-1339.7729347863683
-1170.9527077006426
-1199.519327242535
-1160.109475679461
-1173.989628197388
-1205.7831927327268
-1268.2469649183647
-1331.217834867842
-1176.6717352117519
-1317.7492235190866
-1231.024418196312
-1163.664183947563
-1154.4262791711196
-1144.6177955563983
-1261.3446360259522
-1238.6738138043438
-1258.832330381456
-1470.7437228873036
-1250.073184490192
-1253.307643875407
-1211.2309266238765
-1178.5823604361137
-1237.7033429465077
-1381.5267932535767
-1136.4228658984725
-1231.631367157369
-1192.8890948282692
-1285.8904319424164
-1238.067864084844
-1136.6452229946676
-1207.1606265262349
-1162.2080175503215
-1172.7501809150933
-1230.608458711944
-1316.4111909158748
-1131.1319551314805
-1267.8164979229223
-1228.1879169727586
-1456.345560013539
-1279.291536709104
-1199.7876196702316
-1154.4690465241817
-1360.2211383574634
-1234.9805349350281
-1228.64259051524
-1143.0262801254423
-1265.8159732483039
-1238.4751405207658
-1140.846752704665
-1092.2536096858014
-1067.8362668835325
-1356.0258564686485
-1179.3912960556313
-1337.7174412426175
-1281.3811540662355
-1182.0060592204948
-1363.7393056759533
-1152.2340123573913
-1227.9340363385643
-1231.5741509852055
-1167.5035770696866
-1198.2054139765849
-1256.3987785957215
-1324.9668535053015
-1229.395472886089
-1331.1393505846768
-1283.948071826593
-1167.3757230269482
-1252.5417997288912
-1293.9657332069453
-1061.1080996801409
-1175.4789213013028
-1345.985908818414
-1297.1183185999462
-1097.1785115583277
-1273.2046748675805
-1287.965877901924
-1342.3211056314296
-1225.1763955519414
-1230.9098630051908
-1365.8406355544855
-1044.8389619311597
-1171.9858438847566
-1233.669728666188
-1135.2558124397058
-1458.3119285846458
-1321.9299020852595
-1195.2967854390279
-1281.9390812440113
-1269.6298815761766
-1241.6132946517469
-1285.48217530717
-1369.7971030308395
-1276.7884948591227
-1266.2253189005505
-1265.3252494698518
-1171.8581227406326
-1264.720049990452
-1298.5956260991663
-1389.8762914164674
-1189.5246745109114
-1244.7260200001488
-1292.5749595574325
-1165.30040933833
-1304.0525847345216
-1024.9418382892513
-1338.6516075873606
-1190.464631892316
-1178.9177718170317
-1194.3898838295347
-1091.4865649620383
-1165.2075924739947
-1300.057157179134
-1245.2303890961607
-1358.390754648123
-1341.4803358192312
-1302.0180357323234
-1385.6365598080713
-1152.799894361154
-1093.530506571525
-1158.9481528527508
-1176.9206716778504
-1267.1559795749326
-1207.9599114001417
-1347.6633589574822
-1348.0107134337704
-1285.3586301772557
-1235.9793327315192
-1239.492862199842
-1250.00321777533
-1227.6075236566946
-1307.8823319483922
-1213.9593768662487
-1287.28632109898
-1268.9176918499088
-1238.777827068115
-1058.6194900839448
-1171.2230938640844
-1136.6716715589089
-1218.317404663857
-1384.0992051986923
-1237.2520846432626
-1293.2564855888563
-1138.0906673634406
-1170.7251097381686
-1223.3164534508414
-1410.930255535725
-1101.2408367075195
-1148.4593593088173
-1211.1860146769286
-1201.6103596026787
-1265.0122939094454
-1130.7851684541045
-1239.6653445170678
-1182.5115662048859
-1261.0821206927183
-1320.9972288287668
-1117.1325907016303
-1055.395170278552
-1358.2122871889815
-1251.127979410303
-1269.852047090228
-1278.3515498448878
-1195.329550755014
-1244.3443448690705
-1311.277557059323
-1191.8492044711293
-1222.236802701351
-1137.3752152979484
-1118.8589475878023
-1309.4280290006254
-1179.7890118642133
-1198.6855019412012
-1133.816783324912
-1242.4336456251483
-1279.9155721130437
-1036.2173272062114
-1074.9072340545322
-1312.8627069684205
-1154.7382426224794
-1322.2726141745745
-1239.9496309768074
-1217.473856837321
-1097.4138223142938
-1236.2407589343084
-1315.7096690431154
-1242.449849995539
-1236.7311572527142
-1157.0942814450095
-1108.8957744337847
-1239.3519000619192
-1249.5916887787964
-1168.569183806519
-1351.2667881821435
-1282.3003268593977
-1143.1979766428997
-1264.5362074126786
-1416.2488329214787
-1260.1750024183796
-1197.961402477524
-1162.5969336491964
-1224.6766496079879
-1097.1116170819075
-1227.4816661731054
-1355.6392168267369
-1321.3778566904584
-1200.139344361919
-1136.7158328904047
-1173.7969668921467
-1230.1855557242227
-1160.2824439589601
-1192.4014715513033
-1111.6961868319827
-1357.2952132185292
-1241.8171996263095
-1194.6988034010326
-1284.1113194862933
-1243.5301285659282
-1265.7567273982136
-1104.704861545235
-1095.1439392393556
-1159.4071842059666
-1345.7182546576023
-1385.7500698655122
-1389.84417890267
-1337.9677395525584
-1428.1797609942696
-1300.0338303960552
-1222.987090839387
-1420.8769478831928
-1250.1467189241694
-1295.3756716447142
-1158.9002969829069
-1290.5888066436219
-1163.173948249321
-1206.3137472725152
-1158.8528600172665
-1239.8156361780902
-1262.698607794223
-1215.7169298894867
-1200.0357490530496
-1162.5395818033537
-1289.7657261345967
-1205.624392295914
-1300.412336769631
-1177.6341303677189
-1284.0157898228376
-1198.7457045373694
-1192.3732603942597
-1234.386664295298
-1070.3207591925343
-1211.7250629114956
-1219.7266264902617
-1229.5284126322558
-1243.3902115329888
-1492.4668495536985
-1215.25659858963
-1324.0507114554564
-1405.2659898201755
-1152.4257716577408
-1117.1402767505442
-1166.921229037289
-1230.588441012325
-1345.6414192020331
-1142.8838348349523
-1240.1186179186814
-1112.1826939755108
-1194.745272072166
-1123.0909803606298
-1234.5367742636004
-1154.3171686923572
-1219.7228228077477
-1151.2446212890875
-1329.784730317333
-1202.5417634237735
-1307.7092902866852
-1352.1556478046095
-1123.3435714059794
-1255.7554512500747
-1156.1274710473763
-1116.8622219772603
-1239.7079161513468
-1112.5753326214235
-1162.6022673932337
-1176.0659833759844
-1289.220064781246
-1284.5739519472975
-1201.4362512169619
-1255.0487595058578
-1267.1783969828577
-1413.5192475487002
-1381.8664503788912
-1419.2473164332691
-1186.6197722875888
-1192.2146128589718
-1237.9335164960776
-1238.59187446026
-1246.8438719575472
-1398.800857933449
-1301.209503724486
-1231.8161461511563
-1339.1897805351837
-1187.0259120228882
-1201.171538536021
-1139.1929644100237
-1269.7540101522654
-1156.9007884813689
-1299.3109909254626
-1190.4887984664372
-1163.9519566075116
-1226.318765934252
-1274.9633153949185
-1130.953239147425
-1259.858343114911
-1208.4816934471162
-1155.4994753443511
-1209.0681326992142
-1243.5382199883813
-1260.2669754538447
-1185.7527606744668
-1247.5821461781015
-1305.5403031568346
-1084.2901541879344
-1261.468802616682
-1197.0678669253216
-1201.7132366771411
-1168.2048831808715
-1286.1082281489669
-1283.747224854023
-1165.7614702914018
-1227.6850426843034
-1143.6468965380834
-1198.8954697193928
-1250.1292355179153
-1134.3630967264555
-1231.4504764490305
-1121.2164308861018
-1221.5574703857442
-1191.5505419065573
-1134.2188655116088
-1269.1468845574564
-1285.2423773434057
-1289.5887609947279
-1318.3963516895585
-1115.245562347641
-1260.8268800123208
-1229.578233457517
-1240.0470268577967
-1262.4286199282678
-1283.7386642370225
-1315.060231092617
-1394.6363821518335
-1247.9730931405484
-1355.5863363416538
-1123.807725220123
-1250.9999966565945
-1284.0165903174575
-1271.488033375583
-1294.594402459549
-1204.437958221374
-1235.8303121223191
-1288.1792855983545
-1218.0442870576373
-1370.6436179657414
-1214.559655425225
-1159.031975654729
-1307.2876738067052
-1180.7076228139902
-1235.130622463154
-1218.4197004924272
-1214.9075381066018
-1237.7265842808938
-1219.546199105455
-1415.1431319150897
-1150.6820975120463
-1197.178989032528
-1143.135303053836
-1106.6868102140747
-1302.0575639283752
-1248.363531974981
-1237.6451660054609
-1227.1125011511692
-1067.829007345089
-1204.139285581767
-1100.3123737184803
-1160.4258797144446
-1130.4283594416895
-1201.077940692991
-1166.4186071932897
-1192.3764976186515
-1161.1971444578624
-1136.6698936414596
-1218.5771243533413
-1163.9553582410083
-1202.5493773796563
-1381.282936575265
-1163.5843843753012
-1352.8789532373328
-1059.6912643640699
-1274.4826038859992
-1342.5777395343075
-1188.3550493237951
-1182.898480199298
-1367.9029910134877
-1405.2844448968594
-1186.2622891488659
-1177.9743576425042
-1227.4947263974316
-1124.8064104949192
-1270.4614393027152
-1195.9325388417633
-1167.1887744970875
-1114.645481467648
-1238.878730786776
-1250.9418738706042
-1242.1354098972693
-1290.8738179957263
-1228.5148811785136
-1366.1538515669677
-1192.5330906816052
-1113.324905484705
-1333.0839230581682
-1275.1909269710895
-1183.3126517756486
-1292.1800843846077
-1146.2954910191302
-1253.6500526509415
-1261.234819332435
-1100.4040346201637
-1129.7320745022269
-1285.0156451939956
-1289.544500180298
-1175.9374967273077
-1301.7197732093157
-1254.8693550986354
-1165.6944311096006
-1159.6629493073733
-1423.5854567079107
-1288.6159711821108
-1331.9796061628665
-1186.2765413745628
-1364.7353822995992
-1209.778035459481
-1242.508277454335
-1163.7171782504163
-1193.0439416977401
-1228.86722310854
-1227.4237981005585
-1248.2942521179434
-1270.6316800848504
-1192.1634825437463
-1078.9863187367505
-1466.824174023185
-1262.7598786618505
-1174.6767264104935
-1234.2599868920447
-1209.0118868481163
-1185.2337198472949
-1304.689153877809
-1275.8369684047843
-1392.2879318913547
-1244.1247293596339
-1163.0286753758337
-1288.1549785067973
-1283.1640839964646
-1221.6726967985062
-1215.9219319866475
-1323.0868263821674
-1259.7735949973755
-1164.8847638844045
-1376.6955369083953
-1253.569791580518
-1204.5784321876179
-1240.2060810015228
-1283.3230463408722
-1256.3475003063463
-1273.7183849403805
-1286.286072317002
-1158.701271414682
-1138.4673320455997
-1171.689419357858
-1152.0071138481578
-1222.6304868989985
-1167.0317227859812
-1277.3670835461573
-1269.5022564081978
-1228.7772468749042
-1451.158407385472
-1296.4809447034643
-1218.4045004436134
-1195.453191100976
-1265.0231189277624
-1215.3711267388228
-1188.7621622554152
-1115.1492184053575
-1242.3099433627508
-1159.4999746687386
-1120.7130544909915
-1142.096615602084
-1091.8005353543415
-1253.4889788258422
-1329.5522824243262
-1290.2197344014821
-1188.5112083703639
-1209.2694565159125
-1234.6777358796007
-1241.137465360347
-1194.5145736510292
-1383.7012394720798
-1217.824514253742
-1208.372509890034
-1308.7756143897032
-1186.0901257462501
-1189.3963406068071
-1356.3038522852676
-1229.5358981870827
-1301.2924026447663
-1228.9414771680472
-1198.1293372710186
-1200.2758794192011
-1209.6080840829286
-1170.9026921272598
-1169.6618487687172
-1249.395094206779
-1139.3478038041958
-1249.2073022422412
-1263.4964370528687
-1267.221263385396
-1124.9160399032596
-1183.2306223666899
-1310.3000265373316
-1170.110523100737
-1255.1664517477157
-1238.652738828784
-1142.1215713410875
-1427.53052790873
-1198.3328336513612
-1275.4010085659404
-1240.0447879878398
-1278.909402579834
-1221.4242362998189
-1390.6515891759848
-1354.929057889974
-1285.0400426041751
-1336.8086265725676
-1250.824130513418
-1132.3050839439336
-1200.9572997791495
-1160.6476752759827
-1242.9197906885952
-1366.8652654129162
-1167.9127619944895
-1359.813455352486
-1194.1178187806145
-1242.934490461082
-1159.2217125730037
-1245.04556057874
-1236.532550604431
-1230.7644939874642
-1278.0521505203433
-1197.1724837016466
-1320.492605785274
-1186.3868123156383
-1179.1582234400698
-1211.1186639884072
-1092.5640221756269
-1222.0512366793678
-1248.6057262589359
-1248.906417885665
-1224.6884305959554
-1452.739387025772
-1295.8077975851697
-1221.5638040914753
-1354.5902906860745
-1242.9557270204223
-1151.4696998096645
-1199.8008911488528
-1213.8562652410299
-1282.5082917566224
-1195.1232901700803
-1247.6880801437617
-1177.330421859069
-1243.6413980020861
-1302.0968768113864
-1154.540172547813
-1222.3398611714767
-1294.0959406010036
-1214.1736401889327
-1256.2427393217433
-1319.3756922391021
-1272.5768771861622
-1263.2338159463652
-1317.5295918763888
-1175.2177170244559
-1323.0944877648842
-1179.400351403575
-1121.5480411007757
-1308.6981623228749
-1323.8899304191527
-1183.2231022175088
-1356.0101954755626
-1330.4621593209552
-1186.1571455378512
-1223.1339785340942
-1260.3115542716637
-1308.9181754732979
-1349.432609116354
-1291.0523033784057
-1226.6039182797476
-1189.0230483227463
-1224.5390914350548
-1200.6911459898445
-1261.0103416667473
-1216.127992027955
-1172.0651856397833
-1164.9104282165142
-1303.3541922009554
-1235.4885185189078
-1311.725926743388
-1207.1568475979705
-1244.8672031834203
-1187.9111949212772
-1148.8829619681578
-1083.0804013296552
-1270.4643610152416
-1184.0799766046664
-1431.989947121305
-1261.2196727867163
-1356.957118948508
-1230.920594581378
-1371.614974033635
-1359.55056945502
-1177.2071015195106

