-5421.2324928905355
-11020.743094461737
-11606.696736454696
-3899.6211432631762
-5645.610709930471
-3985.169423877829
-7904.3679652852215
-9307.04990935082
-8548.345120866306
-4648.72682087456
-4198.425373204526
-2441.7257918889077
-2339.183884851502
-2352.51500831338
-2597.0685838719337
-2638.4516588418614
-2457.389184141111
-2399.1270643912812
-2923.342631754663
-2364.767926172507
-2226.7510341135694
-2364.8858638424254
-2221.979726574837
-2452.820254058425
-2352.5789814416867
-2377.1527649528425
-2409.6892561782406
-2350.196081812413
-2470.595789136635
-2224.773556218161
-2381.2517012944395
-2283.78273349888
-2047.3227746559164
-2145.572323170066
-2375.5976366143123
-2542.1925369587752
-2032.484529790453
-2066.6073544323394
-2150.1066635437337
-1960.6353867754951
-2051.564820886316
-2119.620076594091
-2007.4871444631067
-1950.2964455820731
-2300.993434134064
-2035.37715824006
-2126.8434252067154
-1973.507313749022
-2283.2729477514376
-1920.804133444726
-2068.675028290657
-2142.079434332897
-1946.1088820431721
-1782.434916998451
-1865.58381014418
-2263.0660679565894
-1927.5455792819625
-2167.261560399593
-1881.4022396264825
-2078.5574738834457
-2266.6066638637208
-2084.752020886408
-1976.6265391677962
-1831.2947080288022
-2097.116439517056
-2315.776390920527
-1870.8341458748591
-2161.293346389057
-1719.5400047616654
-2004.35119995694
-2079.7867577547822
-2081.3740215519915
-1942.965079361148
-1993.0658443308505
-2138.1486373691087
-1988.936832884852
-2161.6739421937314
-2194.905131975046
-2084.159179781485
-1988.3142015997403
-1953.0819308194123
-2062.244793587692
-1940.7204449311807
-2033.9132177196996
-1914.6778404723764
-1843.248721610999
-1913.6784187529747
-1788.8849114118755
-2078.266852371765
-2105.9935025047284
-2081.894833272967
-1876.5159474384734
-2082.3256862635258
-1842.5013230151987
-1814.5197906660644
-1859.4913660345483
-1936.392900328485
-1972.205538005549
-2100.1409741069383
-1763.9984804863316
-2004.10153672735
-1962.232868413938
-2079.575247295858
-2217.9596124672885
-1931.623418729381
-2050.8826182331604
-2161.5120266347753
-2037.8535788037684
-2078.7343393323267
-1942.1757110075635
-2251.023609719274
-2297.1940107140877
-1850.826760068789
-1837.4366386679144
-2023.115932028506
-1846.7824368538659
-1940.3689696900365
-1681.938163137281
-1694.4400869751366
-1959.9657962446784
-1965.23003032513
-1927.8106970430622
-2168.9026912856007
-1991.4444962899488
-2154.0356195560953
-1791.5072851040843
-2004.8510156611892
-2234.7968714478534
-2211.2641874690135
-2115.995216435721
-1947.777050017512
-1900.6814196818154
-1764.397921367876
-1889.6733002350277
-1916.533543255538
-1854.6785162445653
-1717.7307315005582
-2190.713926759423
-2184.02778729514
-2132.3737380703856
-1634.0077481277003
-2109.691862969112
-2009.21894204852
-2035.3661501121837
-1860.194899733075
-1846.8053526926683
-1954.3476931415598
-1853.4542013648388
-1940.8018023016446
-2006.1888084620837
-2034.5032048172927
-2019.517379225756
-1912.7627018656297
-1834.0565968720912
-2041.7318029237015
-1904.9445501477305
-1873.9946191130045
-1735.885091636838
-1752.7342790905884
-1790.6230484667049
-2098.182965444945
-2176.062077777177
-1989.1277936493702
-1898.27900434165
-2087.6770211001663
-1809.5386684598448
-2335.0172111643146
-1979.2725577776546
-1757.8479537402752
-2023.328148148678
-1957.0967003445194
-2064.6529595800644
-2067.5034619933617
-2015.330275447406
-1880.7117275038306
-1994.2161026540966
-2101.16072150767
-2101.702228611381
-1677.4902719018287
-1855.1567334653353
-1893.7167455523208
-1647.9805002342
-1877.5350264097722
-2205.870040316241
-1629.5849033834
-1856.2459545767158
-1994.9158467305838
-1993.9833316451736
-2293.0623453119074
-1869.9756794988618
-1890.2343845924256
-2276.4961332868934
-2040.6231952599326
-1995.524195366192
-1792.3368601998516
-1844.638545854997
-2010.285751243848
-1857.7943298841872
-2183.4585670216466
-1895.6645085905493
-1850.5329447643614
-1897.861188623535
-2231.4920341799357
-1735.1631379043388
-2038.5228251104581
-1861.3180992205703
-1863.873939423071
-2197.404345269534
-1851.7629732601695
-1871.4273676138343
-1872.385183256371
-1722.3799909155305
-2023.834026905757
-1920.494863936266
-2073.1456989522744
-1846.7921694261584
-2147.228565490583
-2015.8281305051353
-1833.336694669844
-1970.9646370670268
-2017.2014316892457
-1860.8410966070776
-1617.3499984668301
-1874.9657187386256
-1922.0514306898278
-1911.1217648702125
-1953.245017276345
-2407.045552243294
-2153.436853445037
-1918.319829692012
-2054.0377348642346
-1921.86097522921
-2520.6281692949874
-1918.4791504880477
-2300.595507433806
-2047.831904179451
-2196.731532887107
-1957.2387035756149
-1977.1541612652654
-1751.748930352003
-1965.9837279688347
-1995.0738146121566
-1927.299178949021
-1864.6992449375919
-1685.5570774791458
-1750.0061934380876
-2155.884262039511
-1983.4161319972793
-1774.44564156721
-2228.9385819899353
-1895.501772612771
-2248.986589669807
-1813.103806270982
-1873.08537470882
-1765.3972135506579
-2057.2496391718933
-1811.6978484220551
-1940.7607749702518
-1770.7073261292674
-1707.0785837198764
-1707.1824560078405
-1904.0066110547054
-2071.2621259248363
-2098.4417784423244
-1839.7733971903722
-1887.0005568705792
-1802.1726271241732
-1859.7964228816732
-1796.6026099363103
-2033.3268484558816
-1885.6179373483146
-2036.9313889381267
-1745.6968621966093
-1925.6445160033622
-2055.4386266206793
-2066.791718726274
-1918.248016450442
-1865.960822828811
-1858.8194233456024
-1942.763083442116
-1860.5672417035357
-1945.5086186647475
-1575.420897575106
-1822.5709024642676
-1749.1958135131479
-2151.803199288718
-2081.018686266569
-2221.6274178846375
-1856.1559188068654
-1938.429273350377
-2014.1177957563375
-1905.0402421434628
-1915.377845255238
-1968.1296831206794
-1849.7289164857266
-2103.1033479824764
-1757.8237769638997
-1787.7760036600296
-1604.248840382349
-2186.3065837648032
-1940.355144319139
-1964.328728094712
-2024.4943804830477
-2050.1607670412127
-2039.812590758654
-1888.3019632498704
-1897.6706235605643
-1813.32827664235
-1960.9106098737873
-2226.6231000462108
-1674.628922100046
-2023.6371963143424
-1755.3094950465827
-1751.3445211048909
-1980.7273910274973
-1726.5462895068624
-1888.1271251852363
-1885.4675260737226
-1826.0930088299483
-1842.8291009412874
-1887.2219317035604
-1906.0799066305806
-1833.7976792736008
-1814.824891590251
-1888.610429186616
-1817.1344537306877
-1777.4768101536076
-1813.5182802280483
-1703.8958120085556
-1717.097286594963
-1610.0756424106291
-1849.1585093000567
-1711.9470718771477
-1681.7572087064327
-1872.9601731148532
-1812.667495332818
-1799.594099505305
-1791.154241196016
-1805.6143968392053
-1623.1549720820435
-1548.57812167715
-1849.664474569808
-2124.1318198738663
-1650.6125946025118
-2033.4979783375875
-1670.182997197554
-1989.7507931662342
-2094.597327153553
-2332.84091852239
-1728.6852405939755
-1709.5818661663534
-2026.2804658196944
-2038.3937958726485
-2004.5226904723338
-2143.036621372208
-1796.955542185849
-1842.2178026820065
-1999.9623310585664
-1706.9221290126618
-1779.1489244867228
-1628.708851675636
-1939.108316302532
-1922.2531156892453
-1732.7204055553264
-1888.1955239329202
-1847.7617202482134
-1819.6418910699435
-1917.8619464402088
-1858.677792437665
-1890.6862074155651
-1949.628781306333
-1709.453313786867
-1907.3661313660589
-1891.369551884961
-1954.0798168660726
-1642.0387815047359
-1852.05354682124
-1865.560037336652
-1827.2451681216949
-1815.2688267879807
-1745.8787493963916
-2060.3044902801744
-2001.4392556579332
-1726.5904914827654
-1606.5099241468156
-1690.3952762066572
-2001.7435692493311
-1877.574793235739
-1936.2530822821411
-1831.2194575199196
-1770.7837881375954
-1766.6552279451735
-2084.6687211183207
-1694.9854963247105
-1686.7221973500732
-1743.205328732038
-1828.3259572186994
-1787.090911048503
-1866.9336162277043
-1724.0919741363953
-1768.524149466997
-1807.3770496658733
-2091.0742802351915
-1849.4944353744904
-1702.0439557327663
-1770.0076746607513
-1961.180478170175
-1701.2216669635764
-1558.7430214244819
-1729.872837909676
-1963.5637750634592
-1756.96219884245
-1865.7655568350203
-1852.7278397305
-1823.9806737939207
-1872.6793288023543
-1815.4486733163574
-1973.4808244600313
-1755.8268677135409
-1971.4128481038827
-2020.6649681626434
-1999.0891902490982
-2156.9146406797972
-1776.437853169125
-2059.217523616842
-1863.5722270359804
-1693.4808552065344
-1887.1657905574532
-1572.6881159151178
-1848.4758425624232
-1863.4384233616292
-1844.1351299011858
-2049.333481086111
-1957.8167727227024
-1834.391260550277
-1741.9288667391877
-1905.8622963847993
-1632.543786567736
-1825.4557725870045
-1762.0583659692754
-2003.552455641997
-1680.377862215183
-1657.5439276421666
-2126.5882562696415
-1788.0386315388826
-1811.6449099396234
-1867.602806870118
-2038.9458549618723
-1780.7855806988546
-1779.3602018386844
-1945.4133785744853
-2021.8913430570458
-1771.9882830904312
-2009.106252366652
-1803.1678348062317
-2067.690150571776
-1763.795554764769
-1808.8657044870172
-1850.8247007176362
-1795.96149960043
-1789.6578208249166
-1966.860006130355
-1734.424763942223
-1972.7799012242251
-1537.7478129698984
-1882.4695656642148
-1801.3626239856048
-1796.9408644853786
-1900.5172060789664
-2213.2904966811493
-1922.2910460310438
-1791.9255327519502
-1835.2517789872934
-1831.9500983560065
-1771.0697952591959
-2014.1842447726121
-1818.9321982047904
-1978.6307253050566
-1919.022396029143
-1847.7046075898782
-1867.201472075944
-1783.4436737101735
-2075.1135545367238
-1894.340555292531
-1809.369081319538
-1981.4180673394078
-2146.0695548117014
-1756.377709452527
-2087.168378231676
-1918.4138575335808
-1797.506559407222
-1727.0099853557538
-1872.623089139818
-1886.1867795912763
-1935.5945659229023
-2064.9783328531603
-2004.7730070795035
-1842.121484709798
-1874.5891496351337
-1970.187086229227
-2017.2097275585593
-1930.9200698085774
-1768.9103576825917
-1825.2133284176582
-1955.6856021642777
-1997.8707646286261
-1810.4000216582756
-1888.2416429529637
-1867.1780631507133
-1778.6118567879957
-1845.291301648294
-1932.4606464034825
-1862.2728916571243
-1780.5925694226137
-2017.8703664294035
-1914.4222283729425
-1730.2115313119243
-1926.0774382668135
-1813.3536395794738
-1909.2150602971465
-1713.339803016118
-1968.0085788518468
-1694.0278785731234
-1685.9367422539108
-1945.8427965198325
-1846.3082340721394
-1647.557840182425
-1784.773695875543
-1703.0085168496976
-1737.0150247346594
-1888.735995587295
-1897.281912721259
-1919.5628975376724
-1818.9810916622507
-1910.0496795066574
-2093.0890065488993
-1963.9082893507118
-1861.6521618537874
-1786.3969981513096
-1503.83807364933
-1851.8029463579508
-1727.039824176502
-1733.505591631221
-1919.7548579138793
-1832.5129617291318
-2121.2922160750604
-1721.2147619846755
-1710.8853268192138
-1640.4297749495913
-1698.7517362737174
-2001.9763094714658
-1850.238185811057
-1775.5373378558852
-1668.1310041449842
-1642.3929032897877
-1835.307969831079
-1704.1432944062346
-1824.737613757163
-2025.045624323709
-1967.6960601418186
-1792.0200487411205
-1805.9777362595994
-1622.1234031707904
-1819.1976324628822
-1924.765288695545
-1716.5192166051518
-1605.1616819605943
-1953.1296969768364
-1679.9091180277444
-1813.2935981630833
-1617.50597364504
-1952.2747948657552
-1773.050477508487
-1866.8140923314654
-1542.9973560753874
-1973.3737394134157
-1877.0472986520872
-1838.803481149526
-1882.042907882308
-1699.7871626092194
-1719.0009519513255
-1813.7444227946426
-1841.1066841102768
-1640.6820817181942
-1835.712445983028
-1748.8118189423546
-1932.9702923464802
-2064.5421657293837
-1765.7652732968265
-1954.3340523446632
-1950.831375458263
-1796.2087290676725
-1997.8972118063184
-1962.9977132487486
-1763.681666731001
-1785.5346919980855
-1834.7282756369584
-1856.6262339000518
-1948.1088381640964
-1885.9269085903065
-1813.55527587871
-1854.402393301357
-1960.3189328562923
-1778.2240305877813
-1712.588084503941
-1829.0920774242863
-1958.366283887504
-1883.145143863501
-1786.9343275077752
-1941.0641889503806
-1855.7749815692875
-1822.3921065505936
-1799.819140608753
-1629.724497491804
-1673.4529936433205
-1996.9200202418588
-1669.053897261265
-1825.8150146501753
-1896.734473678052
-1932.7958608320928
-1673.4596932044167
-2202.4592375957454
-1913.6465050877894
-1976.4431653291865
-1773.5362635705078
-1820.4569839981127
-1928.5567463105988
-1734.5155338484626
-1679.0875141497463
-1717.52557355497
-1802.0018652701947
-1883.4945984557435
-1811.9016949396178
-1777.318449088187
-1664.397730207119
-1848.0118177806446
-2032.2064423828133
-1789.2165514449791
-1707.6039977183814
-1747.0699493018697
-1866.177609930293
-1775.0079718280524
-1839.986541445154
-1744.796088749734
-1785.3226862638696
-1821.7666415659403
-1858.9069055976645
-1939.1505916674062
-1731.4214006169254
-1785.929670002392
-1825.2037073202926
-1845.3377495221857
-1927.5054738559752
-1935.1744742810952
-1913.5631801857971
-1906.9118602244555
-1972.4698263473856
-1625.087461276358
-1809.8356822785477
-1781.9752139145146
-2078.3291675667047
-1926.1274456714061
-1892.3875093641493
-1827.868125578034
-1658.4983120610475
-1713.4915365009929
-2007.5138637420816
-1776.3682608563527
-1655.8286401445334
-1612.2152512341424
-1815.4009551453564
-1653.0727340743185
-1831.830443064423
-1863.297768044516
-1900.8528013294197
-1927.9461303121957
-1693.3073967420758
-1883.3704213556955
-1725.4025454662408
-1926.6416545664083
-1800.1762739195647
-1971.5608868803113
-1815.1821930362119
-1919.0393916022085
-1962.9663406117354
-1820.8969850616807
-1806.1147834281433
-1850.6650469796987
-1875.4616842142964
-1627.9470100406731
-1791.9706100333603
-1856.6678603820446
-1742.2452668792732
-1865.4810144195721
-1876.8959745118154
-1823.1124990891713
-1665.7685211906398
-1766.5495565443289
-1899.625276403424
-1733.2176073172925
-1715.750580096232
-1648.0897708184536
-1785.0972797757745
-1709.631573590271
-1876.826743953728
-1859.446273587677
-1726.6648511117992
-1876.2602466980763
-1871.5343731608898
-1944.645513782093
-2154.6581944202644
-1637.7599468040628
-1623.441426012635
-2021.8280289024315
-1857.8580921046923
-1652.7116926703113
-1882.3542343960366
-1517.601475824716
-1858.438531069422
-1817.8513919511845
-1937.8343708077077
-2235.6015328588683
-1731.2287310122479
-2047.9708800613294
-1846.018860943944
-1787.6664432259963
-1892.2943222940828
-1919.6819311313768
-1792.9610766731273
-1850.945229489979
-1663.9145362670847
-1718.9787652334153
-1764.4383867808915
-1743.8275536386625
-1793.0575396729841
-1805.7025459906508
-1731.0448894350889
-1869.2986039089121
-1875.6631915110436
-1752.237666885072
-1849.1137721974364
-1946.789224345737
-1862.3461025657803
-1917.4794068622164
-1859.9986413864117
-1819.8617115463653
-2000.1233395344896
-1775.4054818334887
-1763.6000076305438
-1812.656958893545
-1663.8767702441748
-1985.0026422312242
-1720.4572132832502
-1876.2005703667935
-1664.6351961717353
-1917.347846808951
-1589.7847906054383
-1753.0829598079122
-1790.8735337771695
-1947.9136134616328
-1881.57880908176
-1934.521916090181
-1859.2002120128982
-1808.6053763002894
-1748.5753495192105
-1852.1315250872615
-1822.2736849863193
-1814.6296017025375
-1726.7459232746796
-1721.4567084142063
-2051.781623209767
-1597.0674395009996
-1888.0121171580915
-1905.1169046120608
-1777.3598970730523
-2013.7287799044768
-1811.3175050673321
-1987.4518684069612
-1798.8678293947746
-1750.3304495467014
-1812.154679782932
-1798.9291430170038
-1655.1024574891067
-1552.4637151887819
-1696.9850018426193
-1700.3249595497878
-1894.7163473831474
-1760.3639058625415
-1802.0090768782593
-1942.2739226087979
-1841.0623398817436
-1938.9868146419064
-1946.9309251741581
-1815.7476787605044
-1899.8670519256223
-1654.1446199610816
-2013.2170382159065
-2243.0300635375215
-1784.997152039643
-1745.4061436239579
-1816.2500612109914
-1889.3108981227367
-1788.0708329992628
-1962.0939289950197
-1710.7783572563553
-1880.559624755663
-1788.2164352126067
-1822.4869047613142
-1702.0553287696907
-1746.4717907918543
-2016.7133579576994
-1892.8633150895994
-1735.2823410507842
-1730.4011121025344
-1836.5421369568746
-1984.3813292980171
-1775.053396434531
-1811.057361616497
-1781.12534911386
-1947.3920303079738
-1819.9991674528903
-1681.978446330983
-2027.648985473794
-2039.2915697058181
-1983.3542074599375
-1645.7853390010414
-1696.9553604057467
-1732.8593126981584
-1930.2185892324026
-1716.530290236939
-1690.3537851189474
-1814.5210478420045
-1637.026312802675
-1675.1558658979911
-1863.8881229249507
-1861.348556080202
-1742.6687517538996
-1614.4032331366093
-1793.662383675017
-1759.3211028830724
-1677.7185442250122
-1736.8581801076868
-1611.216438170908
-1830.6673541674793
-1777.0369371472225
-1858.2067549369503
-1769.5167780138427
-1902.9267310567661
-1683.9543687939847
-1847.3989791572292
-1969.4062472305868
-1751.8514802654995
-1643.221801221618
-1825.9309761649547
-1904.3866643717636
-1815.8643710601093
-1695.588266988328
-1727.5377068469404
-1673.2076127795028
-1545.962763471477
-1825.3269739193126
-1903.6650873936426
-1723.0512121345087
-1965.8980149066326
-1571.4983671533137
-1921.9018801521038
-1638.40312791819
-1772.425858353764
-1865.1888464622714
-1804.870395118461
-1866.023649848898
-1609.3295377740508
-1769.5830441531125
-1666.5220591217212
-1786.0330986337221
-1929.9749449641965
-1713.4777566759756
-1837.4074602494024
-1901.3007625188404
-2041.808219163863
-1690.9032544555703
-1608.898196650292
-1868.8686335292725
-1908.3637343883418
-1699.0247583241344
-1643.4980037507958
-1538.0524539157793
-1864.9949080459369
-1662.927238444996
-1815.5436193034914
-1872.0938523605057
-1915.6196039432043
-1665.1953463192333
-1977.5214268243924
-1901.3854100040674
-2114.612806352746
-1519.6430769939116
-1558.1224401507202
-1934.9807003391834
-1845.564753782676
-1705.0100447871225
-1859.4144662337226
-1943.1870217371652
-1925.375835802977
-1645.9354828480614
-1638.86900907832
-1738.2644338704904
-1673.051499268015
-1996.82139546036
-1963.810510690145
-1651.3602125305943
-1679.8262841814712
-1774.9751725281642
-1908.0733172479775
-1850.5402604309681
-1606.4641800217685
-1666.6494289738528
-1713.9880578385948
-1868.8967313347748
-1805.640122871206
-1860.131640056251
-1729.634965519151
-1798.784456016175
-1689.0215075400713
-1651.6093657929164
-1735.667691606466
-1828.9274756711704
-1729.6757248742667
-1678.838079432897
-1761.8111880999013
-1764.9122402836565
-1728.6590800329245
-1849.3480501761583
-2022.5966835292554
-1708.7068427684794
-1809.4996787104576
-1933.0518544250444
-1840.3178779903474
-1862.0759180452596
-1814.7947170188731
-1754.6947161119385
-1640.5466142957787
-1728.1665393962237
-1824.883096022957
-1924.7313820558827
-1597.9831207571922
-1628.2030178933458
-1774.0244311329213
-1751.0484387143113
-1743.7132131312371
-1981.5930562505177
-1943.0407608420903
-1477.4436496111546
-1771.0338565148318
-2028.357752755059
-1771.8747317694988
-1756.5618530634058
-1649.3168900343599
-1855.63056072622
-1853.103158177295
-1867.3788548305292
-1893.7987766592687
-2023.0662743861342
-1798.8901894882667
-1945.5170788932319
-1556.4309333133704
-1781.709563942281
-1861.2568118451816
-1708.2173156552553
-1822.0717576123775
-1497.3693603734514
-1843.4579183787073
-1885.6823905200129
-1928.7892985565343
-1558.7626542248831
-1788.5844518458835
-1809.2693734651957
-1802.7210256823937
-1681.5080918671104
-1952.1765068678285
-1871.9790008090508
-1554.4083733710581
-1608.4213932915195
-1779.8584721060217
-1736.8953070527548
-1857.3199743711457
-1924.704971025041
-1726.880968410564
-1707.0251171015357
-1783.2281572084855
-1882.4597067354619
-1733.1518154723406
-1727.880511057773
-2020.6395690206416
-1656.2432641371902
-1781.898695017186
-1754.5365237138667
-1670.6389455656106
-2026.6963998840727
-1879.9177122118324
-1633.0392546610174
-1528.7507981848642
-1872.521378737805
-1823.2325594660865
-1753.4518065204174
-1818.7664947962062
-1578.8490902905758
-1766.7352565661206
-1778.728210105588
-2064.3831791049593
-1873.0986415654697
-1885.087033588847
-1900.0317836838342
-1923.5814083041291
-1641.2865567349154
-1619.0346117665188
-1650.2473236792077
-1708.8748418671883
-1956.7950186884307
-1854.623073709753
-1767.9037630690175
-1857.748971652215
-1689.7358108641326
-1782.4756933079843
-2018.5626838892313
-1765.4429834017137
-1918.4946035978396
-1889.2242636964284
-1936.3204473080182
-1802.2169739626447
-1797.872714711776
-1603.5139644575652
-1927.4144766255397
-1686.7992097793851
-1657.40466643709
-2029.5234755125261
-1706.0827551205346
-1752.2238519033838
-1761.0399939632603
-1615.2398184742722
-1603.2594040034417
-1976.2211229918944
-1765.6951063930974
-1556.7958908181718
-1917.8431245648876
-1637.3424905597062
-1851.9006014961121
-1931.219659731506
-1914.8816441720599
-1782.1587439741409
-1669.5053857498488
-1841.2666161319587
-1659.0364132543978
-1902.9041664185718
-1934.8865713014918
-1801.6402213822353
-1975.4987850494392
-1924.617713244907
-1775.3649259219835
-1500.9364932069761
-1724.3603873688157
-1892.2917616005475
-1707.4388224552035
-2101.755046047309
-1794.3572766074199
-1746.950142207904
-1728.958195983018
-1735.2107979662467
-1594.2855253172984
-1611.126148840687
-1924.9565719915875
-1756.5940233308122
-1598.2742834994453
-1626.6147650763924
-1735.9577857056975
-1864.7724025521375
-1823.486830232214
-1758.504072702984
-1821.9015280465776
-1747.5153754601474
-1931.4313135226814
-1702.14690429581
-1877.2864485961309
-1726.83101875726
-1998.4980816107366
-1859.1625771027213
-1745.092763563373
-1779.5178721576713
-2020.4771358403138
-1883.9431093308556
-1760.591566088516
-1787.7015842974465
-1796.4114068169827
-1797.5168822850178
-1951.0405026054866
-1771.9999502648352
-1796.5380663522099
-1797.1724791897568
-1917.8037088014157
-1842.9095684057484
-1846.6641130571982
-1754.9159030809549
-1545.4416674605018
-1688.2502179809887
-1982.598696739762
-1647.468864716864
-1719.5373331978928
-1885.9916990753236
-2178.2968938473646
-1764.124084459092
-1775.784675581895
-1713.7255760285366
-1813.1705865127374
-1775.175937449025
-1759.16736233241
-1969.6954586548686
-1771.7771699645707
-1659.4628842640454
-1788.578606010317
-1758.551916468607
-1592.157208090039
-1941.8780871830543
-1677.6073492851808
-1883.1016468275077
-1748.9672985232833
-1921.7705166483624
-1627.6721793021084
-1715.6231746219391
-1676.5602732293034
-1800.213145694366
-1842.0773047366306
-1824.7694886392908
-1881.1672898429263
-1626.6199522544625
-1753.143072768327
-1580.149920917866
-1740.7869048208536
-1697.186047489158
-1563.767465397872
-1653.006473455069
-1929.7552563445224
-1889.5805847468466
-1761.6661934066142
-1741.089243727348
-1632.09148211797
-1742.9761595594196
-2025.4321687109932
-1730.9776095039267
-1788.4596796573883
-1719.2195826799812
-1639.0013512315172
-1655.028722855817
-1509.9853191380207
-1757.8234056400017
-2008.8223055685348
-1651.2770020339676
-1754.7814121569133
-1755.2112194806416
-1833.8022069774154
-1864.72521748354
-1849.2991450571662
-1726.552943015682
-1662.408134783099
-1752.0651432718496
-1927.6477711522264
-1977.9058603136916
-1721.9754192237447
-1909.1854114314242
-1729.7710061944954
-1675.3683169812853
-1708.9897454151076
-1577.7560324107599
-1870.2134450898782
-1887.3717403820065
-2014.5486149372643
-1965.1232468397034
-1769.7365489988736
-1734.965800378547
-1857.1190881502048
-2114.3820991531315
-1750.0334584240222
-1689.4759851942235
-1854.9489344007313
-1733.960679430631
-1733.342085431969
-1840.6054324143472
-1845.0724234289353
-1766.1203783723017
-1632.92508705093
-1630.3984513667663
-1677.917262624441
-1633.2576473850866
-1685.8054764184478
-1989.8574132772164
-1673.4660478693388
-1812.4800261988014
-1815.1728751078733
-2135.9864369882025
-1885.2331297333722
-1769.465363410474
-1747.2782754625662
-1956.4455633601194
-2116.9684900209936
-1801.9106415428664
-1962.5341129006504
-1852.636699732588
-1701.8423062839115
-1754.275977755927
-1788.3421791023013
-1894.252884000502
-1994.6607968376438
-1756.2703480351563
-2010.1012689159759
-1769.9985599325398
-1808.1886341555853
-1815.6628677066321
-1736.0382376762527
-1883.266020867526
-1887.528468024813
-1983.703187818912
-1746.2252592411016
-1857.4458238083157
-1795.6178045613835
-1676.675871883291
-1965.6379724980593
-1890.8200674746793
-1815.482318177848
-1869.5537170702069
-1857.919379221832
-1672.73797909208
-1725.1621142706047
-1767.8383019043915
-1798.8604582396972
-1789.3035470319699
-1711.6056672997688
-1778.6387013956319
-1957.2589782589469
-1929.5012027913358
-1815.4556884823048
-1799.4917374278111
-1846.2750234528805
-1806.5476076218088
-1488.6592373498179
-1796.1362843338575
-1635.5336130765247
-1817.297204972118
-1982.0374446385258
-1689.1673705602993
-1717.559773769345
-1938.3876655636325
-2120.992047129851
-1680.5911979927894
-1923.518511850842
-1569.1672505740444
-1727.4847014798477
-1775.6761698089801
-1612.79766072595
-1708.8860050299327
-1681.5716160126128
-1747.0607458961683
-1960.256904060829
-1622.9618520272725
-1853.2726410118685
-1786.1737270000456
-1873.4114795396113
-1708.3765044533113
-1769.693086367472
-1810.4436668345504
-1728.8179688122411
-1856.5200120605375
-1734.794340437022
-1899.8663973896594
-1944.8575431629956
-1769.1794722679997
-1607.1144893582132
-1774.286103644351
-1875.039795987706
-1802.1332044586545
-1827.4686898630464
-2068.8780363620854
-1983.4674603404121
-2041.6942500978437
-1787.2839267894985
-1764.9390968780788
-1725.959203437549
-1769.1244619772422
-1947.6325539228344
-1957.8115899210545
-1949.9015980543718
-1875.1914199066841
-1730.4255935459596
-1835.1266150632352
-1607.3127356519033
-1794.0750239990764
-1637.767704397513
-1795.11797823249
-1779.2343513694373
-1823.4084992633793
-1786.1123966007287
-1880.53551234689
-1909.2574755094997
-1675.7056419871503
-1744.16413080866
-1792.5666343806001
-1691.3349496927085
-1847.1939035244927
-1737.5813964226825
-1700.5472021107103
-1861.6561364883248
-1922.9654508957137
-1770.1761206677852
-1655.5509657610112
-1801.2277359251802
-1870.3117864252315
-1631.076702125182
-2029.999954990517
-1762.601568075194
-1927.8059115168128
-1571.4086035691766
-1801.6332269887155
-1742.3363819312497
-1784.8881007641862
-1883.5796405223405
-1803.6212524098057
-1690.871688171689
-1840.7616631160452
-1925.3611409515195
-1797.937569190858
-1718.05179523543
-1806.5979408578146
-1640.6625128562446
-1774.0930323027228
-1853.3212594775644
-1775.999611047406
-1743.1174483659686
-1827.9936568754179
-1622.4821389838507
-1817.717462359493
-1764.6032315429065
-1818.773371961856
-1842.471821103791
-1681.4512935786988
-1884.621097488767
-1882.1962627498358
-1894.44223197039
-1832.921098857696
-1668.049034173309
-1775.6899877634035
-1614.6424041976722
-1805.965205364482
-1990.0113420175799
-1860.6223385636297
-1805.97229259438
-1654.9187354427356
-1841.6682745659593
-1564.2361442025435
-1811.254274156825
-1724.2235322471577
-1849.3342806602311
-1533.2653328734511
-1691.7615884756824
-1824.1712914950124
-1624.0039895206792
-1597.5561519119208
-1590.0650309144476
-1585.1579873358812
-1791.5106824132943
-1856.6919136601252
-1724.5888081658659
-1784.8719248655177
-1782.4125242967102
-1768.1405408327419
-1691.2146571960757
-1954.9935534999474
-1596.396170636324
-1821.25470571811
-1886.2840161729623
-1742.635702020698
-1755.8702571167742
-1700.7612934970923
-1795.128408559773
-1784.7756648890747
-1796.855751743629
-1799.5248367754214
-1709.4752770389498
-1591.5036321383102
-1868.3168878888093
-1622.0359768973008
-1840.0814875662436
-1617.5017953048514
-1640.988283334054
-1705.3408523418368
-1547.4282892951899
-1734.607460748853
-1661.7289589659608
-1772.205987844999
-1801.6889354232217
-1728.3649630057514
-1529.2839860794065
-1626.6006573351308
-1846.3708248006467
-1769.9279583932537
-1662.8345175836025
-1638.5757004528605
-1721.4779179459747
-2005.2583310310683
-1923.820763777053
-1660.6388182110195
-1995.0202908810563
-2180.397104921822
-1789.2573871908846
-1759.0664156861033
-1929.1523924270134
-2197.9659071678593
-1829.2722123979738
-1937.5096970199006
-1791.0133032581982
-1930.2061859218165
-1925.7310743443354
-1623.5210164247947
-1837.7428782182888
-1852.65321899327
-1740.6900616340718
-1666.0080849379442
-1856.767332365796
-1685.9176352014804
-1863.7003035203797
-1831.7135498266348
-1791.9211614409755
-1890.6970631472977
-1778.5094598284538
-1780.0114655072812
-1747.6780714580689
-2120.644644953798
-1868.6861377240086
-1733.6326866376853
-1630.733326563491
-1944.0157475624117
-1680.9938002819063
-1912.0473726638836
-1591.9372401145927
-1618.4240128644904
-1782.8572005076965
-1965.3318661983517
-1895.4795632431526
-1967.3051835495685
-1992.4512357709189
-1940.8072701359729
-1909.2106697213608
-1802.989971033766
-2005.5550553419432
-1752.308496494175
-1878.8242422837138
-1859.8277691546273
-1752.8074044744624
-1764.9169630855556
-1773.4678441779627
-1778.0769435857533
-2017.912667324032
-1820.0150774838626
-1925.6865400540205
-1729.6888389812455
-1711.234094655641
-1723.3460052780854
-1784.3668033858971
-1804.8543814293348
-1917.4002308501156
-1733.0703749643449
-1612.4456550802747
-1931.8407324353943
-1829.1860958322047
-1834.3529286223652
-1638.7306590152175
-1698.063527843477
-1778.2849393399265
-1725.962255984436
-1601.114239521551
-2072.6796083970157
-1804.9362356610382
-1851.6060872783892
-1802.197174327305
-1891.179607847597
-1687.8435097073602
-1835.6947424139432
-1854.2658639397139
-1715.1123863824591
-1943.4196617005439
-1708.9289532642506
-1995.1691760967196
-1749.0134640997187
-1663.5008430686698
-1731.909719531552
-1780.2141489846026
-1648.8351390272742
-1788.2340972313523
-1754.9436951797113
-1997.862473638345
-1829.1393952277442
-1893.3921017722896
-1742.4998615629386
-1717.1573680968581
-1774.1148861579131
-1794.3939192338605
-1825.26259640681
-1716.3996891464747
-1796.091988282981
-1730.7312538175909
-1629.4369159771609
-1741.9069151956044
-1883.6190842126766
-1818.4184345852275
-2069.126006605172
-1853.882245323711
-1852.132034427974
-1808.3631334146316
-1623.8526784051812
-1815.7827892401324
-1889.7770800728365
-1884.3599086807174
-1901.237685159773
-1934.355227910809
-1663.5784890578104
-1780.8253621486642
-1886.6846618286547
-1818.1897475633034
-1961.2149052111847
-1811.2415364890064
-1535.4487090772097
-1604.0866602968242
-2030.2631176634281
-1749.4006334523049
-1602.6102930237307
-1661.7432248499501
-1798.4366742410098
-1852.7963453768152
-2144.6535619090737
-1821.0946356480076
-1942.3230681020266
-1954.9436417696054
-1829.6847376481392
-2054.1066715644856
-1945.0328401517122
-1631.4081927066777
-1786.8024893293987
-1761.8319477559974
-1788.3915908983795
-1781.0127456483187
-1829.4703910378587
-1788.4047837030084
-1746.6879298273545
-1728.9782330282785
-1957.2956145378494
-1919.2368057350354
-1762.080243049031
-1853.5550003355352
-1792.7025624763612
-1932.6731194083836
-1731.0463419885766
-1652.053124584954
-1879.2629336883715
-1753.1506483209955
-1629.343257050601
-1801.2767917101996
-1862.8413725445253
-1814.7394057447927
-1629.986694923412
-1875.4330479664884
-1849.3882251753362
-1933.24505609225
-1707.7426501869268
-1825.0539112481376
-1728.5241590150217
-1664.172105170482
-1800.9073665956232
-1691.8524871877423
-1744.3224639633934
-1737.8498926863442
-1912.5043547533678
-1892.6337951638725
-1919.303336848361
-1707.6079190870478
-1785.6593173685967
-1731.421868978964
-1681.232588935019
-1799.6495279601118
-1569.6400082614743
-1702.3875772650238
-1703.8554701810428
-1673.8250821988654
-1799.1626658764042
-1597.3476644695413
-1745.2506799850894
-1915.7109366328352
-1825.9116636316662
-1871.484677125384
-1761.7185901721791
-1634.161367137179
-1797.226929201324
-1727.4861812302288
-1764.6381665366619
-1829.8758282958477
-1772.5429944537318
-1693.1990731582591
-1832.6855182252618
-1785.9705756757587
-2033.2499521066507
-1947.0701517550156
-1762.9098637267937
-1801.0629223912817
-1706.799692846852
-1827.7105154226972
-1916.703722547001
-1600.455630704761
-1702.534362598214
-1549.6754316620102
-1699.3710302596912
-1632.1037762427056
-1740.3432787150896
-1797.2893700633283
-1761.8982121524762
-2024.6226233709522
-1768.9450703505963
-1990.8443051128388
-1682.0817767765254
-1866.1216636159393
-1912.066543176799
-1692.6566616818855
-1937.3131246283738
-1946.2521875891746
-1790.4712085150793
-1793.8309189951476
-1606.6631261592192
-1899.823253201708
-1797.3150314690051
-1835.2485186687763
-1760.2042610158746
-1739.434285906099
-1819.106183601962
-1724.688039980302
-1675.5435897388998
-1931.327038456687
-1689.1386171079903
-1547.1282702193885
-1638.6745728544583
-1808.4707631159638
-1880.9271362552786
-1722.9474257911556
-1791.6982751970393
-1911.0883821003965
-1997.892235759576
-1678.3772383077735
-1983.2952096948488
-1851.766586928736
-1754.2283907042463
-1847.7644775337328
-1758.8144415980598
-1805.1910719207629
-1918.936385777737
-1647.1580630959281
-1725.0633710920265
-1845.1538753621778
-1944.2925774978933
-2057.8921985936486
-1579.9061313237085
-1681.0539295335175
-1729.920945505341
-1739.7033334443436
-1912.7253953409725
-1784.968910038977
-1782.7842038748818
-1774.5609094266986
-2071.945330831067
-1718.9599674005726
-1700.64343489507
-1743.3019628182603
-1905.3879518215065
-1886.5420328729133
-1820.5360906362032
-1878.6652307949732
-1735.9680993122693
-1937.2059718557864
-1762.4349933350816
-1878.7174255222922
-1721.4505772994876
-1869.127009907933
-1816.363771445673
-1683.1793373083535
-1670.1559397316953
-1700.0573796580015
-1820.1534852859133
-1863.8663753585763
-1790.7409044029139
-1910.107811784041
-1975.2196765312642
-2079.5774700900024
-1871.3805472894076
-1677.113289092577
-1922.5866675962777
-1622.3093723909124
-1889.9155542794908
-1703.5848406686334
-1721.3367029832539
-1716.8306433060586
-1748.6971819152652
-1560.427124523537
-1847.1461782013544
-1715.309947148623
-1903.0752255078996
-1750.9782649231195
-1971.7321412488527
-1768.0818520021535
-1883.969999434224
-1905.3238871621252
-2040.6921956805022
-1787.5772943437255
-1711.8035257096979
-1889.9045523108086
-1808.5281742764876
-1995.2302612837118
-2194.951436251807
-1867.3159539407443
-1779.6529979429154
-1981.8943598159865
-1801.8443358616908
-1783.8838275802227
-1804.7756292562626
-1995.6152422981138
-1987.5786317088312
-1763.6860024056843
-1810.3047948580524
-1987.3037795814498
-1930.6735977749054
-1740.4127558428168
-1613.39577850115
-2068.068769837707
-1857.113445054776
-1664.7146575270876
-1897.7004688803058
-1752.6165322924776
-1814.8892667048938
-1648.3241833043674
-1844.0701525994905
-1806.0857492031078
-1671.33495983032
-1677.8345270000946
-1932.3789717713228
-1784.3324331012498
-1890.4654848356342
-2015.513288503861
-1955.48161658275
-1694.7196364754582
-1721.3203597330778
-1755.1396822124568
-1742.1524873436438
-1900.1896487436898
-1934.299982266502
-1892.905237940777
-1786.1902894286864
-1698.9126392115654
-1625.5681667196393
-1778.7083313254132
-1632.5986355705566
-1799.0994207916099
-1831.9288425767777
-1653.1788716809272
-1812.1480219909995
-1873.8488190891871
-1592.702203354268
-1837.9189801472141
-1910.8351426558572
-2087.349344007724
-1752.7087234327967
-1939.4069413751076
-1890.042383345674
-1818.911440087498
-1744.3339670796177
-1736.1411742974078
-1799.7797244246783
-1564.3396657902613
-1772.4077819758738
-2003.951104411681
-1753.6036682851663
-1982.575137239385
-1742.1953531010017
-1774.0165867745675
-1773.7413601121784
-1976.6704706220296
-1664.2346095214646
-1874.045804642605
-1775.876611835198
-1741.8191656916295
-1722.8446483045946
-1842.1460675464996
-1868.9791751224236
-1879.2260475671321
-1652.5927052359375
-1742.0630955151764
-1851.5045577857172
-1828.3490326568797
-1653.237058448919
-1824.7585830622627
-1960.7841590806481
-2081.1856532663355
-2038.1120605067272
-1954.518251604118
-1863.4277239313792
-1647.6627835092
-1791.5943110237847
-1914.3372835999642
-1728.770829146352
-2073.943491721181
-1851.4621322910841
-1849.4316331084133
-1824.073825621906
-1817.604755088651
-1895.6556580226686
-1769.3473403599492
-1806.4279263749152
-1931.001678801543
-1669.3897834692802
-1677.504969231273
-1874.785525831026
-2026.441376987428
-1825.889278017406
-1764.9577262708528
-1851.1849221577156
-1725.3377971307689
-1991.6428838426584
-1825.7542274183959
-2090.878565432527
-1793.0203144336847
-1815.4002306155544
-1761.7586013737507
-1840.7021702304487
-1686.850752847966
-1968.239321570506
-1824.984879230583
-1725.1521165832398
-1616.3122188420875
-1682.1959250487541
-1974.859953430183
-1928.0501836787291
-1776.4177805442466
-1898.7560603668146
-1891.0983184485087
-2065.4375867315534
-2079.9683219612516
-1746.6637501822252
-1867.2862331384003
-1935.7496716686728
-1842.6996108683436
-1624.856807561381
-1861.1220664868963
-1886.231801447954
-1653.6753027256361
-1806.3986772895898
-2048.9193133118783
-1612.7913807605232
-1699.4042284008822
-1909.1857788109826
-1739.866398789948
-1441.149246607685
-1909.6824983429894
-1548.5347415012247
-1640.0525974398586
-1711.2607147161189
-1776.6763798048444
-1916.637236504853
-1935.712195892308
-1763.8946454362024
-1714.7681132471646
-1705.4786643880805
-1931.1746459985857
-1906.0220302407943
-1669.7827572384492
-2101.1159019737934
-1853.687298576791
-1728.4039310820008
-1965.1191831808085
-1771.323962507031
-1772.5381163524785
-1809.3753489921028
-1766.7296375368828
-1705.9748968867414
-1706.3452800184857
-1740.6502769644699
-1836.0445628038274
-1932.7206836082592
-1604.123790142583
-2102.794694039458
-1853.6937848517239
-1793.1891889756687
-1673.5827481546348
-1829.293013345348
-1663.882291670893
-1743.3876585315102
-1893.6338856477632
-1599.9136762311798
-1716.8906209922486
-1661.4701302237813
-1958.491195334639
-1824.7864306290492
-1626.4266042405081
-2040.9050279877763
-1702.6313318501332
-1805.0551036221154
-2011.0433746016738
-1691.384126532294
-1854.8501250521424
-2055.4612836518363
-1831.4155630631772
-1679.7322003321613
-1948.3114861123327
-1658.3493462956487
-1656.9616093822415
-1601.6527458695027
-1462.0344151706713
-1827.8154414066187
-1687.039432270068
-1985.4780312905407
-1718.990875042739
-1919.7814211576185
-1714.7283392693957
-1995.0120810243104
-1755.8298770876888
-1668.5636029540467
-1837.2743180919358
-1802.1882618974787
-1754.4491929423825
-1592.9801637362898
-1838.2844160363218
-1721.1816540454706
-1823.8209925958738
-1960.3181735505414
-1888.7614375691403
-1913.8228863594563
-1755.8969353652226
-1952.4296852218329
-1602.1546219654588
-1790.667758329042
-1961.1853562720698
-1706.3917027051941
-1823.4356689515612
-1885.6022526216677
-1903.294509319045
-1804.4953480115905
-1660.1512417686674
-1685.282113540142
-1806.138578116194
-1810.8421554926567
-1580.8303516642072
-1879.6525346406656
-1849.989620864324
-1817.8626987407322
-1580.3764124201643
-1946.3417293121452
-1903.1490699853516
-1775.0089997090756
-1718.0602288624482
-1925.4156782019393
-1590.026839834687
-2128.807924140436
-1590.3993515693046
-1624.4412838012674
-1752.7920834989566
-1830.2691134453046
-1940.8445050020296
-1755.725324207239
-1699.8984163708612
-1803.9203364631076
-1874.214898181046
-1883.0599817784016
-1718.1867726544192
-1743.3480201164757
-1831.453492403753
-1843.3290347846403
-1770.2225935119761
-1489.542638258289
-1918.3435498212557
-1982.019511300456
-1847.788928294792
-1714.2441377905066
-1627.8240784165143
-1652.394879588892
-1590.830387939955
-1682.5875412562516
-1848.009335423483
-1775.522141141719
-1693.9263889826386
-1975.4164634598292
-2073.145550878573
-1920.8143056197027
-1865.0419694871368
-1650.7969933461068
-1817.1659389696079
-1751.7089527779463
-1980.1646046175274
-1927.6156636070966
-1663.1436404764888
-1798.256289278271

