-1915.161802928093
-1461.663740481901
-1761.8254254200278
-1973.8970849665625
-1532.0685792148606
-1668.56682309709
-1630.6121725340636
-1997.6659009688099
-1275.3449328185557
-2653.6157884062345
-2563.453935079391
-1227.6246518612834
-1025.131120120573
-957.1179680573118
-1092.9798207811002
-1016.2474262145438
-955.868462516542
-1045.7150830368587
-1052.3124492078878
-943.3653295688754
-1023.2924036494869
-1037.7560254679443
-1149.3727419758986
-1133.800740361791
-984.6504606891608
-926.755874702086
-823.4765940304737
-915.0703438193904
-837.4240840305728
-976.092188920031
-914.8898589691089
-955.1028473811459
-838.1508506476745
-925.9423644171466
-864.5616683977468
-784.3002778173891
-862.1761921033706
-889.4685771499117
-838.7622939074083
-843.5476475658612
-810.6534790059476
-1138.8448744746852
-767.4274237519448
-1041.116434202834
-755.3574262573181
-883.927434960763
-961.1158294707184
-679.4291869906203
-753.0006240132769
-1173.2259310884167
-702.7898247622005
-757.1978779696487
-931.0754569323486
-768.8488760989503
-817.8093330941606
-776.6025192060196
-802.1563230283864
-800.0659452258019
-856.8942022596984
-827.6322145236351
-810.1763032191471
-749.1570265962745
-808.2734134074012
-850.9437702560634
-876.6618573929926
-777.5171924740221
-844.890193765109
-679.123324019728
-732.7568662195939
-814.7413386138346
-747.9492553769625
-930.5669808857397
-830.4243457946128
-815.5727579431768
-863.8908705613162
-857.5326824053042
-773.7313469832006
-696.771783380379
-746.3704699094601
-868.488320200218
-799.1641878070681
-696.9440161245398
-769.4829069607497
-729.6457788637896
-925.6564196666409
-813.3799171569273
-769.4795879648375
-701.8416935727469
-683.2368229109056
-780.6192504747161
-739.7005425785126
-674.1660895220019
-780.827382830896
-805.2749603508832
-785.6476327704538
-706.4341302552085
-772.7797444176517
-828.362227329962
-705.6683965919106
-772.2874468264333
-737.7514201503338
-734.3194308687919
-781.9818318413967
-877.5605783332414
-728.5275692535135
-720.9985088352324
-720.8518779453817
-733.1834683388164
-806.4635252479039
-738.9039147908367
-728.558725229257
-772.3220228382893
-802.984225844897
-886.5110061846341
-835.9335475126862
-878.016383797625
-830.6140082065164
-891.5724709464398
-800.0512606334897
-954.1853488212827
-747.6001585480135
-872.1036711777111
-803.6109100083492
-910.5979704984044
-712.1402674680821
-769.0586863835197
-709.6712734872544
-677.3968927501395
-668.0667244662206
-724.3041339283491
-820.8418524208419
-739.8761899804567
-787.1204881562782
-684.957159298011
-672.2572116536376
-763.8527650981406
-710.2078816498647
-837.2664653410177
-721.9398475212461
-785.5665608675001
-812.6691207980342
-719.4838366901508
-783.4280763867599
-804.3295574522399
-763.9762724071205
-863.5985057723383
-699.8773310317001
-830.81425083983
-814.1022074194406
-832.5535935178889
-663.0924364870896
-767.923879100158
-796.1351504739323
-640.3839394782041
-711.9014182088881
-644.2157513612996
-674.2885963906144
-720.2342314824075
-745.1504042628958
-780.8253836326356
-741.0610281433846
-745.1262663361528
-708.06063943532
-772.2528254184002
-776.9488620910166
-903.1108462201285
-820.1019601475961
-705.060728945135
-969.3697713864584
-668.7067049490233
-680.0448130790177
-724.4849293599123
-718.3875361315964
-820.3532466373156
-796.8341281704053
-766.3646504458848
-783.5236527218411
-857.1149762646097
-712.1884410135467
-787.2601733977215
-705.5915280315459
-787.0311566024257
-912.3056791413715
-752.5033032445076
-755.3808464871279
-742.6526904784141
-791.8369405215676
-818.404481824209
-661.2541749014914
-700.2254826805972
-741.7346036422896
-776.0002288668368
-848.4485710483567
-794.4917621848995
-717.112765728362
-778.845831910063
-756.2386682758739
-797.6989666297673
-833.8775284093034
-677.9533215015973
-702.4695051683547
-818.7981416281972
-892.2230049206394
-724.1723301534965
-714.9176948151414
-710.1554918897583
-722.244810848782
-893.0823051525539
-664.1112566865479
-753.6621506277617
-741.8546343975823
-665.2658188102594
-729.7969045883892
-822.4140517796421
-677.9810026474589
-790.7430477401936
-711.6343511253275
-728.005331648415
-803.9884625081655
-722.6706133734602
-769.1469950140182
-664.3476615435493
-824.3881543575874
-707.180624060592
-764.3119867746854
-808.5761095343951
-734.2017706523989
-838.7254857743003
-761.2952505363255
-680.485950859549
-666.6899774394251
-773.2792834333609
-827.6661880778092
-806.1869895839549
-784.3363001073453
-743.6189416373431
-739.2358595417381
-863.8764230769639
-866.0711419706703
-899.1370416325958
-784.8308977970028
-780.6583454205341
-667.7060523746394
-713.9224104190658
-777.7930477899247
-674.4988662613737
-810.4777280278214
-717.4627920582927
-727.095000271407
-678.7364101278923
-641.0344074159611
-758.4396980170296
-664.500341673245
-794.2076897147504
-684.0054492559411
-693.4413103237436
-771.8211311586679
-698.1012995855773
-747.747644688721
-756.9244448191906
-646.2502614427593
-779.9854360266478
-770.6022093159859
-674.5354670405716
-710.8086449907152
-737.9711494841918
-747.9110935428516
-685.5746084198419
-758.0534032512713
-779.4886803463377
-735.6379757304413
-722.9649605386498
-685.5804062444805
-868.8876918555297
-785.7869677309793
-816.2104112629776
-798.8569462338214
-844.4612931338523
-727.6336400674891
-713.7950732459531
-790.5528679740221
-768.9274650656348
-685.9556471611098
-795.2409648441362
-764.5353640838771
-791.3202571369629
-666.5387612050095
-867.7251163869759
-751.1275768172446
-724.4285476925597
-682.6700037820226
-790.0709763979277
-723.4634939092655
-689.5992090679277
-667.0132964151376
-725.3331622696452
-689.9295111843019
-726.1392724024961
-636.3515061020721
-720.568387236446
-740.3361680788867
-719.105229356245
-699.0535419958578
-662.837870380412
-737.3100343934033
-685.0131226016783
-753.0345119226041
-806.3689504817203
-760.9183887384521
-821.0245178395803
-748.1960364225056
-724.1116704195102
-814.4067171289489
-725.4984525315874
-710.1629333131939
-689.6561223473437
-734.2862697948344
-762.1916198084612
-714.4026241115047
-750.6167778227823
-886.6386167409809
-728.7915534316381
-797.9079423217918
-685.6707981117369
-708.9406959829337
-765.1600464500335
-772.3378856195282
-720.6039411410575
-846.6316106746832
-803.4413645708092
-661.3764450991104
-670.9625734584956
-693.6006977870275
-821.8774604113769
-760.1201500304978
-794.4672141332615
-732.8444890242527
-770.3017642777979
-826.8940684415571
-831.9011382108233
-752.9259434541664
-749.2427479949059
-700.7583878424822
-747.5818684751731
-685.8928409822636
-734.5146014872753
-713.7808759841859
-699.7075912612145
-682.1690822047265
-718.7671633496396
-757.4357478075212
-811.3557514715444
-739.1345372344916
-728.0332646750388
-687.4376219892544
-757.7016844326048
-759.0135756031437
-742.5169129018473
-760.7984939349203
-886.6410237789647
-711.1536972117027
-834.466608224409
-711.9265920045455
-615.837896133804
-751.5868123658324
-727.5225962914163
-721.6154494444884
-733.0060924293978
-743.3126685173746
-786.6518856555182
-851.2575248746773
-686.2411934521439
-778.9717679284327
-703.7399385974095
-645.0186898433504
-667.8145520086518
-733.6228527308484
-760.4420610052682
-691.9823140668785
-658.747366815894
-633.5326253884755
-756.8945134390228
-793.4488909592308
-697.854945570132
-723.0655005158735
-653.353825767257
-816.8434288751174
-759.5935518670993
-641.4722608926427
-764.3505479096697
-791.7476916319766
-870.7249349532027
-773.9924529957525
-704.4848616525799
-828.8049295508067
-669.1535550021513
-874.6539302042661
-744.6365385424843
-750.3604282494564
-753.8093200324236
-690.8589927238015
-832.1034822813892
-774.0633969593011
-713.8746133888322
-662.7702941136245
-710.3837025457823
-774.330241639221
-714.4433539461324
-725.1635944383494
-671.1802690971094
-665.6747384586356
-706.8951385746099
-758.8078253732273
-771.36477162043
-767.2652153913613
-638.9573517557366
-686.9238532660279
-722.2463485045922
-740.1314940270356
-728.1099419283031
-712.8971809951553
-602.6165661689461
-712.5267313070023
-726.4543314637044
-752.9466467838147
-806.6653473045081
-737.4513161124964
-726.3287353590363
-699.7516967147582
-609.5315049848011
-704.6451644787296
-711.4843976270948
-767.7425165145155
-768.9168322425296
-641.9182796911628
-666.225100788467
-718.5689597364199
-653.8238542063425
-703.106570627685
-710.3977155368049
-793.0358050218847
-717.2085603694553
-752.0931759396684
-886.1139682409521
-798.7398652421494
-788.9103042620645
-724.3986188726772
-715.3409570844494
-694.1085611926025
-758.3985670402761
-704.8847907498836
-766.1983905001141
-613.5570284784538
-744.787545318331
-679.1497649887593
-722.5998198475197
-686.7015594128336
-800.308255220789
-734.9326485812059
-715.5773093865755
-694.6627528896489
-766.0912315973242
-675.9419199198323
-731.0538093803607
-710.2266488441494
-758.1990688187482
-723.3786086123035
-711.5198466237678
-736.625918429738
-632.1488131361077
-623.2870476183458
-777.6047355516815
-809.4365359380977
-787.9430772768013
-833.5040252628498
-736.4407346778507
-777.6911224276178
-740.4575852764332
-658.8898326693266
-736.3805704446305
-737.982544219371
-759.6002762763236
-748.167351715716
-794.8651851275359
-733.4357238027683
-767.197919134959
-608.4056984836034
-739.6867863548482
-742.036270897419
-648.4282205487631
-817.9261027810373
-736.6738004145413
-692.2148201515898
-714.5647218565408
-700.6654850112768
-663.9849228516922
-657.2326995851371
-740.4907865701011
-713.7887009232544
-771.706509463821
-711.3454674296588
-701.9876821895053
-697.2754331939032
-735.2867252573127
-765.9746684461925
-670.7002881020858
-757.341094397841
-771.4460523443163
-748.4140009967031
-700.130953236613
-683.9315342076602
-740.4143462445992
-685.7747845993846
-700.0202747236173
-788.0804416974175
-690.6524661796309
-683.8209585740085
-684.6147870935033
-718.730147305487
-731.3811714591968
-717.074979246383
-649.8981148374555
-694.7883964525798
-789.1585148524105
-725.8661836479299
-647.5910668385037
-744.8545506031141
-704.9754049554066
-699.4482373725527
-724.4037929129267
-733.9661389939027
-711.4497841458783
-699.9933038301291
-761.5973461474987
-700.1006693452325
-685.3645268602395
-668.6339323655205
-630.4136622612276
-708.1000848393214
-692.8456962304763
-747.8120473508839
-715.7592782601096
-636.7311464878579
-773.0512433108698
-794.6679045140677
-776.1176376542744
-669.7997562785265
-675.3493459201978
-742.898012587341
-745.1891373328904
-658.2333593600484
-716.4404739909195
-711.6318397709437
-748.2348926190591
-773.2900767128895
-722.6346403871149
-694.8581103255495
-732.7545926317499
-781.9091182807159
-765.1748378021434
-706.1756247265535
-674.7232918324377
-725.8015935082565
-754.8486359116663
-689.8264731086879
-719.7805595785502
-771.0688390685477
-710.1905062953238
-681.4499809156888
-754.1720367637317
-729.0501613624906
-659.0630366849788
-673.9650667028377
-651.4781350584814
-673.3584737344522
-746.1006485949615
-722.5991227549177
-704.8162440742335
-826.092920316903
-673.0056406727973
-685.0554423757726
-726.6553995976092
-596.7323376342214
-660.3708820161395
-762.6852567715259
-697.8813234419388
-742.605741580895
-754.3068592557665
-782.6309082045218
-690.9287839330337
-726.2172517776389
-715.8262490287198
-666.2735660818659
-770.6303507851235
-903.578938886867
-724.8047166727935
-632.5451938378724
-802.0809584625651
-802.5931260797802
-748.9287077659806
-660.2609120221701
-779.0020879344611
-752.5552159615453
-745.2822980592878
-771.5444479447306
-680.5459885390691
-685.8465546524976
-724.2175457960202
-728.6100126432352
-775.6037949938237
-730.8825401248487
-708.13258049845
-714.3804259213493
-726.8750152454493
-746.2712475940459
-690.6803672233607
-694.7341990728124
-623.2468825560567
-685.207079907221
-672.6812137688307
-645.5093596926608
-725.255111199333
-675.7487472599751
-747.7619245926785
-734.1261362415656
-701.2512301745207
-706.7026285522929
-774.9816943062233
-690.8227354057716
-749.2830295403436
-713.9225189032614
-767.2152717012924
-683.6963793292401
-734.3133159393783
-690.7521020716201
-677.2093397804229
-767.6645206065812
-719.616770800695
-780.3389024780087
-736.5493267983827
-754.622374556413
-680.7982594870768
-688.9536344648018
-612.2297148473644
-725.148614367123
-675.4703855176774
-685.5478056374668
-710.5878194479114
-683.4618620100599
-722.9628353064564
-697.0303972972756
-699.8330839922127
-756.5464054588324
-732.1688573412478
-645.2958064483629
-717.2623541935126
-737.3335337169747
-734.2934711315825
-727.8529692221249
-731.2372530595559
-726.9661514782691
-805.8672198946244
-716.8615673574902
-739.3630458417655
-817.1514352515665
-626.1022228763621
-755.3380059009573
-724.0510971839092
-723.0500575238502
-708.367528928304
-745.2393562373345
-571.531099988285
-718.0427557194066
-676.2606787717655
-721.9061834394821
-687.6032304259567
-784.3369330564373
-702.204314047106
-714.4741301920599
-699.0826842826117
-711.2586934641873
-770.9537754754352
-700.665198228555
-868.8520509795135
-679.0144958857302
-733.5051847223331
-777.2098688808171
-683.2123013734508
-786.4924658954071
-620.8272311150272
-579.7135987610562
-755.1052670919464
-697.7585934026748
-681.0780953742224
-758.0197790695947
-709.0103272034177
-766.4192918460283
-705.2773289797736
-782.8360294440799
-675.6853147241937
-653.4750394166144
-651.9340773759691
-738.1896119051515
-757.4734870657903
-701.4404132380041
-701.6383270637228
-745.2780195461792
-758.7843591307764
-670.0614045789407
-705.2778503335809
-726.8789706889794
-762.7315899273134
-677.4664133060069
-777.0265173087548
-790.1649661801791
-730.9253683476251
-750.849130788181
-697.4431069718357
-651.3668067775593
-711.8520563424509
-638.8200041540126
-702.604142902365
-743.8092792944425
-735.0838181379013
-739.3920847864777
-787.518356702099
-682.9167004780935
-648.3132605780296
-779.56613886879
-689.4750117108829
-633.5762034288236
-655.8925440528761
-746.9937889125902
-692.9797412413383
-791.9383682840931
-779.2843255613367
-692.1600683506538
-744.8014966925496
-649.3294556613946
-723.4162390058618
-685.8467225757304
-740.8352138920311
-769.6531603751685
-805.7122242594255
-772.5608277019138
-793.4422428836624
-768.4129024685103
-679.3257710735434
-639.3346898835795
-744.8307447341572
-722.8459757816568
-721.0270731088038
-735.5687927494464
-777.8255620306395
-693.2029041657291
-599.7410301748833
-828.3074369693825
-649.3435295896594
-698.5121213552081
-724.7010014125174
-699.5067382404978
-738.0096867378162
-683.5152732637871
-683.173595769232
-738.8728866196464
-786.9684178809231
-687.2149363339972
-699.7543751766069
-810.3925010490984
-630.542496855625
-651.8384577846917
-753.2437973366244
-758.8251333912876
-668.8501519034994
-804.5087924653496
-745.103109388834
-708.3173467261082
-720.7258664012652
-711.4158182043975
-666.9135702383404
-609.1219475032157
-752.8312962551855
-637.5826292643792
-688.2067345307014
-729.0480993427783
-696.2624785019278
-677.8507231070116
-585.8779413704566
-764.6398558588882
-642.324352793971
-816.6271919628207
-762.420889746664
-677.6371850389548
-716.5372827679007
-763.3775917642215
-658.0691213464161
-766.1115134798943
-631.1516596759509
-707.0856238979122
-625.111185432623
-814.953031530478
-734.3480138123015
-772.0838284064735
-690.4102154076984
-755.2320520426316
-713.9474430950856
-674.2729304948457
-693.2131987151264
-738.597794687693
-668.7785291035016
-735.5975127669411
-765.2533890865252
-840.2765060083747
-739.1366945558611
-714.4212494867995
-714.3743074259813
-640.8244576229338
-702.2815432850588
-757.2257544927356
-701.7704293018459
-756.4514030641404
-702.8206563096696
-633.1534259322189
-753.3225787323573
-733.2301134401076
-685.3314420849798
-717.9390636852315
-688.9865602253968
-636.5637885097309
-785.4029273264393
-680.2294656267416
-719.2232943740208
-725.429378825947
-709.723386736613
-689.1845557852914
-770.5616211855069
-666.0213844296972
-791.5498997219856
-684.5449483640036
-644.9688817409335
-675.7129920758653
-729.2381950039389
-733.0950742826258
-739.1947851698421
-713.8387628092598
-739.3460720869211
-679.5906047399569
-747.9319052339164
-793.2195475652463
-727.4556390656123
-614.2600502663946
-732.9785106678228
-683.8182722041861
-689.2376800905722
-736.5849800739334
-749.4233831142318
-680.9414143682279
-715.7149737938985
-729.2661844325122
-686.9687893341645
-742.1478571223145
-680.7396486704334
-688.5940034173412
-733.7226839875838
-721.1202778306856
-648.5806632694241
-784.6770242518947
-668.2877420040419
-666.2358551239514
-866.2161632952839
-745.6824250032363
-682.6038734355528
-780.218274441987
-656.5454325852864
-703.747818004816
-677.6208410304257
-751.4401611656342
-670.7639756590802
-702.9727145188749
-808.3110509295675
-689.8197426752731
-746.7440464757315
-693.7965744881124
-703.6098378983515
-746.8208171212747
-682.0069332494099
-704.8432010118311
-688.4741963382058
-638.3659346087289
-694.6294486419802
-671.7993514036054
-704.4049654962477
-784.2543574573365
-652.7135803994632
-694.7250653469257
-789.9716162726828
-716.7558851078646
-679.1599822084659
-787.5593450181481
-702.1163003547208
-749.0224404882757
-747.564475677466
-652.6937992191641
-744.7724741709397
-760.1045954675276
-660.805865355801
-749.239116097689
-713.4921829129198
-738.1367150147894
-628.3569597861597
-701.7279889884119
-702.8511550252288
-685.6232745478997
-677.3718672885425
-655.1652638049022
-679.7662010484565
-702.6281935823531
-676.9246691926401
-739.6592876581731
-713.7025367559731
-893.6320467807623
-769.228199979693
-608.2553826869193
-870.2291461519741
-705.9165184874882
-705.721696402662
-751.955096941793
-774.6364720470074
-741.1079691956179
-690.0648388290588
-661.9242222998928
-735.6988652869032
-647.3930074454968
-775.8000331933763
-687.3777489707494
-754.9074781787366
-735.9508489049272
-644.2710526533526
-707.2881180563222
-725.1025172203733
-730.4275402636624
-702.7403245928465
-683.1605993620404
-753.0158496010631
-763.9589112351076
-788.3734245440655
-750.8730757424836
-608.8206330573356
-660.0146792695814
-686.0192526142893
-672.3144088714386
-686.5200225160734
-647.5628761898047
-708.0134461308976
-667.3111127254133
-734.2857820799913
-763.8254762518136
-741.0509158765474
-727.3232894577889
-761.0714353013227
-688.6854921839061
-736.7379154640565
-712.4040530915562
-711.161269773252
-757.5145426872122
-777.7373010409915
-690.7661741122838
-785.1631179534456
-595.4101971028769
-652.7503219155682
-661.3816485213047
-661.1598778048887
-723.8369802164349
-714.9899583618717
-664.7344526656807
-727.87458491113
-677.2748447773727
-664.7609066291213
-638.023419007714
-630.4164409204836
-695.1307785302761
-675.4172946368182
-726.2143932143185
-685.3529686593554
-722.1160430922608
-708.7848790466217
-624.045343365471
-661.9604110879035
-686.0395459752397
-654.7112183582175
-739.8090661066395
-740.760209392183
-860.1930136034758
-638.4598004685542
-675.2392255122028
-678.5446767223502
-743.5781491547907
-681.0442710200751
-631.5847600625128
-712.0519076709743
-727.3442023310113
-737.1144190718443
-667.1674538011639
-653.1359975993674
-705.8684317863011
-662.6408415451256
-725.3459650577679
-687.9307739015449
-694.7496771811714
-706.4934072942181
-674.0199703790645
-759.2477088702265
-624.3434327829714
-703.411991537986
-642.9630008804396
-761.7911219826492
-671.7173536524047
-737.7193922659765
-685.0894844269712
-672.3545220974025
-729.6514584537822
-709.1241911941336
-628.305504587131
-707.767640372143
-691.6762939003925
-659.9520557152036
-806.6007773147991
-691.9605254702444
-790.9136108541434
-738.6057253262188
-720.4265850105548
-691.3409944167297
-733.9781666106104
-720.460654890548
-708.6978830153827
-761.0975521119316
-700.812317053143
-633.1508798101113
-656.7853254754641
-637.8883815347751
-746.0368587167774
-676.8630923568406
-680.6019650041383
-684.8041564831037
-725.0480107282667
-696.721458183965
-694.3954135780173
-665.0088928938151
-656.8813184180699
-697.6282171881548
-701.8008192341078
-806.3654580334041
-663.0611097046058
-634.0827968657823
-631.2510310443278
-694.5322309985467
-665.9459850263711
-741.1963801411466
-732.618238638323
-602.6763389989657
-767.189784916753
-747.9172588436871
-769.4071297947411
-693.7380963882431
-677.8231457566
-643.0978752705089
-656.1166436520734
-678.6205056481926
-708.6300152172621
-719.3380612257654
-645.1348362570919
-714.999623612761
-759.9919427527502
-723.8133832148674
-722.208403462347
-744.7686881448607
-740.3373626957828
-659.2641181108995
-669.1897073477289
-641.8119025293661
-698.7965471529089
-839.6686325323462
-659.9049420628917
-650.4986068266256
-715.0957117338984
-742.0781253795528
-656.3020957199075
-737.2169283029543
-641.5721201841169
-677.7026742522993
-671.2502749551668
-742.3422393464023
-671.1262282055924
-725.0559383311538
-740.5225169356752
-636.1872164073875
-739.514701019732
-745.6568409363351
-611.1315490032342
-729.8643750659575
-803.9033611271633
-730.1428972900693
-615.5729301304104
-714.2989000987708
-680.6525522499078
-724.6490499487161
-731.047825495659
-711.6077209267473
-695.6216901819005
-669.188974614716
-695.7674435308085
-632.7878966743011
-608.5490204669348
-750.0223206877092
-685.5573590543618
-722.352354922722
-726.3188111588588
-652.3041564780609
-643.5429332618885
-687.3852795068091
-668.50438806692
-658.8317008497002
-712.3620527781645
-725.3320956792422
-678.7658188351495
-765.7170339607296
-687.8960216193317
-681.057146665118
-587.9155555876722
-708.6117398732512
-720.9250708345073
-596.9626190702809
-680.5713285034303
-735.7911003438818
-780.1358940710876
-743.7710026914789
-678.5338843148294
-757.5923657058242
-643.3982350655641
-663.4410548095678
-690.3006859703222
-646.1633589033281
-612.1466996445887
-645.112499013462
-695.1611933549
-758.264657467566
-701.309766428375
-622.2903774768146
-596.9335899334818
-738.0357236416193
-689.3744586376062
-874.5537150930774
-636.0574132118912
-651.3333409476601
-804.6449985887995
-734.8321596354835
-709.3780344285863
-651.0703555959107
-730.9076347216101
-719.6896123387862
-686.0985258819442
-688.8440345422939
-770.1376000020722
-718.9841589704746
-712.609515459605
-729.0116868758029
-747.796916354582
-681.9368355174166
-588.0726112436801
-694.6764310262669
-712.6716294068124
-656.715452138953
-751.924475919934
-733.6533392043041
-845.1949091327139
-743.4133090980056
-754.0283190219365
-735.7296138935216
-629.6628913634603
-721.021479797488
-710.0686436721872
-682.935995979971
-633.352597406104
-723.9813841721439
-730.3431963061626
-818.8993373021721
-720.3313680846622
-713.634757493626
-791.842254323515
-747.4228461083866
-748.4482659288448
-688.8206344577532
-652.7149228584739
-623.7670417948586
-722.8363380738659
-755.0544959908831
-672.7532484328335
-661.6661541868817
-671.8226460405936
-672.3401162628627
-699.157818382078
-641.84761652129
-684.8988177236188
-654.4455031974147
-716.5881453969158
-675.5876926019439
-738.7523295487795
-689.0036213526065
-685.3472355072415
-678.1972107958431
-705.4362775718333
-668.5549530430317
-739.0976171954652
-751.7349981809965
-714.1243855324733
-709.958736425695
-645.8519182400087
-654.1281713664301
-722.4268219722661
-622.7041327771449
-722.3180392851743
-664.7866034856187
-653.765160845488
-622.8513081890355
-748.2099758787945
-667.1186905136337
-708.7059544210166
-716.4949625826655
-619.9627996944726
-864.9064681182859
-773.8320480970638
-632.1299786005912
-696.8190785408793
-728.8932757114886
-673.7186291729063
-666.0636431323326
-708.6054881379561
-645.8336803211273
-766.1185937403261
-659.774826587669
-671.0614498545272
-722.5873831111799
-666.5325757240012
-701.0118993124529
-613.3328549360534
-698.7250079008795
-664.6328454887192
-698.0280708777215
-730.2184371076586
-650.921169747041
-699.7411550740732
-724.9655863564174
-691.4562912249811
-718.505202790977
-782.993976202758
-737.163944272388
-668.4666507032771
-645.0351888233697
-741.7663858977452
-711.2133402416617
-727.0467997599088
-719.2755282738644
-777.7354974488397
-722.351605312803
-742.8435461237907
-771.5412598218207
-625.0794291270921
-729.6636392765907
-696.7409639034886
-696.7471625966089
-750.0151319769851
-661.1818586968392
-748.6814521802008
-650.3605139494362
-707.2023838696331
-729.8305778861384
-672.6940984929137
-694.4914760631295
-662.6099284641191
-666.273848413227
-747.0308981409311
-742.7761060740822
-658.881988654851
-693.5406765525536
-631.3968600955131
-652.0731447549609
-658.6683777869603
-642.4997257738055
-696.3059129662304
-734.1294566866496
-716.1221444972434
-679.4502607828562
-694.0689505400944
-824.0825919579735
-729.4271787539624
-668.2282989370838
-676.0705594442563
-689.0614435152388
-777.2031945059033
-731.9491278498731
-684.8606141048344
-731.6888111085303
-727.7804921013513
-754.608987785323
-738.5286308819059
-649.7756021324817
-611.3615442541249
-678.8537341931333
-635.3714600042623
-647.1526423082491
-630.7981541646491
-663.8373103383844
-680.6503159070709
-690.1836237403571
-755.543702698162
-639.3993907925214
-689.8736566513016
-658.9230741115488
-695.2011520155729
-758.0678828207425
-737.6916717073535
-672.3434401952372
-749.7200784569982
-713.3515506264051
-751.4704138801981
-680.0474921019014
-720.4327842756431
-703.7987389694235
-656.6098555467647
-651.0462416222205
-715.2810006922721
-642.1680311125931
-603.7572272048392
-699.5538610992002
-656.1727465294039
-757.3443109801611
-653.0326106287675
-648.3138537304012
-629.7613271759656
-675.7481292482595
-635.1103542625359
-664.5708187082067
-717.2613777014273
-781.5320911690605
-654.8973864126801
-686.4323864781679
-668.2426605562298
-600.0436721578885
-699.6239218279437
-682.6950513247889
-657.9187717591741
-722.5459453150743
-703.6476889691342
-750.7371974538362
-729.1261878302707
-700.6363240447663
-666.534321750963
-704.2687666141576
-677.8468911862519
-666.3312533297913
-606.9671918312708
-678.4708740515684
-651.1328681666847
-743.9877201615634
-638.2234357566126
-643.7699181156598
-647.8888090335753
-715.0844474159951
-656.1624196413318
-714.6775266632687
-689.2788499093326
-671.913688264754
-657.520002264072
-806.1147798173811
-701.9209245082271
-728.0958408880983
-644.6567756060108
-642.9296461116128
-736.9863155907692
-722.0102693528785
-625.1732320590363
-660.898951764797
-604.4497036014122
-694.1741399554965
-716.0987438913676
-677.7661471673417
-731.6636517136435
-707.5657555745743
-676.0419403221323
-655.365675252762
-658.4438749471224
-721.3108533695183
-694.9109219804931
-702.3600127029813
-722.0408644531713
-664.9830243614532
-722.6556909765487
-772.5038024326832
-617.6589776711367
-661.8560002376353
-756.3663175151295
-689.7079494176163
-699.1591086383564
-691.593914717845
-767.8631065233703
-693.5860280703087
-738.4555860013638
-662.0499528544765
-642.8067400301416
-762.283480891128
-708.5683789615716
-617.5172449824413
-673.7644304073756
-651.6956950568057
-789.9194877758373
-680.8587062011657
-651.411798645067
-705.7540435282489
-697.5229315908531
-657.588647010517
-633.7507257168935
-731.4426929154235
-615.4492116108642
-710.5233785182983
-758.2483554128955
-658.9196232077924
-664.8624110317364
-735.1987850093708
-625.8990246206611
-731.9937717237967
-696.3654776249115
-689.1830037467936
-624.572020137941
-644.9488400444183
-635.9561684487525
-732.5573039724817
-701.0962459109319
-766.6243903090487
-665.1597163066267
-770.6265936900136
-605.5681309622267
-662.4328246363481
-644.7204846308832
-738.2618196334874
-754.0212985329432
-656.6858583662772
-664.5462630230295
-767.7735604087807
-669.6532412172126
-638.0846759664988
-666.3227635737471
-664.9044538532689
-741.3813956850944
-751.056949440482
-673.5769410764915
-677.323984073316
-709.7925472010311
-600.020240282868
-715.5068323637347
-797.7208186412145
-765.2429237174463
-697.8143782072452
-613.8405729593427
-662.4361672505878
-707.6126023382857
-711.2384551433471
-731.3120397788856
-676.1808595376342
-745.4837519678329
-687.6828097039593
-616.5543068274924
-694.4498360628107
-690.6183338480937
-657.2263165856989
-682.4121001831845
-695.4755086319451
-710.7998002264848
-741.7043435413073
-718.5152278944781
-663.5851213519204
-747.1185326229996
-690.4178369873933
-654.4223282745475
-737.8369911252875
-764.4311549609115
-756.344408166618
-652.7484515670291
-613.5191278719607
-749.5981698457031
-701.0231387322542
-669.5332598651339
-714.1928786195658
-743.6487575323428
-672.9002523195632
-710.8740534231939
-697.3832041115502
-731.1024983265412
-701.5024613484111
-689.2287914989136
-695.1747888528656
-721.4902597060753
-654.484250819293
-593.0803114253052
-715.8951275300001
-705.2532903622255
-692.927592799268
-745.5455445852039
-680.6331896116532
-699.7869865895713
-704.6259027227383
-660.8987409500128
-716.8318262534224
-713.9279373275722
-682.9402599475035
-698.6152095437734
-717.110919580642
-639.1208304655571
-736.459229936499
-725.5572962501731
-640.0354911617318
-686.4573065767736
-692.4385946896368
-688.3750710737243
-673.7256909923428
-665.663461074386
-630.4481393599386
-655.1749672109944
-687.0195202683071
-581.9133886745423
-717.5407121634955
-731.3973884838562
-695.4231949863212
-710.806486683472
-778.6068853904385
-698.3326071294213
-706.338974874594
-730.2091358189123
-603.4958024311376
-620.8911817891646
-673.118542075239
-727.9749857952141
-637.6687212675304
-667.4503493898272
-768.4460204838871
-703.9776310812231
-701.2553104314508
-697.4100462082702
-739.0787948308251
-734.8200237109004
-614.5349389839207
-663.8549606985952
-659.2867843715206
-663.5559340021649
-636.5278636495522
-689.2009263396355
-720.1105821733469
-705.3546211191439
-716.2541883042423
-650.7100486678265
-703.1594029282246
-643.8794867040839
-787.0616074479037
-610.4858028498662
-655.423949022523
-688.3399232428592
-632.902726337483
-708.4513129453513
-701.5425651765636
-628.478804675941
-647.2402142808859
-651.5219152818199
-688.9777792483684
-740.7187809185552
-579.684251068289
-661.7892703470562
-680.3507612668054
-720.5947500506429
-663.2845953393997
-805.1549224528501
-685.0873756014357
-673.0599906186917
-619.4481922457411
-657.0296289697841
-670.6572136894755
-694.1935609211223
-639.8949379692854
-693.9940236999171
-742.5947657382642
-676.9644061474817
-779.8151177047232
-709.9076406684853
-621.9763513755579
-725.1401199489906
-659.4726330328836
-674.3563101886574
-637.1304560820306
-659.6506268619578
-740.4051767209495
-737.3004942874162
-650.43812652246
-692.969286093853
-702.7957061136776
-680.4528962212793
-696.504621204557
-671.8370546791376
-658.9539394554972
-741.8530803699779
-626.1925663485699
-717.6543229411648
-656.6912041177458
-652.6290307701955
-683.8393318915106
-644.8162955691982
-663.6874473921114
-693.8506859471337
-714.6471670487576
-780.4550551370974
-655.6388191069102
-694.0805876071909
-688.5256721689393
-712.3402889634334
-715.3789427202364
-665.36627656817
-679.2205442176228
-682.4580707734494
-660.9888757280764
-701.0966165425227
-742.453971804011
-757.8136617557784
-668.3728892189743
-764.203236311228
-635.1250742954721
-690.0158480365972
-663.9986144983025
-659.1869242610669
-735.538755959451
-709.4107119484921
-694.4602497004765
-680.4423881991954
-726.7446264808632
-689.6439825360959
-678.6189734826952
-688.3099998024338
-637.1022469898298
-679.9368538504508
-654.8592251304703
-713.446042868739
-655.1354616313606
-732.4097992259442
-694.0303436037043
-687.7117774122348
-589.7842546860164
-718.0553974219939
-600.5706117557688
-749.3652221207476
-614.3448306460568
-632.0348638093635
-727.5233535631503
-729.9578840972322
-750.4839703757548
-724.2971355818802
-725.8396819651625
-603.7702764597555
-660.0555342166205
-734.4483893712877
-713.8482269027086
-664.3391542647673
-676.2810839137062
-870.8435485743926
-725.97526205725
-749.0379772551693
-660.5680090476125
-672.4637918227064
-686.3127247193643
-666.5218868409416
-728.6738084305538
-696.8161695306574
-651.7914320228729
-665.9891756653496
-727.3128333361379
-779.443243347279
-695.1523752634882
-593.4994215652704
-706.4200702003425
-683.0383810003309
-651.1606106742083
-637.506735905967
-670.0365138470091
-687.6724254923021
-704.4532465267903
-723.1527412176274
-643.7403319281226
-697.529138160628
-728.6120454043873
-730.9347703239706
-653.5778669214495
-670.3449778326825
-706.2314253594529
-711.6157910255088
-763.3278902254239
-730.5162465303586
-680.8401000755989
-756.8123029035046
-635.1433895961754
-743.2922798970818
-744.4399604050473
-667.7665914428175
-728.1659900602749
-651.3830417896778
-711.1078476196461
-669.0120449376218
-641.2452056505366
-717.4212089486241
-683.2778750007825
-666.5906774517753
-730.9853963515002
-700.698364796991
-631.1452501817155
-704.2941421918512
-688.0879814776322
-647.5712459573332
-670.2052064275108
-790.1510038827593
-714.6359556872154
-679.1856669857411
-648.6795376631704
-670.6920083259201
-697.4065832095944
-805.5310551648324
-682.4746037578632
-680.9649674829794
-751.337097535039
-653.6110960972283
-658.0081184185968
-642.7533437401382
-734.2796125000382
-707.409108711301
-682.1579292083725
-674.3193905615162
-687.8705650835752
-700.7536428914382
-688.0793277166914
-698.9471329189498
-781.2827923775872
-718.5774546681009
-711.4652097956995
-680.8566132209806
-762.8747073135864
-680.5293794766126
-652.4874610133321
-767.053123712083
-713.7224078243216
-694.074368178341
-757.0811309611337
-567.4897399795702
-685.4525928571832
-697.3532135444333
-726.7089224888614
-731.0887087904754
-597.9025558660247
-610.9831958553056
-720.5752130312458
-796.2655697860446
-667.2809073343542
-712.1036335224973
-592.7909410028245
-707.3790980469865
-688.342287182385
-666.0673920400219
-614.8827289426331
-725.7524156783502
-758.1363046886756
-632.8618368410376
-749.8487667778908
-706.2079853246355
-720.8262751654846
-637.0936596838004
-659.5621184768254
-677.8245637204909
-656.4798003181813
-672.7525675126604
-715.7536920855091
-663.5093710770633
-729.651791426542
-680.138764789719
-610.1603485641313
-636.3352858624912
-736.2637204295436
-681.3203506716637
-713.6062717505644
-693.4365161084925
-661.1750519362472
-700.3445309694135
-670.9791771359085
-778.6574531606375
-756.4476499538737
-621.7832186658075
-673.4169656470223
-647.2079342089955
-713.4123961719855
-717.5283281309335
-669.9607915214632
-679.6214253422315
-658.9869718711033
-694.1440259480529
-740.4022277836496
-718.8421571508798
-658.8768980000204
-679.1433459849268
-682.839250596795
-673.7665347568982
-696.2751358313947
-701.7593142667099
-654.8256062216037
-687.3875098785898
-648.6505254320041
-726.1561879144324
-682.8261466010958
-653.8166802042082
-781.4071607994509
-622.6923048664243
-665.6872526498864
-673.8560033840942
-616.0531332039154
-640.1424566511546
-720.5993496971686
-709.96155878419
-724.8221439771773
-789.9228536109471
-672.1899405873124
-715.3415455837522
-667.0148760866655
-668.9853079152448
-645.8538851945481
-719.8523909663224
-726.6876851195992
-762.1014836013819
-681.9463377996994
-719.2167454216868
-699.6665161949916
-669.7095654730824
-700.6377768210103
-627.3308821696157
-703.2292333809177
-668.322296237123
-607.0977074615316
-660.2771973107472
-657.6125660721386
-699.4146051162408
-644.816918183039
-695.2795602237917
-750.6929098146554
-714.9216447495616
-639.3981056686721
-800.168987186621
-721.9906611030833
-687.5619184718123
-711.3682973967287
-721.2238538331195
-743.2697137431112
-704.0940192892208
-665.3023307498579
-684.7650808735375
-734.7572440204729
-686.8716624575566
-663.3387131388017
-653.8748914844845
-671.0604315001831
-706.8213372091549
-673.2285851077239
-689.646054965311
-671.5846616786962
-680.8059406491931
-683.1972494074117
-730.3619027985206
-738.0130654015616
-638.6855188577622
-668.7917303972222
-706.4597193788902
-749.7183345329737
-691.5344412364839
-717.364090899255
-722.7391558660287
-715.9917739255096
-619.1087551860775
-670.5630175127053
-667.9286622663711
-656.2514891833644
-723.2654269186339
-641.0880129459138
-649.9272723687292
-705.0253873717955
-740.6437528370822
-700.8172978284069
-652.0229092456211
-774.1784587559272
-772.9209523404799
-671.606113551981
-649.728562773782
-720.5134597590018
-720.7281696169747
-755.9361516552012
-685.1051676494094
-689.3557647375737
-719.0643089936694
-756.414177567842
-641.4081722186315
-652.7964869362288
-649.5325067013166
-729.4255460606778
-715.2177459455033
-719.5408123192092
-649.1273091260483
-685.2139034230465
-687.362621533835
-707.0804359098577
-735.9641532199512
-674.5295965505466
-641.4593975897674
-709.6442450388456
-653.7244773954561
-772.0086237277719
-663.2004398526119
-675.3733724975851
-645.8206850558099
-689.6103973278648
-676.5605538215921
-676.5428805282181
-799.9966741051535
-709.4958736684671
-671.6192764609876
-693.5659294246304
-763.542499729962
-807.932862595058
-700.5478389165077
-672.8283439374272
-695.3357889082072
-640.6431339872804
-652.6810763991454
-722.2531105174367
-609.634519461566
-621.7067953820806
-627.9263685541509
-738.1351886153536
-668.7332292617002
-672.8627013716972
-720.7597143846053
-745.7230825115173
-651.4659294173434
-685.6560840557552
-730.5992701579328
-690.4518824466774
-721.8994701539391
-666.8371423324334
-732.8835460982598
-664.55081032875
-732.7686544535277
-662.246448386056
-673.3298912925385
-699.6520510760056
-724.1703169629471
-692.030319634025
-770.0694558861151
-702.9908339658389
-669.9320806735918
-713.965319608596
-670.5352804321351
-633.8968659511889
-705.1669989121383
-683.0076488320215
-676.094272914818
-720.8495364350308
-667.3536358975376
-730.5671318784789
-807.6754017747718
-646.7928408016195
-666.1714512541212
-707.3176931486066
-703.466494054338
-677.5645373473264
-647.8687071555333
-771.7134947322202
-686.5448822192079
-720.4555271620592
-702.3887127220801
-810.9819426335657
-749.8154023004718
-646.0637134190122
-720.7541365298179
-714.8179885556664
-804.8212380718193
-718.8701710152918
-692.4789416940173
-708.3040643614308
-774.5947780083548
-645.5942202586178
-695.592988000617
-626.3404339894178
-658.4483009410679
-677.3972135754634

