-1643.524474228588
-1749.6863406125908
-1588.9752136056866
-1638.6623615007961
-1765.2189237123898
-1706.5784446588805
-1760.2728289806187
-1703.9262251185178
-1450.8454725810616
-1661.7380835339109
-4059.103301379314
-1677.8677129116088
-1762.401002614296
-1485.5055354340411
-1518.4580470535254
-1511.350687897811
-1296.3182008797944
-1665.2148601547383
-1938.8438355823398
-1370.3342337174895
-1497.9619407117661
-1517.296357503063
-1655.00529295522
-1619.5985637912645
-1919.476745721238
-1483.457102416794
-1319.0078403784803
-1414.7724498150762
-1548.7442104397005
-1285.2654376310734
-1702.7048506263855
-1669.4921384479912
-1525.6196853035906
-1399.1571350044103
-1333.8988423460096
-1457.1407528474385
-1533.9516523309703
-1355.5100753284798
-1432.8333049551684
-1283.643681346215
-1444.6184239010997
-1481.9613859899252
-1501.9230437647734
-1527.838539539899
-1505.9497763306956
-1483.0050949802664
-1668.7027497509582
-1282.161463877128
-1358.1944641024472
-1383.965890125025
-1341.5993754144772
-1443.2627042876418
-1472.6883896197924
-1469.9225459351674
-1368.6480883213371
-1441.8662750721032
-1391.035819561705
-1326.1034349517615
-1491.4443086829156
-1564.5198321410608
-1624.3501789848049
-1322.7767735148072
-1329.0935785273814
-1788.8337786717084
-1347.852724705549
-1580.9536900929606
-1497.2712788634649
-1193.1276256116203
-1278.9759912373029
-1442.980104282937
-1281.341298484399
-1456.987037490496
-1260.5343496746793
-1427.5555090260193
-1344.147917468609
-1439.753220065486
-1394.6114650328495
-1384.3880498270237
-1352.767601825897
-1262.0770243333257
-1428.3062928484615
-1330.685643761559
-1334.159454962766
-1338.4686257034712
-1726.0625482650466
-1432.758570493138
-1292.0805315571708
-1206.3034526471404
-1251.6656727606533
-1520.7468032939219
-1351.5896898146366
-1245.5811014556969
-1478.6895856590736
-1538.9840137648641
-1260.5505717503322
-1487.6615119017883
-1524.3601612084867
-1382.5730831714172
-1386.667924181189
-1347.3068455023943
-1399.8668073490546
-1335.239146182712
-1452.8951360614583
-1568.9538256345031
-1425.878228871698
-1361.0098828582416
-1299.4817563270417
-1252.6347551003803
-1514.1003180451655
-1215.1044270236719
-1380.9088447941813
-1221.76861524606
-1362.320587818661
-1411.7274540290334
-1539.7700374054807
-1416.8780226555746
-1370.0106725561718
-1442.2031928485303
-1527.5909710285168
-1294.4382866554165
-1327.5497546617353
-1491.0967812451806
-1347.3654156263567
-1552.0507584860752
-1261.9809899951626
-1485.3890505206805
-1328.2281336199214
-1345.5447843643121
-1391.6447190037752
-1298.7484399363477
-1412.5868468639683
-1446.0501751775441
-1331.2254891284265
-1338.33671452927
-1198.423410509325
-1346.7484142664223
-1324.3482736178094
-1429.4065227536207
-1360.2497027611525
-1418.178416869706
-1470.329829006389
-1419.1818082215605
-1380.3602778200313
-1395.0839393754231
-1258.341275273989
-1415.3378392392387
-1228.8271960300663
-1803.825853245038
-1913.2188041615802
-1520.9221875080539
-1362.914903140356
-1457.4897660081492
-1475.8020610505557
-1244.6174233348897
-1494.8566271035668
-1438.369693324341
-1571.4249352708418
-1272.085958914965
-1267.7710869006596
-1351.7678375377388
-1322.7010953979045
-1333.2517149203552
-1383.7710740186176
-1555.4255935373833
-1423.9947838073024
-1364.387983853722
-1478.4034081059206
-1258.9595929546183
-1684.6798079592497
-1260.612060594382
-1334.79630392309
-1392.1900265802267
-1601.1275608698666
-1224.3110839498875
-1324.1878843503223
-1340.3690579196912
-1350.5897731258735
-1338.9344994697994
-1377.404175867542
-1286.2649203161832
-1154.6737890223485
-1327.3648047729594
-1394.6861098928816
-1284.3831078637268
-1588.2616958246228
-1295.307793165049
-1298.208832721285
-1307.411301111696
-1135.6667185866513
-1437.6736212372134
-1287.7636915500916
-1406.6278821253072
-1425.8278362372912
-1500.8263125099502
-1337.919610395611
-1451.1338557863464
-1375.004235812382
-1281.7654772376181
-1480.1035318931217
-1288.4458216511298
-1149.3652864686237
-1560.4823035640477
-1683.9817614985384
-1428.2755336473404
-1271.2867302395932
-1482.919490276523
-1352.8757823100682
-1525.3947145884622
-1296.6127161606375
-1429.634944478243
-1340.815951247001
-1262.6606055902678
-1343.8154780890782
-1557.1493465555561
-1419.9334825307658
-1589.8421378519843
-1258.0210665791435
-1381.2613374431046
-1407.6742608313448
-1474.4908222791887
-1304.2612566335029
-1293.6047073925995
-1464.763307397747
-1318.2740029208576
-1300.3781922050323
-1449.628834088564
-1305.818743278657
-1405.9267849603189
-1433.4410583030785
-1497.6379786626799
-1262.5109308698616
-1462.218897560083
-1398.4711796489592
-1437.9738445245955
-1392.1881209736785
-1396.7949763671268
-1399.7955597534392
-1434.374367217978
-1488.848954612149
-1429.6041493380399
-1280.4385955826099
-1373.8136383992382
-1231.9514232309114
-1321.0051724269565
-1307.6651226807594
-1238.3612979592024
-1565.7817706803621
-1315.2827942659078
-1348.8136692257576
-1358.1626895573788
-1217.7352440169268
-1290.7402048725926
-1363.7019926763573
-1332.3809961866734
-1317.1118194899936
-1179.0051792876316
-1435.2789855165524
-1388.691082305294
-1286.6769062725334
-1375.5774125896696
-1282.5603107729341
-1447.8498166340542
-1524.8648414124216
-1236.5479545038943
-1256.1931101038915
-1344.8081719579795
-1348.5680836135464
-1443.767127638508
-1345.2162282820211
-1562.1752603368232
-1274.7548845730996
-1305.0977929577093
-1287.7614814165847
-1391.6326113296516
-1324.9980774645273
-1379.572167740182
-1331.472522839696
-1444.0324953836937
-1173.8513952344576
-1356.0698155207801
-1317.4215216444327
-1431.9672564827679
-1242.990907622683
-1419.3623900049608
-1223.7831177842081
-1376.436930888788
-1348.1169115175467
-1327.1278752492349
-1284.694860676882
-1269.0410628018753
-1202.0967270925273
-1449.2319539137707
-1402.964044981879
-1224.1863433666276
-1134.7652245776778
-1213.8374935671152
-1202.8172511292294
-1266.6879589950386
-1221.7632534264135
-1516.788348341635
-1255.8440713826606
-1205.6553414189534
-1399.5512770729329
-1314.6600665475298
-1262.3157141859706
-1323.5021554844368
-1295.153377216016
-1352.592163348113
-1377.6199562408262
-1416.7327287434068
-1407.4968139350362
-1251.3582444059102
-1480.9379716410297
-1306.4080363238372
-1384.3529040297872
-1187.0408663564501
-1367.6716192727358
-1364.9012026568716
-1268.5239732394302
-1206.9353368432237
-1533.4729606913324
-1341.9587128698606
-1382.7425505412475
-1278.4624431881134
-1185.712041287847
-1276.3306805197872
-1417.4738797323457
-1246.8470909670755
-1486.4947544988263
-1331.5900844063606
-1382.9243480084278
-1278.2112987579567
-1149.1016264277573
-1410.7138319647052
-1434.8158254547077
-1341.188870973607
-1339.6919285945885
-1309.5770618442255
-1315.613145912069
-1486.530693612357
-1349.4931327232036
-1269.901786115749
-1412.5794439065446
-1309.6099018600207
-1251.182311948383
-1333.9452029234494
-1360.6853727766238
-1285.7710512368947
-1158.5239095163192
-1413.7614663457555
-1483.2611886832856
-1295.375246699149
-1468.2117442800625
-1403.8728402483557
-1301.5566611544855
-1396.1804982315684
-1336.6367642135037
-1332.2348183113238
-1490.7191213433373
-1502.528827857401
-1282.4864114518243
-1583.3290456717657
-1302.4727202542822
-1034.4913266984613
-1296.237314582255
-1363.3090764027602
-1322.8506974318243
-1218.7405481932858
-1235.850823077616
-1385.8924172776128
-1409.4180241810038
-1197.2842694443198
-1422.840877438468
-1447.6503801083752
-1263.9609097712248
-1291.7310391211897
-1684.6059680987119
-1573.935601379886
-1249.1229582090634
-1258.0607134433667
-1275.203741750981
-1383.4089967532784
-1335.817023284226
-1258.92856605414
-1332.3264566138098
-1188.9040737849066
-1405.1460456845998
-1260.4550574735506
-1266.0553095401956
-1297.4602947211085
-1451.5740611392062
-1375.7522708073184
-1449.5800373306242
-1380.2648619048618
-1448.1409270631789
-1244.8276062064988
-1303.3417285891028
-1307.7591458855654
-1373.2280795143083
-1389.894344890155
-1272.411113546928
-1430.8772544856593
-1354.7889527395505
-1353.5890493773913
-1193.352676919832
-1330.9614366326084
-1354.1439533958594
-1291.35434341846
-1355.0439740841482
-1348.0443839242635
-1192.4180597322954
-1227.349076999521
-1362.171310548962
-1471.3980497966922
-1232.9129371444324
-1219.5085599372906
-1227.4928769583255
-1302.5207948572327
-1278.936430247855
-1385.1804991085646
-1246.9699074967934
-1184.200957450869
-1289.5686599038543
-1309.974774985346
-1329.0463538177914
-1337.385882369278
-1406.4756377098802
-1333.8769698881288
-1220.3748219538486
-1187.585577406231
-1205.4347930139609
-1319.627551318509
-1460.2644426316892
-1350.2572036141464
-1142.620854685161
-1264.288019012396
-1375.5178012282956
-1190.9208421120372
-1136.6121756779528
-1219.5898927387668
-1554.6948055607243
-1215.4662526054276
-1415.390060767454
-1321.540697750891
-1322.9909716541988
-1262.7679289414575
-1297.8309322168611
-1334.1276340094134
-1171.9794380231072
-1424.3703804255701
-1158.6198842316924
-1592.901302116495
-1062.9309596835662
-1282.4421124625085
-1266.7821786718296
-1289.689966747206
-1309.7073437037402
-1448.5303852252782
-1462.4698752189906
-1316.3710803664537
-1233.117741530527
-1186.5458025871337
-1405.6281280472922
-1258.4419774235791
-1487.8227325814858
-1440.0508484334312
-1347.8714354382118
-1124.128652821057
-1303.3989330279442
-1104.5429003082254
-1119.7767332759297
-1319.5230127656903
-1255.2085465793054
-1390.9164985216014
-1516.2540506222595
-1405.453691366537
-1393.5225050657918
-1307.2736757580533
-1313.0020783064306
-1400.422494539679
-1285.3098971747193
-1428.852796674904
-1229.9782304027092
-1272.1451716366882
-1394.9793248181513
-1302.779025080684
-1144.738977980517
-1395.4284853637637
-1455.1790501081512
-1155.534963979935
-1200.821664998684
-1235.9296878237135
-1297.2982302338223
-1309.4849878568957
-1285.215453205231
-1165.4822957728823
-1172.6514121283506
-1295.8982018302045
-1337.286798843801
-1358.0144704580143
-1133.7153388715376
-1217.0672570599122
-1293.8710308264435
-1273.0591819367169
-1334.331155022688
-1257.0614753523182
-1497.347355115019
-1267.1177283953357
-1338.217264370131
-1336.8483593768444
-1272.160762870316
-1259.941964520179
-1216.9613437028108
-1218.4989507668267
-1297.1445176326167
-1237.1006702463312
-1341.7627127500475
-1204.372189880587
-1229.183077719913
-1235.8252935493806
-1330.7547301706936
-1249.8309921032615
-1252.795915310919
-1339.1972413315011
-1255.8696996637748
-1328.9666709747896
-1338.6556180165592
-1237.5189064577053
-1424.9453435559628
-1184.8614054138343
-1441.1166075477267
-1366.7607860746689
-1333.2279790514115
-1540.1328366787484
-1376.8746796531802
-1230.3332344176476
-1244.3859910046767
-1183.1334730044362
-1239.3836615403336
-1234.8408537581208
-1328.7991558170586
-1174.7374643125838
-1143.8218093471085
-1299.4537146275272
-1330.648356989012
-1279.8305595479412
-1333.0225703787119
-1253.5356352834078
-1188.4971594107562
-1318.239631746614
-1344.8614767525194
-1213.6196268751494
-1278.1621575945842
-1354.7609093458523
-1454.2696429249784
-1409.7161731287906
-1224.9753167804981
-1338.4038568741762
-1294.6942957623241
-1417.7521831436002
-1364.10141711153
-1301.8599508368925
-1352.4197963138374
-1253.9465598310035
-1350.3934994595836
-1278.6514119876024
-1491.4175747244717
-1196.8634560235205
-1233.835743286546
-1316.9396732748392
-1358.3823438047154
-1149.0303246453657
-1169.6051192247269
-1330.2979261435448
-1254.3077697903527
-1221.3633881321166
-1313.6250367485834
-1506.1192223082815
-1582.8298238663388
-1280.5282202208177
-1129.8887595835313
-1157.2220071214183
-1183.3247434629677
-1270.8921961671758
-1374.8668523745057
-1351.1645985144737
-1366.1232439792775
-1230.7076439082573
-1332.7706038267918
-1205.713866543927
-1216.5460128918533
-1219.1200682818103
-1205.6287476673615
-1396.9777486403345
-1356.5640192765284
-1273.5334275390735
-1227.3309460846438
-1225.5450466420452
-1133.7515166742855
-1430.0923597626015
-1287.1595153750184
-1563.0287760079245
-1301.8309901626862
-1340.695807041754
-1157.8900322851312
-1283.2750090847965
-1331.3142427206835
-1379.3342823625758
-1316.7952756816585
-1456.8854562948932
-1436.7056752849808
-1181.3828204211459
-1189.3053273097157
-1250.3012372109451
-1112.5493459917413
-1187.690492858527
-1285.2648789586058
-1132.6566561243178
-1078.556024131168
-1251.1203370543158
-1416.5254956644453
-1310.5690804548367
-1370.8883419377955
-1344.6560375565434
-1248.2343415819241
-1227.5166076944313
-1232.5868896742172
-1235.333770271066
-1280.954377587505
-1301.6749162858794
-1075.7936668636992
-1288.91690126659
-1292.0930709531956
-1227.7477677965676
-1244.956988172137
-1253.7343175508795
-1310.3597106551895
-1251.1259761674382
-1296.552823935749
-1355.3201918242673
-1387.3593807936466
-1205.772396963306
-1266.3727290821873
-1241.7319182401525
-1383.736175805628
-1263.7770765494142
-1239.9436969810583
-1247.5243168759966
-1256.8670474783166
-1152.5426342195594
-1284.5102911077804
-1387.2713647633304
-1277.9860518673838
-1456.0344478589639
-1207.4710117166435
-1283.11333310168
-1351.3075613275364
-1308.4128598897314
-1311.8929129722487
-1386.3993799160335
-1423.5874850118926
-1350.3019173846305
-1175.4301029226588
-1188.7537424482648
-1429.9273783041683
-1183.8851197194583
-1408.1016618378476
-1469.800982757613
-1353.9870216881764
-1243.5405685305068
-1266.2937066339982
-1230.7161512235782
-1471.7800658992928
-1119.39566123632
-1235.6938235633088
-1211.6959254460444
-1236.4553679813673
-1225.6047431341328
-1359.053319647619
-1163.9185221918997
-1298.8236430217949
-1334.8945781053405
-1153.8131452090188
-1463.4602963473658
-1167.6722218535788
-1495.1291148840673
-1336.5786692765735
-1236.3233468178498
-1358.8599124456136
-1079.960197254244
-1078.7342807407558
-1345.0419181998486
-1338.284145587566
-1216.8510144600493
-1348.75185057388
-1113.9040396878654
-1297.8925496729694
-1519.2894637981863
-1263.1370922639044
-1141.089761160196
-1312.0812808937044
-1199.934721533299
-1381.2125229050164
-1343.0873459436164
-1275.483801012133
-1375.9912618851884
-1334.6912582135737
-1434.5786404162209
-1204.7951654791013
-1236.293166593597
-1289.6532127059645
-1248.968960931345
-1376.2677185714247
-1362.9503329398099
-1372.364879757567
-1238.754241204232
-1404.0326950258004
-1311.5580938749297
-1172.4501811426003
-1246.1338965153382
-1242.0361637801063
-1338.5238642942595
-1293.837577200833
-1307.06708415665
-1263.566421653737
-1311.540528138623
-1285.1264814386159
-1185.2983050690343
-1360.4626004880522
-1199.628819647317
-1083.3276979501902
-1216.6780222154923
-1340.2808111846025
-1240.7577550981518
-1315.70580593118
-1125.1701809741169
-1218.1631318952857
-1328.1311365143977
-1145.03828142391
-1217.3459176283895
-1187.8916154464855
-1200.6367926698738
-1383.2190466394222
-1355.4719077039204
-1153.866981566596
-1315.3874179524892
-1447.5358104109444
-1246.0925042985273
-1235.4499539846447
-1380.188805430378
-1266.6744406208204
-1452.7775440293829
-1295.034941898469
-1446.3368310200924
-1217.7024903799488
-1180.4381199447528
-1260.5972170072173
-1084.5415237618479
-1234.8921516512116
-1346.3148861880454
-1212.7824580247284
-1351.7540635587657
-1278.1772427040225
-1218.2795967301356
-1298.2393186845497
-1502.2610137432994
-1315.7696288537018
-1152.0834075009634
-1224.7909552495778
-1038.1976466262188
-1073.0903316680692
-1277.381394514918
-1435.1615187221391
-1063.52399149314
-1394.3659421218958
-1321.2301820829866
-1367.2563766964945
-1320.4289668457925
-1336.9294990361814
-1204.4743604350015
-1030.2517326186005
-1235.4662956299487
-1226.3126031240524
-1149.0242932789745
-1147.3686846697765
-1130.5223872539084
-1206.0461831168727
-1068.7051262996024
-1344.900790191099
-1176.3456665912413
-1385.3101026841025
-1388.94180705284
-1191.2520024450373
-1386.2671213880287
-1302.6302734784922
-1186.3740481219031
-1342.5230905173867
-1255.5256639836518
-1276.5521630323683
-1252.468167268466
-1361.6978264162833
-1329.089038630872
-1306.3877741975675
-1106.5376195970714
-1358.0687015731492
-1257.2639168648166
-1215.1892618143318
-1218.6501450463873
-1395.8076315946873
-1213.9509833033978
-1252.4214818999917
-1239.6738427869611
-1422.6257502444348
-1303.8854522145775
-1209.3483793697317
-1297.112286342239
-1158.8336179142284
-1279.3880212886766
-1218.2964151801443
-1300.460282144053
-1278.8342011929244
-1181.2894015888398
-1310.793171088824
-1330.928453118703
-1341.260895883837
-1154.5406960402295
-1277.1337158474435
-1236.4146665152678
-1218.3156310184293
-1386.3668241738021
-1233.6969512988903
-1156.8425314617707
-1287.8149526072639
-1304.8356724349455
-1205.6012361968353
-1231.9379691064912
-1153.643736345676
-1284.933428096463
-1215.011155210988
-1061.012912602695
-1377.0511802795063
-1217.2206251864857
-1464.2444545220692
-1257.0671440194978
-1360.9053071826818
-1266.8958127003625
-1332.0052988072505
-1387.1457299273688
-1241.541494166215
-1316.8540831332784
-1127.9758884192422
-1222.130132927489
-1284.2926011429117
-1252.993185684797
-1345.1559378294758
-1280.2403733543802
-1210.6853744973841
-1333.1940618879507
-1150.6710919432214
-1156.6463699026315
-1216.6887733766096
-1200.6476972274
-1332.2082137808588
-1362.5277162234652
-1392.2271560497259
-1199.1965355144912
-1312.0154233151452
-1160.0353092169887
-1225.6558898063613
-1246.9288649124103
-1286.255657298275
-1186.0877890989125
-1305.7735224510557
-1228.9819190199637
-1301.712990464247
-1248.5435243247264
-1362.8273777688485
-1345.749036589036
-1215.9978159182374
-1435.243740079838
-1236.3235513064865
-1337.4539427357215
-1261.8298252677198
-1262.7033421053093
-1464.5783717533661
-1179.5507887550684
-1207.3090932036507
-1180.5848138858087
-1196.6402255846174
-1165.6983389828158
-1384.1517669279801
-1177.647196354006
-1412.2029479519804
-1335.3633885191111
-1321.2541988829141
-1248.8235906895845
-1113.8265382677662
-1197.7087712405653
-1264.6049423391714
-1297.6264065916066
-1319.33807061084
-1309.8837132468698
-1150.8637705175904
-1273.5808913587455
-1384.1077456009812
-1220.7850641349712
-1355.1402914575501
-1208.1803658050035
-1287.6626304613246
-1119.7784486724743
-1117.9793637154764
-1216.4168192059012
-1260.3001672870905
-1213.6214714104735
-1178.6659422719702
-1321.2099663542895
-1075.4820986931752
-1246.4220630842062
-1356.204768355619
-1222.678422795673
-1351.217391609398
-1311.0713616867658
-1127.6412042177074
-1445.7105037155657
-1341.5135772246078
-1215.069085510406
-1287.3257819299297
-1417.899296737589
-1306.4637693941443
-1125.1306282992236
-1244.0260078571725
-1254.5288557406475
-1128.0014296910465
-1193.7830596779909
-1135.8590525884445
-1192.3081073492112
-1335.830105555157
-1231.2682129967434
-1212.794685454115
-1348.218597664617
-1139.4272888680111
-1154.815570237825
-1187.3994880087616
-1378.3663377076007
-1320.9537135148603
-1479.772511266324
-1318.4215410932673
-1221.5871025397225
-1102.6948491852052
-1206.1494866070625
-1186.2318372000639
-1144.3926599985468
-1193.7620708150023
-1164.3106706581912
-1277.940379207745
-1303.8626342301486
-1327.5031577925622
-1314.1837902683083
-1252.7247620369396
-1384.7403045258184
-1235.2004276146154
-1279.597229991407
-1324.968064184816
-1218.8590148467467
-1307.934454896205
-1317.1922781279484
-1258.887462463444
-1315.1083546614645
-1030.3796783695623
-1189.088197512767
-1269.0375637001525
-1153.6453496261536
-1188.3576996620257
-1198.2214727785724
-1152.344651187728
-1257.226919638307
-1135.997609867986
-1188.0538689427058
-1062.9462390338156
-1104.0585905786645
-1203.1751692250868
-1378.558990598054
-1279.9099976308144
-1229.1749780126202
-1201.1256311938703
-1251.328191786678
-1165.110239409775
-1216.3380635289113
-1194.5421054845326
-1274.0939760960234
-1263.0323818551533
-1210.175791651512
-1552.1697210865477
-1204.8483522896804
-1168.8565552546745
-1153.2322039395328
-1264.5793564433075
-1326.8808862868702
-1002.7020680988803
-1224.8665262674867
-1364.6739815290134
-1461.2937616480317
-1330.807766658023
-1157.6076414964612
-1131.9592873467373
-1155.9664180555565
-1156.8102554482398
-1264.6795014840798
-1280.2564040596706
-1189.9959658300356
-1234.1960858959028
-1276.8109818174555
-1019.1934171634826
-1141.0374036774836
-1157.1183903117114
-1239.6929027848864
-1097.7181048874374
-1200.7276323897065
-1216.18990829668
-1179.6836246988205
-1272.0642844626946
-1304.3589379676887
-1122.6901556150444
-1279.9026993650223
-1303.2845128855492
-1101.9396052307784
-1240.8962622047438
-1339.2474979660283
-1202.0277885649036
-1239.626995521761
-1309.7656037846725
-1189.2804535323792
-1229.5290351266863
-1236.382914829304
-1304.564407052184
-1320.5926004133644
-1292.222047728258
-1175.4532430363752
-1065.4412297452309
-1179.9026741088853
-1245.8807636731601
-1120.6665921789631
-1266.226602696692
-1098.994473901024
-1261.3390327844172
-1335.1354473827807
-1232.8957173031467
-1175.236428374438
-1208.4298506790894
-1219.6226038624818
-1228.4957590378137
-1426.940002428083
-1271.1427346199769
-1198.6561253764
-1107.984249177509
-1264.6474159037107
-1148.286224766121
-1297.3486699901691
-1293.1831913521594
-1146.5049419781567
-1256.1879064958653
-1256.667764396025
-1289.8687997361503
-1314.6838069617017
-1136.8073902164674
-1196.853323245017
-1148.5619738743646
-1299.5478450538253
-1331.506582959489
-1276.1190777086483
-1214.4101211974864
-1332.7356108345273
-1229.8908808183928
-1340.8917899414437
-1216.4047299183644
-1302.5646016354544
-1304.7580618425327
-1124.1794091582224
-1236.9815084805596
-1212.088605215137
-1324.0986531969857
-1341.3152630355144
-1223.4458347889965
-1141.7207281494545
-1178.998237186509
-1338.7134134574808
-1237.8240421590483
-1356.0879160516638
-1219.207959233541
-1453.9326031177063
-1240.9903276429272
-1273.9524584959115
-1200.8489824616408
-1381.8940679348245
-1123.9990182981712
-1285.5781278925588
-1317.9331209802215
-1229.1342725078437
-1184.59264312506
-1254.1843892243278
-1260.827135407667
-1273.5168935586626
-1116.7621576007466
-1188.9955332128752
-1252.16417851267
-1325.8958306564011
-1397.36086654548
-1293.5435870801598
-1242.2582859579136
-1320.9408717990812
-1288.499342083361
-1157.5378550653124
-1173.6908969844706
-1302.541187091244
-1309.4223739638892
-1212.5680800434418
-1380.08509982204
-1315.8630463543623
-1322.8742637603457
-1207.6066711187577
-1247.672684599878
-1184.0902323604735
-1132.845937028397
-1372.0078225560687
-1154.0881076778592
-1343.10796994996
-1325.8364934414249
-1309.7663654749617
-1104.8332207590436
-1294.315466725739
-1203.235928175798
-1387.7525744735703
-1286.7552069481044
-1476.968718503332
-1300.579986898718
-1319.199262464406
-1178.402763689716
-1334.2520366301017
-1169.2191785488367
-1250.7499127081903
-1223.8731625105331
-1165.9686490589668
-1143.4920879797046
-1212.497196162952
-1134.8957498170155
-1305.5757567857268
-1289.047136738709
-1243.3755865184253
-1101.805430387363
-1304.377403759605
-1294.5183746173816
-1352.1837424201658
-1198.2511983776997
-1228.2420325861724
-1303.8565871574133
-1307.5460088009786
-1297.164838374788
-1123.471400120341
-1328.4898283689804
-1232.1641725257014
-1293.6052952583623
-1206.8490803978366
-1330.0495057550384
-1327.9028468050692
-1277.8958114098068
-1434.3244271876504
-1301.4402123697907
-1294.7087539579816
-1071.3144393622795
-1202.795340479522
-1211.9794460251544
-1231.7119560674932
-1345.4318027251857
-1183.7384874418647
-1390.6724318674414
-1287.0274773776866
-1312.7393962679405
-1326.5761499716773
-1185.808095817021
-1382.4864352375193
-1307.8383649696189
-1282.2181691373414
-1327.5167077647666
-1258.2374511482656
-1342.4526290454885
-1396.411789429877
-1129.884173949946
-1269.223561959418
-1719.9296538012961
-1321.768350245638
-1316.8033228703116
-1173.0096874699589
-1203.219164730602
-1199.8937109702167
-1243.4206835412374
-1239.9241237757712
-1283.9846208388474
-1151.5165247567186
-1184.6891773066056
-1329.2733571555991
-1222.3804640724848
-1125.7850235438173
-1137.074078208653
-1161.1399168899604
-1322.11952239628
-1122.1248018999213
-1321.4721268151761
-1203.1682710640773
-1257.113459114768
-1240.9055304455342
-1203.5452224335825
-1222.2305969964061
-1417.7497633311496
-1367.7224040591832
-1302.7597677554268
-1319.6960083706829
-1238.3696508402286
-1259.8320699315846
-1280.3139318239193
-1278.3247798117818
-1232.4335817031154
-1194.9673682480968
-1117.633406120291
-1107.2605928603869
-1247.7012462980617
-1278.1638124618748
-1269.7340147240263
-1274.9404507168838
-1256.2693655436613
-1391.3290207134767
-1413.5179124252677
-1168.807777024494
-1157.424919233331
-1121.6374356380836
-1252.9194076862395
-1255.0786870076781
-1251.7302676342206
-1266.252689029112
-1401.0641165723737
-1249.9428209840346
-1096.571394396271
-1356.0829421074866
-1262.4203128839831
-1347.899490290125
-1162.5891335126482
-1253.96252753904
-1259.7046046470741
-1305.186110282636
-1216.966098868105
-1309.353245333912
-1211.8914726404603
-1289.8871118080597
-1260.3465512795212
-1325.868548966259
-1408.1249084690944
-1216.3986939613096
-1226.6012029272379
-1095.0571689344658
-1366.2085821848566
-1218.8121801766151
-1235.1655479100546
-1194.8812374643833
-1280.5814794699163
-1311.9175740765402
-1344.074477765522
-1289.4877390262957
-1139.797322394283
-1265.5357338050928
-1275.2699552850281
-1282.3459540978185
-1253.1189378109839
-1157.8325340575582
-1287.3985248343097
-1279.6469543876067
-1302.725480302176
-1273.2452295292712
-1212.5548828302094
-1159.3636794794584
-1204.2132914189922
-1296.7782517560497
-1319.256332160073
-1288.3058967990319
-1178.2141692696266
-1166.1147171147813
-1145.5675453318247
-1104.962837195222
-1131.493626445607
-1155.2953238085602
-1197.4519637103722
-1231.4029769400613
-1218.025963417721
-1175.3690589840244
-1131.5745544832203
-1348.526463456997
-1382.8133270696876
-1233.1141400194647
-1259.1700697601498
-1298.9485502397786
-1199.300917545083
-1284.51637337208
-1162.7733095996389
-1118.7266266696674
-1254.8784256504882
-1327.8490328752762
-1330.8412014568748
-1330.457046285146
-1260.2263053219062
-1200.0516284923654
-1157.6079094369522
-1173.0994115308222
-1186.1705920938841
-1191.020223530532
-1226.875464772456
-1382.0622766966271
-1365.6445080644155
-1177.2251068715339
-1249.1090049508155
-1189.2990191757406
-1139.9733933049747
-1300.6612016142435
-1526.4538859062009
-1157.8647860885374
-1377.0027228079618
-1378.2678240092919
-1228.7435008419134
-1317.9925401060661
-1223.0534000154566
-1296.435814408184
-1154.2468869629538
-1194.3517962695125
-1173.4756638323374
-1243.8911846161054
-1252.3308587097752
-1340.0867699969604
-1216.9237273319573
-1185.4719280168983
-1318.2659496885835
-1177.7089844818445
-1238.8158288428217
-1267.9699917025396
-1149.8939115511828
-1132.5478276487497
-1301.641545251496
-1414.530825736598
-1134.3534335692748
-1160.6034167030393
-1165.9392546564438
-1148.615050438931
-1199.4582187634194
-1259.5469468162298
-1155.7694284458785
-1215.6689912234121
-1226.1180091766232
-1354.536263524884
-1163.9516752056516
-1177.6812693631962
-1244.0770680102642
-1211.2243833795026
-1190.9725919522627
-1244.7500897715488
-1122.4193229483765
-1262.4472432888617
-1178.5603368391899
-1266.6785371074702
-1249.8704375591087
-1190.8612985677987
-1185.6460048327
-1280.8506735128512
-1133.0821853393434
-1277.6647727977906
-1322.5264593011761
-1225.7609747278843
-1138.2481644553407
-1302.0526462916473
-1309.1331051241095
-1219.5375320586534
-1266.255680803728
-1206.080381353086
-1392.4250333940347
-1231.2452079875993
-1107.6463852999386
-1250.775773542636
-1103.54288035174
-1240.2123946269562
-1308.0396982176244
-1326.1760458164026
-1255.6722951490647
-1256.9383442438448
-1265.313751414806
-1213.6085305317588
-1158.459545288826
-1212.8833859065105
-1377.449207094315
-1252.003514259822
-1424.5432054964804
-1312.7105442100305
-1263.8058891824921
-1465.448465891493
-1046.0778661311322
-1074.7741930010657
-1414.1227138848844
-1163.5186858123843
-1254.203046425433
-1279.9757409788242
-1364.06619488219
-1293.9369399122406
-1323.267256804198
-1246.4059398054962
-1094.719377165226
-1411.358745571471
-1184.4408976270172
-1152.7140215702877
-1198.9079644814408
-1183.7338858500093
-1283.4939779630142
-1263.5682068279898
-1262.890434366684
-1204.395523612546
-1268.4283980627652
-1199.8542936788488
-1136.9786800649354
-1300.5476648314382
-1213.3557918579306
-1279.750244997008
-1379.152914924723
-1091.3709974998126
-1212.062373174019
-1383.3713243212687
-1305.5893154852622
-1217.6328784754958
-1232.7468321597319
-1245.5222344586543
-1171.8247809462796
-1188.719044445076
-1264.8178006724681
-1355.8381940287277
-1177.8414012636836
-1288.373710100166
-1268.5276693828719
-1199.9034449759781
-1144.1354364733038
-1226.1784962017036
-1345.950216381809
-1398.1718306421158
-1137.773388669282
-1203.2198440050186
-1179.1177864110607
-1375.7415672487948
-1175.622762425275
-1171.550623106592
-1099.083619278368
-1218.4219256310214
-1179.7231169205315
-1254.2162236300492
-1160.4356209784794
-1292.5341424121575
-1263.4389370097933
-1165.9724415616392
-1250.086905027364
-1404.6645980487149
-1309.054696985942
-1303.5921932663023
-1126.1431901401895
-1136.4653588051933
-1251.51785411932
-1174.392919947943
-1313.0277874409223
-1299.378201295284
-1336.0392104814655
-1233.8352212653472
-1087.7717788201185
-1268.4913695303358
-1263.3243842730471
-1218.6569336459677
-1206.824162454241
-1252.137743017166
-1341.5595511251104
-1292.210301571543
-1263.9791556818554
-1149.286247606084
-1213.5041097454155
-1296.9921837820505
-1178.6304680194546
-1245.05559175304
-1331.9800091838335
-1369.7666115144848
-1212.288990465401
-1089.6171840817533
-1170.0833158370294
-1279.432135035254
-1259.345313895406
-1221.3622150551357
-1280.3287146093862
-1186.7419269742038
-1394.746412163955
-1259.526836720407
-1340.8073241481013
-1229.066612143438
-1265.7036771851417
-1230.6662247774434
-1298.1955405745625
-1220.3340833198038
-1151.8648600797203
-1263.769675340557
-1294.9175998332921
-1311.934313271886
-1240.4532459856741
-1175.8446177913152
-1408.5545406314413
-1341.3180737705618
-1194.132961357811
-1179.973964577492
-1384.3524098409443
-1228.1935551421152
-1259.5909039980243
-1264.2328296311096
-1118.424507906199
-1351.7539133486198
-1239.776693135723
-1163.3962431425907
-1120.519684442822
-1213.3079551095038
-1201.034725986099
-1168.86837893159
-1152.81846246039
-1165.8983690802024
-1213.1295011599354
-1260.6796284132352
-1032.6063415500603
-1256.456161172201
-1292.1226370998984
-1200.2205464760934
-1324.3182326707183
-1237.283703253147
-1204.3094381725905
-1166.1351095255393
-1332.7965830010303
-1127.040070877181
-1172.0349906756899
-1139.7324456694982
-1186.7344840193607
-1200.1320140209073
-1119.1891587634036
-1276.9342496820702
-1256.9308488599518
-1275.53381474179
-1220.6663122691914
-1242.62497877885
-1409.1054862780666
-1120.220500031588
-1205.0698976708773
-1229.6211010053232
-1188.4593266230142
-1125.7756689134637
-1301.6478068746826
-1187.4234465847333
-1202.4282908960174
-1288.0977772680985
-1122.7682260091906
-1236.4154199039058
-1137.073498503456
-1317.4621227707025
-1029.2190449383193
-1118.6121233806116
-1230.1397465545433
-1173.5392831222305
-1324.2413164394595
-1237.455385400055
-1187.182981667387
-1172.1604999500446
-1208.8957582368928
-1313.6426231712678
-1357.5473556038064
-1149.9703467552292
-1190.5071006904866
-1306.4114030687506
-1298.5347950910339
-1243.828321713855
-1286.4866596337313
-1272.1810194587997
-1299.3173837830104
-1091.2621277475355
-1234.848684574671
-1205.017179435502
-1273.3897275044847
-1198.7789882156137
-1200.1277966164212
-1337.3683872197894
-1232.152661801014
-1219.6977336046198
-1263.8139708431102
-1002.7214276178149
-1312.744571265134
-1223.3145315585878
-1280.8571544231663
-1235.9989062063748
-1149.6753149436488
-1242.9183692036704
-1263.0387465596505
-1175.7126499809333
-1447.6781290879308
-1383.9391923567664
-1219.1913599468576
-1238.7191356453652
-1213.6677300480605
-1156.6669125530043
-1274.4710678669499
-1155.6205686531357
-1351.732915848799
-1177.5313809973877
-1201.9001258036767
-1253.8762181557
-1128.0635272729958
-1115.3780555668911
-1164.6811560315825
-1240.9597920651918
-1471.5844221245272
-1099.6334956393346
-1299.4823508000377
-1270.796164489917
-1208.8639361263438
-1224.0644298533662
-1260.3565164362635
-1173.2204710447006
-1159.588389434989
-1262.8103992648832
-1367.401315842159
-1232.3579320297056
-1290.653062128107
-1170.2001262819388
-1299.7518692361791
-1285.866058439705
-1251.4601673019506
-1172.7227696255222
-1094.062758057754
-1319.6214555960175
-1218.4202750777927
-1232.8378570115506
-1315.0705334873612
-1228.0489034060788
-1352.5962257454576
-1266.8297840026778
-1182.1340463514707
-1136.5861135427715
-1254.6752102029823
-1231.661614372396
-1257.0225461210573
-1201.7089130866125
-1305.149757280353
-1376.1558864867375
-1170.636225364607
-1148.319882620645
-1247.890661871258
-1096.5206164130855
-1213.4405868328975
-1151.7748166142126
-1054.5516191949607
-1262.5750863736623
-1347.796919244065
-1259.1817124086106
-1362.336864450548
-1279.2294044237271
-1095.8080122109056
-1182.3807636915928
-1141.8150977503608
-1174.984294001061
-1041.2611761408318
-1271.511057161806
-1422.222365312855
-1290.3462577914738
-1404.426707112688
-1205.0508571178366
-1311.4233193498003
-1223.1117350254228
-1166.9719183573795
-1260.014914026429
-1196.019552152597
-1187.0481082501578
-1254.6139766105912
-1359.9703261105624
-1357.2035580825077
-1247.1932827671596
-1150.8493538558573
-1267.8139091644819
-1168.6726646842942
-1224.0345146514273
-1228.1430330523824
-1200.1053837956802
-1238.3818897464246
-1220.862409744739
-1227.2623313682402
-1223.804220801336
-1247.7558206103888
-1234.8988855722746
-1223.2138232794368
-1211.3737396560855
-1174.8547151072169
-1287.9700448505464
-1178.7255025112474
-1265.6801349780644
-1245.9907822591779
-1244.6449106959146
-1343.3786354873325
-1138.3859029330608
-1291.7603340957849
-1413.0972152801826
-1163.3903684486838
-1306.4695615595601
-1290.9875762442368
-1320.5353482748842
-1254.5958324041228
-1179.4485006678951
-1261.5816862659892
-1234.2319468205415
-1237.6515701880062
-1341.9036482152542
-1209.283382924111
-1197.8142473817286
-1365.0844318793997
-1302.5323167429422
-1088.9701650190652
-1213.1052483601134
-1376.575916963668
-1376.9663415144205
-1179.4726564240402
-1190.9962609818642
-1278.9861655546938
-1218.0901096111932
-1311.8598395989297
-1133.6746513726462
-1124.0015277391801
-1201.004988809649
-1216.0501270711607
-1240.5210135029474
-1163.2916065273807
-1258.687459195238
-1304.2948216115049
-1235.913635099254
-1220.031912274209
-1295.2154543575934
-1183.7961907825595
-1193.9742014831925
-1236.592834345145
-1398.3785876002898
-1237.133258754776
-1225.155323820382
-1209.7874939234032
-1278.2971540129497
-1178.9116139003652
-1255.870200921017
-1495.1116297017004
-1215.6152865915872
-1382.6149922779014
-1295.4607752854358
-1073.4107997348528
-1249.8153170633298
-1218.2180445724239
-1248.104121443586
-1274.4239144715077
-1171.2363468059834
-1079.2917816251709
-1153.5647915978413
-1281.7516608421486
-1222.171824767783
-1194.3076094190242
-1131.9984223495874
-1274.2544604971824
-1179.8116532059903
-1268.2630195179247
-1115.8050818391246
-1344.074044599737
-1323.0278159310446
-1203.8249551554552
-1331.456496943622
-1190.006561494746
-1195.0192827765609
-1201.858284778333
-1238.7561237417015
-1231.076635485953
-1265.0767002485745
-1162.3638434810666
-1429.2056702873042
-1178.9792090122287
-1134.8551769439584
-1267.9072561781752
-1144.5498817487678
-1267.9180656679343
-1291.2905600872307
-1349.570599191504
-1236.9375026588837
-1220.0575363121354
-1181.1120125234272
-1226.5080048608152
-1144.5014026655542
-1396.2957119155183
-1317.1347406625393
-1129.484982190647
-1293.5525861902172
-1122.85804578011
-1217.3219924137418
-1285.815338178875
-1289.6788690823278
-1293.068482289791
-1200.905125437818
-1193.4226874077374
-1286.754046908359
-1514.703536598994
-1087.104854135546
-1169.9382421070582
-1222.147244618458
-1186.3732335725654
-1213.072039867401
-1230.3017035001305
-1203.1898534171296
-1180.5702934789713
-1132.5239715986172
-1132.101474927709
-1210.6614858039839
-1227.3657329071318
-1416.1752469957767
-1135.7353714252151
-1194.8589298949294
-1276.5049897159452
-1200.7500784706385
-1198.0816304182847
-1277.6866860786947
-1282.457204909295
-1315.2108573902242
-1313.872126496818
-1191.8999894883495
-1385.7472039998947
-1250.95175064691
-1241.8758760020826
-1113.9819765558595
-1258.5896898947308
-1187.5880747364704
-1284.2619903593604
-1286.8916747640187
-1314.8433231461706
-1300.0719755894736
-1212.934010519277
-1237.476574457255
-1206.3885442657167
-1128.9411490527084
-1306.2377639114848
-1138.3304607304024
-1290.6065386104383
-1191.4632892826887
-1359.8918408267832
-1182.0793526265331
-1161.7633039417667
-1259.3699547122594
-1271.6815002636276
-1200.26543013619
-1385.6080662083514
-1260.6511239723227
-1174.8911947896459
-1321.7900865343972
-1241.04794791197
-1466.5435167888772
-1192.7426151047123
-1258.9892690767024
-1208.5199647713716
-1267.6430310387577
-1238.7961041027982
-1178.868575899917
-1256.7507706339547
-1266.862022516876
-1271.1939288166172
-1252.286655654926
-1144.3922755087158
-1217.6918398874877
-1285.0323992062422
-1090.2073109321557
-1360.878750552331
-1239.7489068114805
-1158.9387961489947
-1273.8731153297322
-1230.6389876306648
-1317.5211582185777
-1219.198380814322
-1278.8553473896238
-1263.9286801629821
-1408.910286477676
-1138.0191766900061
-1258.1415098383304
-1203.6769073482449
-1150.7910932085158
-1196.4299225968284
-1151.594015657303
-1212.1119281246208
-1358.3965348333195
-1236.4855320278714
-1277.8762513955687
-1170.09458874735
-1345.4525889085842
-1318.5069176806494
-1192.6303212895698
-1145.5828925081694
-1260.8333301926677
-1268.7938016551125
-1266.0337765635518
-1201.0232651967435
-1270.7347124990238
-1314.4648612500653
-1270.8949566993904
-1113.8414390915016
-1149.6896381277402
-1226.867151126313
-1278.6356954680778
-1294.4623967050784
-1217.5885628520568
-1134.0126711217151
-1245.2945189580814
-1275.0936855588764
-1276.6155777331528
-1231.7214026872643
-1094.9659306552028
-1190.1667630329614
-1342.0766955316085
-1235.256141942451
-1373.8966465820972
-1275.898636771538
-1249.5632894816133
-1127.4353549678078
-1211.730985210869
-1207.144314864379
-1291.0164365678147
-1361.5033797959882
-1246.3014167071874
-1092.2372190223987
-1262.366116496663
-1331.0645389946317
-1398.9677590050499
-1244.535554570208
-1210.7943088894265
-1318.6127608160332
-1093.5174197148585
-1107.7644879964298
-1309.8481280232704
-1142.5177671006513
-1152.877447077624
-1079.977388398287
-1375.9175866041683
-1187.2330250897246
-1176.3183410123702
-1343.724864379341
-1345.0508826285181
-1147.956408661529
-1289.2176373679597
-1254.7984978565883
-1092.4414015093328
-1326.9597251428115
-1256.5606452076954
-1293.61710357611
-1202.3394348283707
-1281.5594058937547
-1213.5717013914757
-1296.4325954835397
-1198.4209122032019
-1286.2140010447483
-1419.9504818996866
-1238.9731801737464
-1245.8088407076907
-1247.516251114893
-1314.505578901711
-1321.849535749684
-1201.5177558081614
-1295.5979766437006
-1222.6460694992934
-1270.0111272270226
-1386.5960213699382
-1276.4777162755727
-1380.0361853633685
-1403.3803452134916
-1199.9606969479003
-1187.8722005480329
-1266.9698204506394
-1181.4165901769993
-1208.491976371924
-1096.095188648879
-1322.345773048416
-1279.191270620037
-1277.7269661648622
-1247.315930797995
-1387.3191859331512
-1354.9093141224566
-1083.2002635072447
-1267.5875355850012
-1231.657866354658
-1306.2328023825662
-1232.0114101031609
-1239.9846436806833
-1274.2648607366027
-1260.305640143674
-1104.1591773764808
-1307.035585396865
-1202.3832242228016
-1140.9362065947985
-1267.2563533045166

