-3379.4986732914294
-2710.032172968223
-2904.882840013852
-2807.815772359394
-2245.5550997527002
-3943.2987457667546
-4117.975926874377
-2837.16718628305
-2594.5091446560027
-4116.440236480466
-3045.5379640268575
-2292.2686104638096
-2154.335825709569
-1739.9726720635172
-2579.5667010156963
-1529.8929439369751
-1718.019760504435
-2069.1818884999784
-2078.4995360096573
-1700.9709896439913
-1868.3183221772304
-1732.7532238363794
-1532.182041744041
-1547.361641942639
-1521.0917292001163
-1626.139496010184
-1335.499913442294
-1659.5893828345615
-1666.4810322984567
-1837.2081534601266
-1472.3114016307727
-1651.5569227175538
-1673.5840012153983
-1777.4381533856235
-1372.568323415464
-1505.3662726520042
-1881.5163515083395
-1672.7166389351933
-1663.606784454587
-1785.691547635338
-1631.8658001928086
-1619.1566354490606
-1475.2259345160455
-1692.2467621330347
-1690.6819267811927
-1482.7610276364203
-1406.5172828206757
-1407.7011475126756
-1388.4646323662828
-1382.4683482338507
-1417.0567181961521
-1805.7604788342612
-1408.6487341470981
-1297.720153295185
-1374.975102655274
-1477.879065896013
-1495.0325790108393
-1568.167903837621
-1398.2982475970502
-1548.7828844593407
-1513.6441278510683
-1378.412741699085
-1379.5739186418805
-1466.10423555011
-1411.2729022682515
-1461.1375051714333
-1393.4627458957432
-1647.9883606098556
-1532.9747375417478
-1445.1340224056726
-1426.5720446895712
-1389.6342497172611
-1413.1358232379337
-1413.6243406289686
-1723.8622126552918
-1509.691114167325
-1304.4770879549483
-1461.24585809624
-1325.8630137900573
-1529.303578592476
-1363.7340340611045
-1521.0094554836187
-1374.7362388722197
-1506.2761117317589
-1436.6654863039269
-1376.9499897913477
-1251.6346418401513
-1394.7468267403153
-1480.8201452669048
-1508.4833900141236
-1438.204047727194
-1355.2905782156993
-1635.0599644974816
-1277.1748618143156
-1567.689879164381
-1517.5854422925768
-1419.3256974221895
-1256.2446942933989
-1179.7867086120286
-1440.4434287039328
-1376.7361137875089
-1291.1798781243722
-1567.6314290651999
-1308.210564500875
-1285.132651518401
-1493.097611565029
-1377.9865067448443
-1608.9707659194332
-1404.8767554071787
-1403.7950070519062
-1398.746847461797
-1431.742194720814
-1431.3738151088053
-1382.9857846819143
-1479.3038778893288
-1358.5535728531781
-1528.84213234782
-1326.55198921613
-1273.1174622870096
-1366.800661972324
-1491.2399227999779
-1400.9037794013238
-1392.2524964870242
-1557.3355259178188
-1297.4958158168145
-1348.4191689062245
-1303.636906768842
-1342.3125337762087
-1426.7179344719216
-1375.2542322803154
-1501.566693893833
-1552.2274467853508
-1447.666234114676
-1338.5592307520792
-1517.2659047147126
-1461.130848387646
-1482.8230767896655
-1454.6895084847301
-1386.705402241213
-1522.2581926639202
-1450.105529328804
-1283.0476567665182
-1351.6851167154255
-1229.038778154116
-1754.5468927508032
-1395.819114723247
-1327.9837440819401
-1583.4098974150834
-1274.5352198062003
-1358.2218503489523
-1473.5545546272533
-1283.8849459491285
-1423.9283746234005
-1369.5779746955816
-1364.0331698656962
-1574.0717805012991
-1521.7172223356201
-1180.818099558828
-1298.1071306262138
-1286.6524183150498
-1180.9582835883712
-1205.455854377072
-1421.4522126180902
-1396.6977315687232
-1657.1298904580021
-1444.3608589991718
-1280.9741198622623
-1408.8597528954724
-1377.8025520753504
-1466.3638258989326
-1308.0960553082882
-1367.0593769761056
-1390.67303373389
-1444.356325956908
-1356.5763014582699
-1198.1454294476341
-1420.3420366376613
-1431.6073493852693
-1326.8432542143496
-1232.2070366276428
-1331.33947804818
-1177.3589708368554
-1257.0602092598926
-1240.2316901183
-1241.0698243783281
-1237.1285396564563
-1180.8284225111663
-1279.8741203657328
-1261.26326344626
-1215.997696568436
-1479.5112938897896
-1642.2063742566677
-1268.4135990958819
-1308.8057496534207
-1335.8827732727907
-1577.5873733983908
-1316.1562541247076
-1263.9628248360455
-1476.8691784179293
-1265.433610314918
-1348.8539332483679
-1171.9600542550713
-1469.0043697931856
-1340.1160945795145
-1473.1480231249445
-1406.9877741422597
-1312.18818524274
-1476.6387006364475
-1608.8626850345702
-1563.900857783583
-1237.764529398045
-1287.0373625220118
-1411.163881462935
-1410.0114932411173
-1274.6489459644436
-1392.9818499687326
-1265.0260975506958
-1435.2825409666766
-1547.7987806417275
-1260.9155651309106
-1164.4080840667991
-1322.4086330731138
-1514.2464858759506
-1243.1957723246142
-1115.4301480334377
-1281.6080174284734
-1223.436461638096
-1278.003163944055
-1404.3993709169433
-1517.2188017616088
-1454.9023055922491
-1425.7439240903332
-1227.4959757685447
-1204.3882817194692
-1272.7945227909886
-1223.7157407514605
-1295.5447716133513
-1464.2097766255138
-1403.428156086512
-1373.9217319405234
-1346.0206293493427
-1329.4744180165767
-1446.8599508397724
-1361.8484079384707
-1109.270121161426
-1121.9334862587482
-1246.1283037787698
-1259.119741190606
-1411.5161036940258
-1249.7618377272365
-1283.149241497652
-1225.387384404021
-1465.9182305006727
-1376.4764457459128
-1426.0024757775043
-1604.7461267718736
-1385.6044345891657
-1297.741501656804
-1353.724089275224
-1416.2708979773072
-1309.6636032278614
-1460.770928941699
-1302.3327079665114
-1250.5958738765148
-1311.1301113717964
-1363.1772983406815
-1291.9516933692778
-1465.3149254538732
-1361.461563601709
-1381.9528897517564
-1359.2332463877783
-1379.3805366346633
-1426.0212093609434
-1336.0270366066077
-1221.7186102572066
-1349.0219338415463
-1405.7693926710463
-1324.2044556498604
-1251.8274109851384
-1304.269899184119
-1214.993235829579
-1402.3591209154088
-1441.6690241757528
-1414.969432561439
-1348.4896734178672
-1479.0564204139962
-1201.0437824059393
-1471.875878132656
-1122.5949609841173
-1317.8162541789065
-1254.4045001627314
-1485.0726007808626
-1295.7721904144332
-1159.6814256189846
-1276.3284510189715
-1442.0562024859637
-1217.5736546163462
-1490.5801099271712
-1338.319278734642
-1425.6202237703594
-1364.0592760891159
-1304.538243567955
-1236.6180943674005
-1442.6533601115436
-1461.5050641729918
-1156.909496514894
-1197.5666025265948
-1339.3268317080447
-1246.8824370709951
-1270.8268515588634
-1281.0077345010495
-1296.694654841716
-1292.817668735413
-1298.0911088863486
-1329.658019081439
-1330.571089394106
-1292.3149549895008
-1419.2950618378256
-1233.6791289394387
-1228.5243421222785
-1199.0860577417325
-1202.8895858439284
-1357.3345845498134
-1217.803116378478
-1320.9583575213567
-1325.2031540694534
-1275.0582956187948
-1384.8816243988867
-1251.7218333328606
-1285.7376859843087
-1396.630004817167
-1210.1664382659058
-1291.7475488242553
-1285.1257042914633
-1248.9397671726929
-1292.8205598835616
-1295.9023252310353
-1176.4236467135895
-1419.33375037117
-1234.5991887660723
-1195.8561092605319
-1187.2475381537502
-1240.1085971368723
-1169.691574743581
-1161.5043303661294
-1525.1855641633435
-1326.4536338413482
-1324.0762162286119
-1341.7554970207948
-1307.6851077607982
-1177.0852161212874
-1392.6310310060014
-1209.593737154936
-1475.591693946697
-1368.9697442334088
-1209.8121379421652
-1137.1013367797002
-1456.26887713848
-1292.357968196723
-1211.4944942435568
-1335.4536271377444
-1323.4496691498903
-1406.2347953209376
-1284.889023816809
-1395.3979165451585
-1331.679936878896
-1295.8384967181523
-1321.3680032043676
-1294.7371985933821
-1394.5694862204055
-1255.460764881585
-1482.1859367263414
-1214.2742014378023
-1274.8627702905537
-1253.7243882910982
-1223.7119558374823
-1365.0374173326052
-1231.917991970035
-1427.385259340276
-1247.3891602514275
-1308.784956102527
-1413.1428670925923
-1427.639396971376
-1152.6268833067786
-1283.4100967718268
-1321.30283566231
-1341.576771540591
-1410.8876600169108
-1198.5217433453884
-1290.4941292446538
-1332.0820056673588
-1339.2041548521806
-1235.3364410559266
-1235.5626063374093
-1215.209124092984
-1358.2806740067954
-1302.7466408293358
-1295.182691655885
-1296.1695853577378
-1337.7257635998455
-1370.6075169226835
-1504.5354371036856
-1262.2921296346492
-1172.4702257710185
-1407.1974279594415
-1242.4889877989365
-1260.1095272996636
-1147.8726848208348
-1292.698245780758
-1191.933780437184
-1428.7540271075652
-1470.0199642000696
-1279.5336936837145
-1271.8226102862918
-1288.9701847214199
-1231.19489887185
-1309.1625491372733
-1414.4534624121234
-1323.2156557460373
-1349.8249868743108
-1158.8820946909955
-1215.0398786909793
-1392.7153291327452
-1229.8355348237083
-1453.2239278528964
-1318.5697031767406
-1315.4436933027669
-1305.9908967947927
-1270.041408545962
-1227.825745007446
-1286.6682088008347
-1509.0884288913749
-1455.337601448172
-1195.9439732227665
-1409.525429380777
-1283.950185969623
-1146.316043183015
-1363.8982753884836
-1323.0035592092381
-1263.8736352049837
-1348.2208774397238
-1265.809153022426
-1267.70418534204
-1263.084664840213
-1349.7159460489838
-1245.010904833608
-1349.4861397873676
-1301.2416236420067
-1384.243024725961
-1365.9494262268688
-1178.984980624689
-1249.431539816142
-1491.606168038331
-1348.7497179529273
-1179.7583858499788
-1309.6790335268045
-1409.127831700833
-1297.6413630651452
-1363.774382769176
-1281.559733647904
-1172.6808053574132
-1235.5094205853443
-1360.2944340065224
-1302.026468342765
-1256.889198331357
-1200.7460595487082
-1227.73091064523
-1304.1345102301248
-1359.5195632561777
-1315.6681541035819
-1295.6487849324649
-1282.4674003489804
-1356.4445600753645
-1302.8359743599367
-1242.257848861498
-1361.3204915918222
-1302.9066717037558
-1348.2218994133395
-1307.5639196935726
-1387.1741720872578
-1127.0488841781805
-1467.3953859524872
-1246.4386327716236
-1292.159787102811
-1171.6101688340932
-1278.0523277707932
-1244.6705375116644
-1208.7488905566388
-1098.4566147773273
-1168.9833439175043
-1026.0008403838262
-1341.6451379794596
-1276.3787359690623
-1448.6644635261623
-1482.6501709567137
-1299.5986450154446
-1192.8636789378395
-1297.2159278240354
-1325.593404219057
-1353.377046714767
-1267.9353742248686
-1224.8115774925468
-1290.5444178847633
-1289.841704014423
-1152.2850309101775
-1228.809374402352
-1424.9140819971315
-1280.8631972877974
-1314.9349482856333
-1301.7880629321899
-1228.9492437275583
-1253.0653953918154
-1165.621101816353
-1362.4329494093129
-1341.3316288388933
-1123.3251109960888
-1258.708105125155
-1150.9324145995736
-1496.5287794947562
-1254.2302571263147
-1219.6468905943648
-1311.904316092695
-1343.3110848157803
-1376.0681111764832
-1207.9907325829638
-1339.0679220216296
-1234.1542221718862
-1469.3366379042247
-1189.172385360513
-1315.0339600884536
-1288.5908568356977
-1383.551474691511
-1182.4357461316495
-1299.9527105358993
-1441.5107276671833
-1227.6862526357243
-1268.5085704650346
-1147.1222997812981
-1139.6155619106075
-1362.22965587624
-1269.8158775074144
-1211.9078816473084
-1222.5852833002564
-1121.0913011394257
-1114.8472397805174
-1383.8663010846453
-1305.3061237681368
-1333.9131501333018
-1175.885547455942
-1253.2663238002397
-1281.297756062822
-1337.6840642877432
-1416.7608484955317
-1304.3774348154202
-1284.1558798767212
-1312.3292657063173
-1318.9822219284206
-1160.0467517262327
-1299.0975549303196
-1225.6863387776511
-1247.1124976312406
-1351.1801291263087
-1334.0589403782794
-1192.4167974089903
-1219.476450548039
-1089.935484679909
-1430.9007734679144
-1304.0589540712585
-1276.244921066053
-1142.5599714194623
-1191.8460685586167
-1300.366511084154
-1304.1880692904183
-1185.7422276183904
-1125.9958373826473
-1275.4975220757224
-1217.1662593278943
-1339.4268199515825
-1389.6042379536539
-1202.5148104733582
-1218.5269888534692
-1188.6282656870299
-1266.4033046120858
-1078.8217222096237
-1179.8879132873763
-1334.4415011869503
-1226.1787845957185
-1226.203617306402
-1336.3149397031966
-1347.807214935298
-1294.9272641003447
-1287.327034626625
-1293.0247179473588
-1346.0257126600736
-1342.3224566219455
-1169.4960261281212
-1250.7343209301255
-1287.0265819382803
-1347.5819058178113
-1320.5560313325316
-1295.9833482981196
-1100.77009134432
-1281.1358940547061
-1113.0323362241468
-1310.1235180513372
-1287.077606246288
-1240.957862722093
-1331.0861080265604
-1207.8859337240326
-1361.3258763367453
-1233.507268638652
-1224.7248217963033
-1490.1947322667966
-1218.829264477523
-1105.8899603430139
-1252.4445286115565
-1252.3432796965403
-1239.2233983367526
-1329.8161987654407
-1203.4470186851356
-1394.0778871418545
-1315.760411889683
-1364.8620442778174
-1190.2931938489244
-1142.8250608110593
-1281.0193442417203
-1287.620456215128
-1441.5548157449093
-1369.26810652066
-1239.7741694885951
-1266.4582936986192
-1244.4437464289836
-1325.3027474966236
-1169.4976878787152
-1218.3032690333564
-1330.658446997084
-1302.8489373521952
-1265.3550113965682
-1256.6082383108358
-1116.3010013852354
-1177.4767419813058
-1364.3019998566879
-1177.0355041434366
-1216.3506794567334
-1190.0631670449457
-1199.9271704208672
-1246.8106496830503
-1205.0336112893708
-1295.8849015317846
-1220.397883293727
-1228.1949947790786
-1248.8871464997912
-1234.2418882620461
-1337.2282386339539
-1349.2616518772084
-1241.3095894863518
-1202.3902036474553
-1366.2941643361496
-1314.7415591731967
-1332.9107326505716
-1425.0471794907307
-1378.1164239213876
-1145.476198447968
-1339.6245035217544
-1235.4669375488097
-1424.7131501092967
-1308.4861693831663
-1221.0711820166925
-1154.7010134477798
-1287.1929699326556
-1343.290285845221
-1170.5992190831034
-1274.0121787920154
-1271.1870484138071
-1398.3893304297521
-1262.2192298679047
-1243.3997691416089
-1306.7573192618192
-1204.4671949568926
-1206.5003412749318
-1252.0253246562422
-1096.1244869998843
-1300.8004741818852
-1108.0966704337068
-1160.1031603732772
-1386.7142488840618
-1134.1446591063232
-1225.1412860398293
-1183.5197016920836
-1246.8788600569499
-1239.4822625956037
-1439.7856217461554
-1253.7902553698832
-1206.8904912262276
-1299.0965025696216
-1354.801074732799
-1188.8072826380244
-1215.7470979528491
-1276.8676294509578
-1224.0502438055398
-1354.3288652063166
-1223.0349739809903
-1284.1734725582407
-1280.650742728343
-1191.963867601399
-1289.42368842279
-1372.7238839252354
-1237.09172018167
-1386.2345708257797
-1392.7242119981192
-1156.8217791619995
-1328.7781226366592
-1202.6388353618593
-1174.750420753712
-1215.6189658874334
-1321.5248536557358
-1225.956085021847
-1327.0506367903818
-1339.8297185457304
-1294.7563466046397
-1191.4158632524584
-1322.2847600199775
-1154.767862902772
-1312.6728666361416
-1108.834140971259
-1216.8314664582795
-1381.218205403426
-1271.1736339505283
-1148.9246538650857
-1207.8461117123948
-1212.1040233692797
-1302.4676560750102
-1253.3968172316745
-1186.844659356868
-1371.2241787080386
-1164.3614673123168
-1270.531570512676
-1296.2663637356366
-1186.3426041889693
-1238.8443854478646
-1225.679804093969
-1262.8021336819504
-1307.1142953250737
-1226.3924580152957
-1178.6436333685822
-1244.6541201246228
-1167.319017342675
-1151.4755178021737
-1315.9761018733934
-1290.7415693266357
-1348.8197569978786
-1145.9655388861115
-1280.5588862329382
-1237.1821050082394
-1280.0562348456174
-1194.7262367823478
-1271.2048919416604
-1155.4144087995744
-1245.671085588082
-1244.0213578129915
-1321.6980658940793
-1186.0803259081501
-1172.6339878086758
-1098.0876757730075
-1329.2056325340004
-1148.5594423539005
-1414.1472727237533
-1268.7365413573575
-1278.202550181046
-1302.149518524996
-1278.8533945017143
-1152.9519107515341
-1235.054688760906
-1243.4011221733927
-1213.9996261222575
-1277.607517799577
-1213.7766840589095
-1261.1114462416642
-1366.224907576921
-1192.8218301239963
-1450.750617284533
-1266.5476126203012
-1246.7125895041802
-1286.0933568866585
-1383.7516967806814
-1311.8152090672668
-1166.0241124683303
-1084.0902765210697
-1125.0471150742273
-1330.4062900000833
-1231.7701898590494
-1348.7218658394959
-1228.0563998386692
-1217.995188238934
-1169.0676745147366
-1199.6887400686899
-1235.2298203642033
-1125.4479935389038
-1347.7485520091288
-1371.892101242337
-1072.7299326831924
-1271.4152020548331
-1315.010897602548
-1397.3361841547026
-1217.5391756531171
-1210.6544723719107
-1450.9290145276264
-1150.5326657502392
-1451.6625426856801
-1254.6857768953616
-1423.3190416774962
-1353.96676362985
-1337.2527932444423
-1518.624912206412
-1200.8013412839998
-1510.3354049931415
-1261.2308838408044
-1272.0692519489558
-1496.929542735973
-1291.2788145093266
-1236.6381675770535
-1283.5436692255525
-1358.306125411526
-1118.495488756078
-1298.9128108376035
-1273.66353055537
-1276.4560277390658
-1272.5593257818553
-1221.8069536356131
-1188.3214638182958
-1210.420532869963
-1272.0668658741783
-1263.1368398412417
-1369.8085270012648
-1246.839094394169
-1262.3166833719665
-1308.0902653028813
-1212.1686474325354
-1401.0122543768853
-1100.1175059306606
-1297.2263363545176
-1491.4987584103728
-1347.905334567291
-1324.4412371045605
-1253.2939454087023
-1244.6351923358213
-1191.1816755296522
-1152.6015720183882
-1181.2765539571951
-1434.7068536553804
-1303.5643878555375
-1505.7733710283408
-1383.7709279781352
-1254.205143311164
-1315.572121752757
-1215.7764863201667
-1168.4980998948463
-1147.8954966841077
-1252.8561025575405
-1071.0335443334777
-1316.852603870559
-1158.8112629066372
-1112.8540944956662
-1146.9626445278714
-1186.3872100184235
-1164.1826384937694
-1225.207086953886
-1270.6989494382333
-1171.738888241213
-1233.6704617355526
-1206.7455778003587
-1204.6161590485367
-1112.5460766914248
-1481.9278767900105
-1196.8138098399688
-1282.5151935540027
-1223.6637883399449
-1112.907076459181
-1262.2751789130411
-1241.701850690858
-1258.8504397982508
-1203.3732518427394
-1296.0537393753684
-1181.4002882200423
-1442.91814402638
-1129.4663790402997
-1200.1930860992354
-1326.5349129115784
-1229.2767466346597
-1239.6753793144335
-1247.4391829610267
-1253.1378840422121
-1084.4969106260728
-1281.2308491071399
-1299.7436312364969
-1376.2777892485974
-1386.2907007917324
-1260.7542820696408
-1275.311650245563
-1172.7325712237391
-1211.3791262009404
-1293.6721188575073
-1160.0768044302863
-1211.9149249914706
-1264.9914240939243
-1407.5721962020464
-1172.8952974368176
-1206.7198918977138
-1241.7595289756946
-1112.2663443268777
-1233.4712860988623
-1275.5632261787496
-1195.516335234878
-1373.6569778492496
-1174.4426252452863
-1249.8656763156341
-1246.5338788335225
-1393.6320564807143
-1195.3534057519353
-1199.0993713080684
-1114.6327359285406
-1242.163963810919
-1373.328570931125
-1313.4304861503779
-1310.2883074958272
-1192.435295691478
-1257.4238168760207
-1187.8421427523865
-1186.1309197572275
-1385.561421160643
-1184.364381747903
-1279.591302372504
-1234.8229100214357
-1389.9717523336196
-1307.138638936167
-1250.1814495493277
-1120.5601851109714
-1296.1178324843902
-1203.031250861296
-1215.052556179893
-1175.9981139748065
-1240.5139612095966
-1139.550899045805
-1241.0189934932787
-1200.3484538920964
-1315.3193858731609
-1159.6552927657394
-1214.387984416401
-1120.9309536361127
-1088.5486290229064
-1155.2430727559351
-1319.8358194656423
-1280.5555714906268
-1269.6399864107648
-1133.9605655976527
-1353.6967615274561
-1169.4124342102004
-1272.9015281202264
-1228.2043549410218
-1298.8628144287868
-1320.7796950203376
-1282.2072118340502
-1239.9708650465682
-1250.7544545409855
-1186.6587954361116
-1139.5099207163437
-1091.3206138356852
-1209.8334669582935
-1303.5902592192194
-1137.9576847197227
-1175.2732988033465
-1245.0785286195655
-1287.1013292946595
-1236.3688069708078
-1216.4264178718115
-1220.623030301769
-1137.0973065047854
-1303.311995062393
-1306.9069981977482
-1280.823855168289
-1163.4565754849648
-1232.8080632196397
-1457.6843403234489
-1216.9396898349185
-1171.9254276676872
-1170.4000527902979
-1195.20999980297
-1249.2783144864086
-1287.252587503216
-1316.3934757095692
-1306.0922091145665
-1288.0619924645234
-1073.5698010896535
-1139.0683238742547
-1231.0185398001345
-1289.0662265850417
-1119.579083276103
-1263.5708100225318
-1279.7331755322773
-1369.323476134394
-1179.344641363368
-1241.8155385423534
-1072.2902925337514
-1279.7367040123127
-1316.4295243875706
-1238.650611176085
-1186.5089295737423
-1183.0048570270476
-1238.4718309856326
-1170.8264006162271
-1206.1515521539322
-1282.7573663431206
-1340.4543190083205
-1266.2950932927802
-1328.4209961656566
-1255.578339994143
-1400.3326485677608
-1340.2248884872945
-1425.0784716885075
-1336.8986124130759
-1291.7778449630994
-1263.1964872312506
-1294.8896094903848
-1297.4646432939655
-1318.0266030626863
-1287.9978468348277
-1300.4798086642238
-1320.0953658292453
-1245.7844484018801
-1213.4397233445395
-1332.4703983602233
-1278.2370652941952
-1326.175485147533
-1323.982265154636
-1184.8880984906334
-1142.6350966471507
-1246.6014028115662
-1294.6936238682026
-1313.786826974016
-1225.963326735009
-1268.0862824542498
-1356.8169393979792
-1182.476986570208
-1255.4540828877757
-1303.5351306890725
-1239.2028277201896
-1133.6837379207918
-1355.2228383425863
-1169.1349852122946
-1315.1062895843068
-1135.7356085087604
-1307.9557684788908
-1324.4547417540423
-1136.8799586102637
-1227.6575204871986
-1314.8896919010751
-1240.900627574153
-1362.7423825341127
-1432.2936454710552
-1334.7076065909505
-1258.584066283305
-1415.5129553153563
-1288.6568063833297
-1195.160416080218
-1348.5415589679144
-1223.8530046398016
-1186.1878836186395
-1125.1072933595913
-1219.91672550491
-1063.7760318574906
-1302.346917745183
-1260.1349326925217
-1315.850212107504
-1392.0166615183125
-1235.6376222828758
-1279.5557576565777
-1171.390898678864
-1220.3142260391758
-1139.8268231161633
-1167.4201273073224
-1262.2969487171922
-1262.6228594903355
-1276.1482168208918
-1274.8116664565534
-1136.9311781704553
-1241.5107191646364
-1192.0412916707403
-1297.6878421316405
-1312.8925559921565
-1261.5553513109867
-1227.889272091207
-1332.6281051688748
-1329.571822612738
-1359.3033528861918
-1255.9554889021647
-1239.2242494873406
-1311.370208610696
-1346.2098421724033
-1329.6144167311531
-1314.552798845486
-1126.9667819741617
-1238.0941393730034
-1099.1671369808194
-1103.974476919052
-1315.9295503279573
-1305.9638376488297
-1134.9344832400507
-1340.7131026754016
-1221.165207793165
-1298.0155941825192
-1268.214816555156
-1357.9019962619295
-1132.4307630736782
-1238.1078274214171
-1367.2724297935588
-1223.4959484202134
-1067.8965335616185
-1183.9800052612356
-1495.5453335741286
-1335.311627073643
-1219.0323444915512
-1282.4762478173443
-1337.5542219146528
-1116.300973894712
-1453.6122488283827
-1305.123363215035
-1200.634674893469
-1208.289286890309
-1220.8052361989185
-1269.8894516654043
-1230.726814506652
-1378.0164458206918
-1360.8365271978266
-1281.844156121721
-1145.9384950128476
-1206.4484490133902
-1194.9861237193943
-1536.0477543918357
-1194.592503226717
-1199.6331297373217
-1268.2272027250604
-1304.1050667629686
-1235.0398619216937
-1131.6313309694217
-1010.5072042443876
-1231.4275248746717
-1615.7574290130797
-1141.2258900080167
-1124.3778722527418
-1303.013174907054
-1171.8174822379892
-1173.6988648891747
-1297.7247455469633
-1027.6082705862011
-1300.8066971099813
-1202.6176007951678
-1212.4378349034212
-1233.8947979667273
-1215.7025692986863
-1165.7639069306013
-1140.3075587637122
-1185.662752466083
-1300.7276597078398
-1250.260024474044
-1227.8210405608004
-1239.0868032257213
-1354.108566452941
-1086.105596107134
-1207.6229510298585
-1252.1570381761344
-1153.070774073534
-1300.4652914274711
-1224.1549012229916
-1333.0205013997193
-1108.7141689551192
-1255.978953266543
-1167.0494994906637
-1315.6754949686656
-1297.4074450032124
-1298.064910945474
-1308.195924510862
-1176.100580914979
-1272.0160316537365
-1331.5046461727895
-1418.3535018661676
-1226.4247289042967
-1221.8041617716422
-1185.4461236263744
-1165.9398255509848
-1307.8702948913808
-1278.9142403665264
-1272.1218038884908
-1168.120130203747
-1126.8736682216938
-1147.766534798281
-1136.451758435276
-1191.1085812766466
-1304.1925266736532
-1135.1540195854554
-1092.956811445041
-1153.0354732803905
-1227.484030166346
-1269.722173589549
-1333.503988618872
-1290.3041957088426
-1226.6228535225125
-1221.7349197597405
-1302.0545336949551
-1263.188153753038
-1416.4485577752073
-1182.1757478223885
-1183.415362503328
-1326.984119801015
-1191.2585990470898
-1240.7443828650928
-1223.815467996483
-1150.798853143936
-1201.157801951224
-1373.8153359458063
-1179.780724670989
-1283.3598560842697
-1267.3902252507469
-1272.0157404847669
-1162.2702637019654
-1232.7275076238875
-1243.361078530975
-1386.5045642941286
-1371.2028446963168
-1124.2973194038311
-1238.1491628612403
-1050.5006282455543
-1221.872032069852
-1154.4062441344172
-1371.7167879594303
-1311.6983720314383
-1105.557309675241
-1253.2977321839062
-1392.80615175562
-1196.4005560410085
-1156.415078837635
-1203.0721598449047
-1186.0225148818733
-1280.5005280583498
-1348.846647858327
-1245.0537350330671
-1086.3075701385076
-1229.7608315073853
-1162.6442937245495
-1176.5398197622637
-1289.191038065018
-1264.7394951337565
-1140.2914479800193
-1154.448924436372
-1229.0784018945524
-1143.2710623545302
-1200.730862533946
-1294.1995135892394
-1119.0233700414171
-1304.639890051752
-1217.4894203699569
-1262.7471355397633
-1194.8427065034405
-1173.9533632033972
-1114.7847446256917
-1340.201835335577
-1254.8715733235506
-1330.5184222134221
-1200.7223463340833
-1061.5680510172888
-1175.4234934415888
-1316.9678860248719
-1152.6763586110578
-1215.0364237339543
-1282.5482069709203
-1115.500447814157
-1366.9297226073634
-1209.297045439444
-1192.0423511534634
-977.8091566193582
-1290.3809795858433
-1199.9584983377028
-1251.6547150190515
-1134.879276244473
-1278.1553044606558
-1155.5564905292576
-1137.7688229688588
-1100.5218541816475
-1288.5256189546428
-1275.3623213005221
-1147.6067717390479
-1186.0327311888311
-1121.8946995180565
-1195.4674837537611
-1107.2223267459467
-1360.341210141546
-1184.8939640146775
-1250.5954873499059
-1263.2744081010433
-1298.5168340795594
-1170.3443682384077
-1197.4571676100902
-1251.5070012343408
-1239.076622180285
-1209.3969107360945
-1361.3038228103414
-1234.6490189465226
-1278.5763419081404
-1302.037915075301
-1170.0212719984352
-1165.2931106647818
-1284.7395670117915
-1301.9406726752713
-1275.4389967929196
-1263.962928976991
-1219.1676139655171
-1391.638588881984
-1198.3295106828273
-1249.9662313463184
-1297.4381089594287
-1278.8266631593906
-1141.993779649102
-1124.1045870690593
-1215.356842164908
-1258.9999926551645
-1268.3779842280421
-1348.9295134761542
-1254.9664411148606
-1300.4716160615692
-1084.0526365422104
-1255.4099125087598
-1107.3238043003257
-1210.5745068907213
-1222.6333658260216
-1246.7945161206276
-1421.1647309950827
-1183.8939172324688
-1224.394405877469
-1157.1948642723291
-1228.1731719885986
-1374.627974891802
-1196.960788270632
-1196.8566382419292
-1269.0309659106879
-1387.4467936380279
-1323.0162480956114
-1185.5064554674407
-1219.587565400393
-1280.9983841877017
-1327.5754412787855
-1158.464357849686
-1240.6849458726106
-1284.4842354376951
-1182.9036599885662
-1131.6920542580817
-1264.3928285720278
-1090.0449934391527
-1173.7409987404492
-1338.4472603322856
-1250.9701615547258
-1305.256779442481
-1105.8711843457752
-1229.0780039686579
-1086.3002386409173
-1349.036519440878
-1137.583669244281
-1267.712330699415
-1347.0995197618388
-1206.3130727664673
-1190.2071755381114
-1175.641443773161
-1216.6409060727437
-1222.485501883091
-1252.7702423287385
-1221.0800643464388
-1140.5988960470172
-1304.5644930382537
-1175.5558345741265
-1350.6805531897267
-1151.6492340985856
-1309.1246744442103
-1496.2223319177947
-1329.9744545581148
-1271.4256565451958
-1229.9003139694062
-1037.0008967069614
-1122.4508281368553
-1274.1712293780422
-1381.4060459992775
-1265.6132741423564
-1320.1231502479802
-1265.2005962975165
-1339.3222670957948
-1176.4203330267046
-1206.728472439382
-1228.901535248647
-1150.0402523111884
-1326.7465966049017
-1202.599550415068
-1282.2430882389979
-1140.028222465985
-1166.764948045822
-1244.8608054486294
-1308.994693157263
-1184.8674574141687
-1300.291159690053
-1270.3050557658953
-1170.9268886761877
-1304.7686714896438
-1330.1290137606968
-1337.3047067805235
-1119.5216198857859
-1212.196535920856
-1190.921345525497
-1281.0401799820465
-1270.304796517355
-1215.675524288392
-1155.889986085388
-1199.181506008199
-1335.1034546955425
-1312.3020699550952
-1293.8150114125945
-1225.3656472377104
-1165.9457128714355
-1331.3023728211956
-1257.524781272893
-1184.8167695966338
-1142.2422344036866
-1337.376338227183
-1421.8284949652282
-1271.3095561097084
-1179.706051756686
-1250.8462406099097
-1060.6713290895436
-1234.0740194613732
-1246.192823721036
-1289.2514370379947
-1272.7946060336226
-1198.3218887529922
-1309.994945712309
-1206.71564821883
-1185.6250387932287
-1111.534801951199
-1300.5548474727204
-1224.704593918999
-1213.117292226826
-1188.4494807703397
-1359.5270681384422
-1247.8542503329954
-1143.7657625652173
-1167.3959526371975
-1181.8255304113434
-1136.6261276422201
-1231.3666230045933
-1252.9362430659264
-1318.024989815907
-1269.476489472519
-1121.5493232385072
-1315.7376961066177
-1140.5345838572273
-1156.667286726248
-1099.3356262186144
-1165.7438795241583
-1200.2955260939111
-1197.9790014049092
-1257.0398249701793
-1268.1042673108805
-1435.9649700086002
-1215.9213262688265
-1144.6758714081968
-1190.7437292829975
-1174.3377494489143
-1271.1307524265994
-1370.4861488551624
-1280.1897562604586
-1270.466228686325
-1179.1113707170052
-1232.1986181203283
-1220.6874327894768
-1184.47066018391
-1094.2108096104757
-1162.8945415744308
-1167.5156455117021
-1248.4086420636
-1269.3589099407839
-1261.2992205419316
-1059.677729873255
-1266.4497471921861
-1268.4244627125397
-1408.3062024213755
-1241.891173070641
-1204.4184328822441
-1176.47787049058
-1277.0341576089695
-1289.602146719406
-1169.2712181835554
-1420.0912496016933
-1192.2198896234688
-1209.1012754846652
-1184.6733221497761
-1304.503875876133
-1151.5497856607162
-1281.9615224636827
-1241.20631015091
-1203.9700111792051
-1194.3545770952148
-1207.8645522399559
-1252.6070185731705
-1353.9010834443698
-1271.131849411521
-1381.660053108715
-1237.2351247096542
-1333.2574399868556
-1221.0242172982378
-1136.3285905289526
-1245.529972303481
-1349.6716209287188
-1175.4517360479595
-1242.6528062976622
-1259.5772515630276
-1322.1403639961973
-1319.6861986971805
-1209.8162196616365
-1381.9121330490698
-1186.4731071985232
-1372.751026155238
-1375.6610412681798
-1194.1675084355595
-1182.384135379313
-1200.4798471665677
-1184.1597999798148
-1220.7494257604992
-1104.7298697175752
-1199.6497721785838
-1267.6082421270585
-1226.2266334032306
-1319.3065541721928
-1366.3233013928293
-1366.6832286798763
-1174.9450842788933
-1108.0944000327515
-1092.458222430778
-1274.6842588793252
-1177.225063476653
-1165.2673047927676
-1234.7982740083871
-1252.2296826592092
-1236.9871106475373
-1166.8240593321123
-1106.840648341555
-1085.394862091004
-1230.222947172984
-1193.6374986064932
-1276.7287456479007
-1163.2896721582063
-1172.4100152004512
-1320.6134057176353
-1194.366289297596
-1393.3506447330594
-1163.9832088221526
-1239.2806605908252
-1178.273576774609
-1441.7577598588468
-1359.637853725076
-1201.8032433143214
-1025.336700458833
-1229.567786538152
-1122.3848676710295
-1233.0590277315312
-1387.949193219013
-1337.2231547745341
-1286.5124395692746
-1325.8581432022584
-1240.342652774386
-1154.676527296109
-1105.4688062453024
-1101.0505476213052
-1318.6577162850267
-1297.8355385998818
-1345.9134267159495
-1235.9559065142794
-1168.7932288023674
-1071.573236687962
-1193.3570387049751
-1214.4959056104865
-1127.3612232271466
-1272.0478704696213
-1131.6060652126478
-1119.4684098505636
-1164.8409527558101
-1181.2636741848
-1198.725192280417
-1197.4761658121192
-1118.9639221376071
-1216.0783850786481
-1255.1639189471987
-1283.9411826999267
-1309.1258298361674
-1275.156272670177
-1137.3286833114453
-1249.6980679694798
-1338.5012489896703
-1317.970652002451
-1320.524652117063
-1287.1165614818183
-1117.9568260422943
-1160.6624265872815
-1309.4240496846153
-1287.321031987337
-1246.6797775491007
-1219.3529221562612
-1243.578695543918
-1236.5899418614822
-1244.2314183079097
-1127.4387257689975
-1348.282811588563
-1242.1994183774646
-1154.6804994008235
-1220.4553993141426
-1282.54531815032
-1165.3030596142805
-1040.026211902735
-1157.2405737209592
-1277.9407741329824
-1317.3547508473334
-1144.703042099617
-1192.040101681772
-1225.0561566945778
-1253.1293352966122
-1242.5157272778006
-1371.848137905461
-1293.6989235975143
-1323.7170867787195
-1327.6685623813107
-1248.6801361714165
-1335.216166852036
-1261.1011969570707
-1152.1003775644485
-1218.235264274297
-1176.6267442767614
-1207.577425680262
-1239.890550846426
-1210.0134312188247
-1137.5867287895285
-1293.2341105796875
-1186.323709492094
-1258.5806223086036
-1384.596093265225
-1265.2257920352024
-1228.1848683848182
-1242.7199991932077
-1162.4522605701188
-1150.084580141323
-1156.50115019495
-1268.8855441629757
-1236.4410292342811
-1273.2740446915516
-1216.7283222847038
-1260.8281445633502
-1211.3010940963204
-1171.5137498266383
-1296.318049426154
-1179.3823854413174
-1238.3510959481448
-1053.2857737780807
-1136.6016611164089
-1310.7487412478258
-1116.3940989183282
-1370.642289346178
-1322.3317622615662
-1228.1249932425135
-1060.3419640976406
-1209.495123437385
-1311.27281315238
-1280.441201446315
-1356.5819222784041
-1264.5441812848412
-1172.139513773967
-1292.852741259747
-1103.4622742649906
-1253.5843702078678
-1326.927970986173
-1137.7391263281907
-1292.632227365577
-1368.6339786337396
-1148.369192403273
-1122.2400292229947
-1167.1954499146157
-1085.0293302552386
-1246.9760847597288
-1307.7329169591362
-1211.6472711433219
-1238.1345191022776
-1103.4645762774278
-1200.6467696350849
-1252.7901517599355
-1330.7035087637303
-1148.6249237309528
-1348.9283190932856
-1119.4496822188146
-1362.8373304078589
-1293.6559435421223
-1215.5266515347912
-1160.5325962235027
-1172.1503212630535
-1165.781698271568
-1322.2841748991088
-1197.3731902789862
-1235.3750269102732
-1215.9607157144576
-1156.197807535852
-1242.0651483792028
-1247.39653330633
-1335.981501966638
-1133.4192878527072
-1213.0572675470114
-1158.7207889725223
-1199.729827848075
-1282.1145050671134
-1353.9996679870799
-1374.4296862113342
-1104.7941692985726
-1185.1136447106953
-1100.9275723187038
-1144.9575411981284
-1180.5424747081113
-1183.4892412947993
-1219.7558594586726
-1149.1785754341008
-1263.6336422970267
-1304.3534534129813
-1267.3468372212021
-1098.7477833163296
-1350.6143478520073
-1239.886333470442
-1252.7871439038463
-1332.0970250018388
-1242.0284760160123
-1078.4705060644849
-1092.4388375402687
-1210.162548840098
-1281.6074669634727
-1315.3343264311225
-1343.4938174575238
-1250.0103668187116
-1318.1526721436107
-1234.0781378062552
-1123.245140982153
-1210.8397019654074
-1124.4388427876167
-1256.8921620689189
-1235.4236694651884
-1262.8694709625445
-1164.7909994532313
-1115.7434926445262
-1155.4319007596687
-1143.5477650164908
-1253.909892805672
-1229.2470677840197
-1205.2095785189333
-1259.4274442091446
-1343.5822256417832
-1405.1125374308585
-1254.5446984582165
-1295.1308243303217
-1273.9235595154635
-1106.9003776032087
-1188.2005359899374
-1152.9789579515416
-1096.3003863745687
-1188.6476121058645
-1287.877796936762
-1054.4419307677379
-1214.7755321659213
-1231.4165166083703
-1147.303575599858
-1199.1113535556467
-1186.7010413906155
-1105.6946858978051
-1353.2899886834607
-1229.1022502834965
-1206.5059760276852
-1235.0491158418322
-1253.0858686155252
-1145.0887107366161
-1056.7595108303224
-1491.7689630822526
-1163.2478132012702
-1188.6827361292628
-1194.9534012924403
-1234.1062956799453
-1142.368026504518
-1229.9502702241748
-1327.6704368252258
-1228.2873006595419
-1127.0759763758888
-1220.3686761184713
-1064.2710583647686
-1254.4948812589203
-1214.5494394973675
-1211.2641156742707
-1189.7159996724847
-1310.774248960172
-1264.9488494967256
-1242.8278109712585
-1220.076484716418
-1225.700832204793
-1299.666217478828
-1257.8011044861294
-1262.2968337966138
-1493.6090189301183
-1267.505160168398
-1253.0411271390383
-1405.5132911755186
-1341.046413614323
-1259.5355330587663
-1250.1389078827551
-1260.6265557807067
-1228.5105128588773
-1266.9506171894031
-1237.7755677688037
-1085.109763526364
-1447.2301053703013
-1171.3229022924686
-1334.1445145354419
-1208.9307811821518
-1339.4258973018214
-1320.9318249216951
-1287.043882588277
-1319.552295407777
-1249.1396744995354
-1269.504773005744
-1374.8141135153162
-1301.2465360489753
-1172.6830227510454
-1276.8470449388894
-1165.5510201317845
-1357.6095069865523
-1047.226651283461
-1230.0914937039315
-1281.0206338477012
-1092.2020939058389
-1202.367612189457
-1097.964041696576
-1319.2647782498216
-1274.4941253796642
-1180.3255474316907
-1252.3727157130875
-1271.745738741874
-1059.1811422976587
-1191.35988073877
-1358.9956784529031
-1102.2983009381312
-1241.563832463575
-1250.7908793294628
-1163.3080530995821
-1274.8391133773212
-1180.5863914032607
-1177.3442702162974
-1160.2919265610597
-1182.8166656674027
-1214.4414988243807
-1288.928395559912
-1148.6798501788974
-1071.184860107635
-1257.4437105034388
-1282.1283802414703
-1303.3308040020715
-1126.9727138258377
-1285.6393248589623
-1293.5460018325273
-1230.0315108145899
-1250.082975394417
-1227.9318542849117
-1250.7282634422318
-1303.2036146449605
-1177.8137475619453
-1165.7958268613909
-1244.3323239895922
-1220.1839586674475
-1219.2649638153416
-1067.0255145675428
-1352.1389561753838
-1105.7284197353422
-1129.1131436129178
-1397.246721084294
-1204.8955578066898
-1164.6864872235128
-1170.8847112926255
-1148.3397534312826
-1081.194976728595
-1423.8777376125245
-1249.6343543870303
-1155.9135288488735
-1269.1295992279972
-1434.2252842509652
-1224.336630763626
-1184.5422552782718
-1102.8937690612338
-1196.9645362777426
-1298.4613742428387
-1110.580331222511
-1299.5149958500679
-1120.090440580742
-1221.3039993655636
-1157.2139572117137
-1241.3557102922287
-1184.0482562675838
-1243.6663500974637
-1227.415469290085
-1192.4220048331906
-1181.6831995035516
-1238.6904702354886
-1060.4062419224126
-1239.1264080340648
-1258.8701604414819
-1356.0323162797242
-1226.9358341225015
-1290.8962849668417
-1382.5584611089412
-1181.2588488377285
-1333.2452029384076
-1209.8292500832736
-1324.7842952062351
-1119.315147417424
-1224.9838901199723
-1423.2336868545453
-1222.822527636634
-1311.057524156935
-1282.3443872866212
-1149.7576954296287
-1236.537800753892
-1229.7598407174446
-1256.6410331253328
-1172.2948991581468
-1152.114247828526
-1253.9169282643327
-1172.468410948533
-1293.7313692337123
-1203.6587891948836
-1070.4929854768586
-1252.1226352963886
-1283.0939484169648
-1205.6033074680702
-1286.78871826437
-1374.5314263983237
-1226.3332691258825
-1245.856842774205
-1310.047093585879
-1179.4736983364771
-1255.4484873069719
-1292.5827136779344
-1060.0146062332149
-1262.4516932894933
-1187.101136074704
-1198.3125884814806
-1279.1689801623843
-1305.9050210199712
-1133.0887119588558
-1226.331035626444
-1215.6431365657234
-1165.2681425304474
-1303.408309192479
-1125.877145419883
-1123.6714928059923
-1303.5010371611827
-1123.667610649654
-1266.020357408354
-1187.5498735313097
-1178.3449500768327
-1211.1915537704513
-1258.0696800823066
-1278.649842672139
-1322.9161958755321
-1183.4996786641316
-1253.5176646915052
-1282.8924035489147
-1246.8987290366586
-1121.2578838634945
-1279.9196821214582
-1085.9429062318652
-1134.22373657224
-1166.8853038672896
-1149.2410425098203
-1082.168584525717
-1300.745779054841
-1320.328707933652
-1380.2013145795481
-1400.0697149813138
-1264.7405614675777
-1157.2004990758599
-1184.7186685210252
-1191.356897227737
-1304.0758838092718
-1145.8351008120837
-1205.1166199723632
-1236.8977471565458
-1167.361476351807
-1171.3180721811884
-1137.5541450381372
-1274.0479393400028

