-3446.2920160136287
-2032.0997150959936
-2825.9541834937
-3219.584885778541
-3070.4633957015867
-4959.927643398715
-4705.45832850315
-3240.167666804621
-3563.4346514226445
-3988.3741367106973
-3911.6707545003287
-2021.8057361982796
-2275.7576277641874
-1759.7772492665547
-1743.3156114648434
-2105.8069407961902
-2019.6598988645103
-2055.8940800527594
-1621.7011278986774
-1894.9162161544896
-2177.797902707967
-2051.285646386114
-1888.6116197293813
-1992.2666631113789
-1565.832179183186
-1567.618153057538
-1933.717729268437
-1731.8883596140622
-1632.205996843743
-1744.6677896953217
-1899.5406850589245
-1668.1516703982322
-1644.6610060523412
-1564.712438075496
-1582.0340035930744
-1861.2608042667073
-1661.6358760805442
-1766.1068529001448
-1927.2457572931319
-1714.6982399353267
-1622.4823927454681
-1814.0239982995115
-1683.6147641495195
-1499.4889972691792
-1912.599863841645
-1730.0143249386601
-1706.6449752336919
-1707.5888523641263
-1705.955853365148
-1838.2507267533251
-1589.652104198192
-1542.6630889506894
-1520.5140711325103
-1637.271874159001
-1463.1995908484855
-1499.6704520345372
-1655.5182242102999
-1687.123517393378
-1689.7161205863335
-1694.1296790721442
-1637.1780546058426
-1856.8295764446855
-1346.0729614086551
-1513.8121635688474
-1928.9228873799098
-1596.9306497595994
-1504.5183731179961
-1711.1138290609822
-1760.5353305241617
-1608.9805811017934
-1579.053693417132
-1559.5108625235646
-1543.7043580597297
-1703.1639213769774
-1416.525771019033
-1692.6235161923053
-1589.167835640536
-1785.9491179493393
-1615.789588412728
-1731.6356434678867
-1633.5846888309989
-1543.2668208028072
-1693.9721506192068
-1646.2356953348913
-1556.695196698124
-1730.068621234691
-1547.4440640870819
-1536.8769446438384
-1678.7110209910247
-1671.3017149477341
-1390.5981033746036
-1726.1423035967716
-1764.9183578174927
-1549.1235288537744
-1591.2769433308215
-1519.994257560715
-1849.7547003028603
-1814.988967639789
-1701.8323365210906
-1621.636832562258
-1654.254945358212
-1568.9042098503437
-1905.8165030468829
-1583.7193644902013
-1357.8049930692569
-1500.2747130734085
-1893.246920220208
-1579.9535453151987
-1742.1318576212143
-1515.308016896754
-1375.6214935270368
-1411.942885385146
-1707.9147530208388
-1437.5580814138573
-1804.14780586243
-1780.108318700214
-1805.9220078032683
-1803.2790845101188
-1652.2989306486213
-1750.7569724765176
-1664.1981904244035
-1488.8945962930748
-1652.5741673315645
-1618.3138574492334
-1538.9996468007723
-1722.4058802759128
-1770.508731976985
-1729.443117861913
-2035.9765896461988
-1714.8261034869886
-1552.822305396801
-1488.0138894685992
-1721.5889171346362
-1587.708172178249
-1455.2352307520066
-1521.882360736621
-1927.4417882029322
-1790.0022385126626
-1585.153335670805
-1799.7374517845071
-1669.3882319608188
-1646.7044418163607
-1581.3450099017598
-1589.5041855093327
-1739.9015478856597
-1782.0229003712773
-1604.9307039383975
-1568.7560678779682
-1423.4973236209507
-1460.1701704744432
-2105.6506882287663
-1810.93983272496
-1532.6047741329726
-1612.1459553382708
-1661.6295042647494
-1894.62460477165
-1417.0403138343875
-1767.7168160971034
-1357.9604792139091
-1684.6316413153897
-1623.1978592865853
-1560.1524280455092
-1796.9239549628255
-1536.660108435442
-1632.0795337822317
-1435.3218036038281
-1326.8454044236103
-1549.9640491807675
-1631.501506952015
-1420.309780079149
-1973.977906920436
-1506.8591031124918
-1585.5177111867042
-1680.4758116386602
-1839.1277728370421
-1703.4427733517043
-1753.9882535121794
-1641.9814573783515
-1714.1741735719404
-1660.3966132957391
-1574.7406692486966
-1734.2103154402887
-1523.0440658456293
-1600.7101076489796
-1407.08074938336
-1347.2386031958256
-1595.4885067885687
-1475.9534996978007
-1533.9980362173437
-1511.3356861259826
-1589.009014955983
-1888.7268859885628
-1669.9388121938564
-1522.605620413655
-1469.2937452444273
-1711.7008437288207
-1609.9589508556096
-1716.658773163314
-1508.585781310595
-1713.7956246799768
-1547.769724489406
-1505.4261375105175
-1579.0073350976288
-1665.167572268922
-1693.1929760556377
-1409.1369482816365
-1525.0674160591534
-1786.166006914592
-1753.3976907000258
-1565.67784235491
-1605.8824557661799
-1810.8085273367678
-1638.8653060500244
-1620.4342703185546
-1626.456884453895
-1612.3072286962595
-1439.7571508816313
-1549.0819396158872
-1624.6475176828371
-1625.7008306700775
-1497.7132842284627
-1720.8111954212434
-1536.4642619610415
-1444.4558526789763
-1872.9369744231822
-1539.6459842412135
-1497.7505445382776
-1631.6501658963007
-1837.324449153286
-1545.1547256018162
-1562.432900235197
-1497.2117617084898
-1349.156439535956
-1547.7686805791782
-1520.9054118438619
-1438.181192732698
-1422.721314845337
-1408.8741412584839
-1419.382185296238
-1453.764979474963
-1563.5797026562059
-1483.2210651226503
-1398.8131751458275
-1693.4839028479507
-1400.6040255931175
-1702.6795723863481
-1644.4797853702205
-1668.4048129961304
-1542.7046432828176
-1821.324775809499
-1529.5955262230195
-1556.7551415538055
-1373.284998559672
-1413.3988059898693
-1357.6327994553735
-1686.814214454222
-1682.2758353053055
-1418.5691372423425
-1872.6880941899926
-1904.0158355733765
-1650.6324939281171
-1633.0010597527646
-1596.6491781323268
-1579.7768022082557
-1703.548018912619
-1544.5281508466787
-1632.4054464022815
-1506.5291316751197
-1492.973757994898
-1667.8024492752493
-1448.5022109655256
-1684.0121430899842
-1590.9159741452645
-1369.9435526626091
-1557.4370399130491
-1432.9490455367093
-1533.140659599973
-1601.5919410959775
-1583.247845438925
-1631.2114529968737
-1521.7972517757569
-1747.4490815205804
-1487.4586420679188
-1505.795502995825
-1629.2013211594983
-1435.8800712248744
-1500.8589970858457
-1571.9423643686669
-1535.055043177192
-1601.0988199542567
-1726.503650971654
-1588.1253609244945
-1566.2520096358542
-1432.4197952484544
-1652.117109132569
-1395.150907543159
-1409.0823977658683
-1522.9149527202035
-1521.7162698828997
-1565.2656184975795
-1507.5466334977525
-1699.1559644218376
-1326.3608360297633
-1561.6835914524986
-1464.2763916068304
-1486.4140688563539
-1642.02867011971
-1421.3591258278432
-1385.5501986109373
-1602.8808021391967
-1617.6446211208972
-1582.9989902364841
-1487.0239405995244
-1446.3898967382288
-1693.4284183328132
-1658.6499507649726
-1597.0839945839423
-1767.0265500551777
-1612.6782459064864
-1411.1500880565618
-1403.7672874315558
-1566.4602592028907
-1674.5671035456614
-1421.8455260861954
-1577.8723850192625
-1501.3358453642618
-1513.2855034976433
-1658.290838683578
-1516.0668983772164
-1709.0945549107948
-1644.5785275753226
-1605.7468068165592
-1586.9669674142733
-1334.345792139868
-1437.470043483234
-1774.031904998594
-1416.6664440446252
-1612.771999240003
-1339.7578192963504
-1895.9120496069436
-1560.688513606437
-1426.8175386229364
-1713.2494368498396
-2024.726986809921
-1384.204776329295
-1734.0147401043664
-1712.316535951422
-1738.2531067913094
-1620.7915406262487
-1526.8281952039308
-1487.1865682096222
-1741.8257247280271
-1486.9445110660388
-1508.3224387497198
-1872.2590586676965
-1597.9384016869067
-1684.628506142716
-1598.5637357471023
-1572.5553432505005
-1474.9973158374241
-1771.0911478210364
-1417.3315420313154
-1677.6748944757621
-1554.519220064397
-1598.9710148085487
-1553.7319921551452
-1452.6235194452015
-1625.4723707843482
-1603.0352744556878
-1522.4563053560885
-1538.6146906717315
-1522.7227969608634
-1473.733468549379
-1434.117993394792
-1395.1153059011378
-1760.6908747025857
-1604.2646395710324
-1414.149829436732
-1404.9694996342666
-1576.6996387424622
-1451.4353184861775
-1629.397288126971
-1599.4771348999557
-1644.5050194649398
-1785.0235326780603
-1722.51005048546
-1544.8513251760787
-1526.9798453573749
-1649.489451616349
-1514.1360105935726
-1558.5231578460014
-1440.7854375927839
-1299.7123180107221
-1611.2031717090067
-1626.2343841906682
-1652.803511210958
-1510.1295538205206
-1773.2832474418994
-1276.716165177246
-1413.6587687240653
-1482.7721524064825
-1513.5361738541378
-1581.2247617401938
-1518.7716625577639
-1797.4247795842493
-1681.8217598656386
-1730.1873736664816
-1540.0867110684353
-1517.442922092546
-1565.8633551939317
-1557.4559239970463
-1606.7169574296067
-1461.7441288209493
-1485.817215491457
-1428.929775333976
-1589.0906584122185
-1629.5248999145736
-1373.37434520068
-1320.4054447768217
-1404.727081669213
-1510.8844100939853
-1472.9148718749893
-1440.0535329989098
-1776.4609439983187
-1509.5207550909108
-1630.420013338022
-1466.2403670181081
-1513.1468487549093
-1628.5202218923644
-1338.7092044112278
-1651.2467350404243
-1634.0026710946254
-1486.9995483321552
-1571.7108345605054
-1420.9017486656892
-1476.354710404428
-1475.9381132268659
-1549.480822305888
-1500.0482469696233
-1545.712484681947
-1480.3043524487039
-1453.1362582904535
-1642.8149673401863
-1363.3905124116104
-1469.6020189978806
-1536.817175831076
-1493.3056657771326
-1470.3985461158957
-1713.7765263285935
-1737.5367461089959
-1451.2386527946169
-1522.8818330946065
-1520.4692556942953
-1527.8371181785647
-1518.9244363355915
-1467.9687796185995
-1669.9897088626515
-1468.9621274555907
-1594.796292084415
-1532.2525663811018
-1373.6647576201922
-1573.4693438728352
-1561.2532188093737
-1602.1533805855086
-1384.8041644690966
-1532.0744267549633
-1323.3631480916824
-1616.5307487634277
-1554.827426793288
-1826.9877633249748
-1601.870498764013
-1704.5041253474378
-1721.7921635214202
-1570.7718298240218
-1424.864806855029
-1383.15803427522
-1722.4154833123976
-1372.560893507833
-1544.4410697795429
-1465.459167902844
-1633.542377692466
-1495.7388584375653
-1500.030819489237
-1554.6823280129638
-1493.4243619064998
-1474.035907416308
-1486.0029760702562
-1637.3663924482694
-1546.7721893803844
-1394.7185280012447
-1447.0096340129749
-1640.4431407601824
-1703.9128281843587
-1387.751745995431
-1565.270219796459
-1547.4330577487501
-1434.4381762889043
-1701.1038560064258
-1341.0752794612406
-1515.339612503534
-1457.6884998667945
-1414.0732218802352
-1435.680121277094
-1370.0379606854717
-1456.7676715863354
-1625.3891342315214
-1518.8261011244242
-1510.1937590815776
-1570.7406166671124
-1467.7890967069657
-1704.908640568076
-1508.7954043103553
-1417.5691067722835
-1494.555279366229
-1488.7578376979875
-1443.8971314516812
-1674.9824696928777
-1397.4971344790388
-1403.94833963575
-1660.2031066624709
-1403.6036500753335
-1556.9621397375288
-1743.977791730822
-1399.733002898928
-1713.0618828770325
-1720.3809229679582
-1386.418893557771
-1586.8131390115323
-1378.1726351430357
-1474.3937354557122
-1597.5188806643303
-1408.7581226306127
-1633.4295735268784
-1425.1418338906285
-1538.8486705762525
-1548.8041819252694
-1376.3560806377643
-1342.607788166942
-1517.107386751372
-1630.1748828701038
-1367.706195536688
-1464.6943837211766
-1470.1363391429406
-1573.0739456212261
-1483.2441070334548
-1570.2131350280376
-1448.5764653371282
-1547.492912395121
-1559.181643993411
-1452.816055498331
-1386.6824980422334
-1382.2347505556922
-1648.6785844449507
-1552.0430014099045
-1397.7942774656235
-1726.8048765664619
-1553.6293735997208
-1631.203901775979
-1577.750284388078
-1534.2869566217746
-1580.472722389616
-1610.6519846888887
-1513.760159437497
-1428.1111048679193
-1505.843138029703
-1403.5498578492673
-1446.63321824046
-1532.1648368993756
-1722.8117757617551
-1555.3151172915661
-1524.86563637475
-1405.8066213767568
-1470.852217203219
-1542.561178531838
-1601.3372599661327
-1587.723859568751
-1526.772268268026
-1593.7803045464866
-1558.968188805568
-1532.5656778972593
-1437.6515408392945
-1519.9205312463687
-1685.9964178259122
-1447.22665005968
-1774.5955212695023
-1452.3040889870306
-1396.3459464776256
-1608.7576482505547
-1537.3115822345928
-1472.5796909053797
-1658.0717030792591
-1525.6210644119678
-1770.1050936719787
-1500.4300082071518
-1301.1856453364703
-1564.2540475952255
-1400.6384726529027
-1553.8649671824287
-1410.7957721049506
-1774.7397310445435
-1517.683648032064
-1461.0455915649413
-1262.7354198148794
-1452.7072126404973
-1638.4374294399688
-1522.0872473418613
-1377.5885025155644
-1432.3881852577217
-1440.5138820220295
-1720.6669528838306
-1577.7205858530283
-1512.2769262235024
-1642.9034085187225
-1578.5349521547973
-1664.1205917267914
-1564.3346020229278
-1447.1388740923337
-1691.8515610467355
-1810.8571560503008
-1466.5385835905897
-1599.7864186960037
-1521.9337637784122
-1568.2464436401638
-1613.6697970168213
-1672.365580757922
-1547.1749754074847
-1438.3708595476776
-1542.0865680057896
-1569.8626567772285
-1802.929251576427
-1441.320851318124
-1511.538835854178
-1710.948417842225
-1402.5956377661291
-1340.341379465504
-1859.3470461053482
-1539.749288052365
-1467.4683214897761
-1673.3986249775692
-1548.0443420788183
-1544.8250278217545
-1354.225729079965
-1595.8515181772777
-1508.2163361871162
-1483.846122779824
-1482.4465056528395
-1527.3878089108707
-1362.823104431618
-1465.7630132789968
-1717.7898294041188
-1536.4634054585592
-1447.756368075063
-1472.924082573682
-1485.6274978970716
-1645.426089755407
-1713.0972208832222
-1595.4055320780353
-1580.4495421912527
-1439.5108229937148
-1454.8826981382315
-1820.56425776551
-1501.1929744262611
-1558.8554575849196
-1428.9636027974536
-1683.7769794417552
-1472.978747642427
-1765.1395421313762
-1688.3940706881021
-1511.0286696030894
-1649.0347858380192
-1376.1165536899023
-1463.9019702048558
-1540.5601956945916
-1392.2004279423056
-1564.7859327755307
-1374.5163263820702
-1597.6459826560413
-1605.4509057860187
-1324.4665315557097
-1533.4333398319147
-1371.1326956509222
-1513.4427687702407
-1858.724501217176
-1474.2280237706152
-1742.1754198404358
-1406.1322408263386
-1666.2599134143247
-1424.8387474396327
-1553.5563160157353
-1612.154695057094
-1509.609627348042
-1458.5614618050602
-1672.2914320077914
-1554.3756273660088
-1611.5419434847158
-1666.6560601808208
-1633.2669399231766
-1517.7115849451588
-1353.3154035161613
-1608.4070743717994
-1690.6958712103576
-1523.338972048751
-1591.4000732926418
-1596.970015302962
-1372.2263107808046
-1458.1698076136213
-1536.98526657085
-1573.317880541411
-1600.5016207346196
-1360.852300649602
-1351.0184996232394
-1439.8152698747422
-1588.2835654885384
-1392.2125242994914
-1339.1863104542645
-1428.7816183989617
-1496.8320424991018
-1390.8657012199708
-1684.3006493318383
-1569.8447385369764
-1508.528776333829
-1676.5920733613898
-1328.147992792994
-1628.2018977969212
-1593.443801164701
-1862.3476112926244
-1568.4152298259983
-1681.5989764775156
-1357.2157836764895
-1492.2291488143417
-1500.9974561976321
-1610.409310766884
-1640.9195456550995
-1610.9248380309937
-1697.7114211546257
-1824.4142104318523
-1345.6369771869588
-1462.5603380585412
-1628.8638310079007
-1633.3108962855522
-1600.016687225285
-1497.289772551884
-1440.627896170448
-1378.0484757881045
-1438.8206814383693
-1863.2918588952832
-1675.4233283118754
-1379.6349662821976
-1495.3343539526838
-1455.434413536156
-1333.225567188884
-1655.60789442649
-1581.648647490283
-1612.0706338838522
-1457.1265615675413
-1606.296048318386
-1514.9769463531156
-1552.8098895320404
-1562.0881686746732
-1519.84548303583
-1434.6958501721606
-1477.8520934040357
-1583.6568813382764
-1573.1514642478855
-1547.7495898905238
-1940.8990945223434
-1495.0306024521244
-1632.7586115828185
-1708.105732020023
-1509.1567260870754
-1472.7988127171636
-1362.9983711538375
-1391.9549488030643
-1653.5525890184886
-1463.5986380563425
-1368.8574950980515
-1488.3118372476872
-1591.7556609483183
-1561.9274520357908
-1553.9156231651634
-1595.8190687236163
-1528.722307543402
-1594.4352614288914
-1412.9402092187452
-1710.9971122902457
-1583.195629605085
-1568.360329103447
-1428.1786991899828
-1571.8254387758138
-1535.9376520043484
-1451.0146110344397
-1524.645651607135
-1373.4959746304573
-1424.2066844074748
-1601.9584619846753
-1500.7203814599613
-1553.8383949282916
-1524.6907658558443
-1445.3949487403413
-1492.7735537361893
-1548.7043036163593
-1466.6662925802582
-1507.9790337149034
-1806.9737532082631
-1734.255929278091
-1455.2306297395683
-1601.6357944611793
-1246.3295581296504
-1531.1052157333638
-1459.9807384084118
-1525.9608405836354
-1768.789727614999
-1441.0148583705882
-1541.2098448285724
-1409.7644273444598
-1476.7039974774957
-1749.4977773494295
-1443.3184371935918
-1366.6615855837463
-1463.137390174684
-1705.8728542751535
-1466.2620732509197
-1304.4457410861196
-1468.2148987303906
-1482.5453770668084
-1468.2558627427945
-1327.4161690924736
-1276.325694761022
-1489.2212854280222
-1371.7194327687198
-1468.429208804855
-1354.1621995450041
-1422.6468217845393
-1389.8740484849832
-1501.1756303029053
-1457.005045789001
-1811.8355709843827
-1565.6614030911715
-1493.4191922646307
-1428.6105746843193
-1510.6015586452963
-1666.253333705648
-1472.6763517939632
-1518.8622973914771
-1488.6409027601328
-1491.2583220708227
-1604.6941703349873
-1545.1595814488294
-1373.5229322076545
-1572.7398983736607
-1540.3782690211601
-1400.9875401082495
-1461.037758588828
-1415.1188803506361
-1522.309429918648
-1662.6736709847542
-1771.870047703269
-1566.8705753167972
-1488.7747487434394
-1488.3878428724292
-1301.6562072063962
-1476.5501273842847
-1456.5770754250614
-1406.6308201311997
-1440.9734361396115
-1576.5832046444812
-1437.4779115517213
-1376.8164697659342
-1435.3525834856553
-1356.5279421726937
-1425.0374307826023
-1556.6360034042177
-1698.4556467174991
-1472.8517121357002
-1609.5344936566526
-1375.3510000682925
-1594.3540888923603
-1471.5412039770756
-1556.5819099914943
-1545.3880664978938
-1473.0489482332578
-1482.0026073290549
-1599.2159639325305
-1471.3165356319926
-1485.8720788480482
-1442.7516103856601
-1363.680700557223
-1401.073664901834
-1766.645386958683
-1490.538163881087
-1575.3260459961505
-1570.697970628345
-1446.5678752233462
-1794.1304887837885
-1383.4240983339237
-1455.3880812766276
-1395.5555919369538
-1463.2693311448106
-1666.8195113672568
-1448.7722594284926
-1383.6135471442756
-1551.7814808067662
-1580.196455367548
-1380.9005094209629
-1328.992228399382
-1398.6925798517132
-1449.811589045505
-1472.8534303669644
-1519.264944986847
-1503.0666240462463
-1394.187598930626
-1522.068101285678
-1444.1198170815555
-1371.374889447558
-1345.1845707180921
-1520.8824595789288
-1535.6626535181763
-1490.2126746717345
-1526.5105939165521
-1469.7216183150883
-1620.866455699663
-1449.981616903819
-1300.4656761342417
-1514.8922712078559
-1482.3372971587658
-1379.2451823769936
-1635.0377741660523
-1554.7389412482594
-1616.750110027628
-1478.905204433088
-1602.7124306771543
-1537.3578083254993
-1640.3540493399184
-1445.532191936735
-1613.8820010156142
-1671.4680676017704
-1429.5796445668127
-1387.137444513711
-1335.3244726711425
-1318.436204714119
-1371.7666139845333
-1534.522781667169
-1434.4187574744888
-1325.6256855252661
-1397.8817314860341
-1509.2089845333908
-1422.049885570395
-1522.5904580232252
-1607.2455158532255
-1264.0733415531759
-1396.9811938243827
-1607.5091963102952
-1385.2915393165813
-1450.202238618862
-1581.600471362475
-1668.9631071976032
-1511.3482321398965
-1653.9523804135927
-1745.4896804586144
-1460.1362913869277
-1500.1951163884326
-1658.0914310587173
-1461.2280790794662
-1475.0397823624166
-1393.0234601470067
-1409.207113717708
-1341.6741941984112
-1520.796040386692
-1466.5748743137062
-1297.9603239675941
-1476.2931345171012
-1501.8217400893325
-1652.2649172384122
-1418.7447335586583
-1431.8719191307998
-1541.3753756473477
-1384.8640820031933
-1449.7856242334008
-1635.4651136894502
-1444.659702604314
-1509.3311864824525
-1546.6356709620661
-1443.9334378517872
-1418.871538846143
-1510.763409723552
-1221.7831304859278
-1354.4259582853663
-1335.8226458763606
-1490.631491271808
-1657.292908052368
-1339.2109410450228
-1385.0460244061935
-1343.173483910873
-1457.68913628475
-1521.463204753593
-1528.7421455114657
-1490.7546293062137
-1639.1530809832825
-1469.0962159243973
-1303.4833881076372
-1345.8767097723521
-1493.1559351483315
-1632.8663559189235
-1507.6240401465486
-1600.563773370034
-1458.2611061757996
-1486.2050256663495
-1577.1495695086214
-1542.033363065746
-1385.6490292533722
-1597.024955087046
-1591.271167085359
-1476.1085467705686
-1553.7735513789778
-1559.5262627209995
-1555.5141246518626
-1518.6096537659184
-1479.8371726662147
-1539.2538280026786
-1435.5545274896062
-1445.8356953403238
-1499.4078288453893
-1398.3130245076677
-1503.186836687009
-1448.27945834212
-1353.006756183569
-1463.05715269872
-1381.3644601242763
-1467.5566100812603
-1567.415639615585
-1415.108449379468
-1531.2400916517818
-1445.0733340180298
-1512.5813536741039
-1779.4070440026303
-1311.4969284212214
-1522.3662267922455
-1599.3264925125227
-1702.1389951150184
-1391.4619171363834
-1479.6370126366157
-1534.881220430917
-1346.609421523143
-1500.4020560507981
-1631.3925790953708
-1481.7473775137296
-1560.1005518999893
-1369.072161890991
-1583.2635981703181
-1469.1881445929725
-1448.818108807827
-1501.0903531340452
-1842.5545206622928
-1485.5345745099478
-1525.578012816752
-1643.3124449489746
-1477.8918416488123
-1472.3913193617152
-1330.8948271872023
-1622.8888292373958
-1448.8296325829547
-1450.669241343581
-1541.5700585503105
-1413.6027608284091
-1542.593973689125
-1441.345777584069
-1574.0419938794678
-1475.696553144251
-1417.7113826379812
-1288.3319649196221
-1404.3488649919054
-1522.22001469646
-1372.280254784041
-1435.6326539833858
-1301.7599211133543
-1364.3197388928263
-1427.4067662078694
-1574.2570162235513
-1338.178933625147
-1406.6205319352503
-1355.9161676313552
-1477.7567178914321
-1452.6324099105152
-1503.9391945665752
-1605.5366791105275
-1311.3226918389137
-1460.531384092832
-1506.4252706194604
-1290.8468070482277
-1598.0249943241074
-1320.6108573830688
-1427.9817511075541
-1509.981093467983
-1392.9991303558254
-1475.9787552378077
-1630.901440675882
-1486.6518627404143
-1499.0288149830174
-1674.6563860538072
-1435.3027041482146
-1506.5428316529649
-1595.4408795463412
-1438.3761131295184
-1337.8326567877366
-1447.8515108901627
-1591.2835300336465
-1422.7448776148847
-1482.1702082356703
-1428.973126075158
-1404.933980422621
-1325.9052508516322
-1570.4605940022725
-1348.7194451034293
-1474.9723736547592
-1415.57438988305
-1398.0596501104317
-1376.4537622467785
-1420.1946402021567
-1398.8499323297722
-1444.3735723562932
-1452.7106752295724
-1540.9386122384876
-1495.3369301230541
-1413.5556119939054
-1489.8465203916942
-1623.4395743162918
-1599.5232121647052
-1415.7837232637942
-1456.3053484535385
-1487.3827660840452
-1572.6695435578943
-1334.5329751426787
-1370.9995729256414
-1655.5020486760375
-1465.008240811185
-1338.322190069995
-1390.7410027491742
-1438.6919928631892
-1609.7641302252634
-1530.6273521331404
-1395.754527940751
-1551.2361108740517
-1347.370932570431
-1449.4116503785203
-1576.941487490895
-1535.2459407555534
-1415.3763255421186
-1485.2285595486396
-1414.4854289342238
-1552.7488136398438
-1612.6774418237253
-1648.6637399763638
-1438.2921831034669
-1458.732524362511
-1428.5335234768265
-1431.821867683487
-1430.1890199159818
-1520.9283960757266
-1441.650608534082
-1464.5782032663772
-1491.865343376692
-1462.2938056745272
-1365.249352989857
-1503.034097122752
-1527.4759111337762
-1582.7553566716063
-1557.2170175687481
-1459.905007891641
-1480.0521602389351
-1330.4559965547985
-1378.615458165065
-1290.8478809294813
-1602.8749730846707
-1559.1260320413523
-1335.3033875060294
-1415.8607082149354
-1540.2913352609878
-1575.3850933169967
-1661.0265982246335
-1605.7131260843241
-1340.0460144963292
-1351.1222443519646
-1549.5697320934726
-1483.7533804434736
-1571.5479885579168
-1470.8324434240255
-1568.5001353443047
-1328.0095687337318
-1577.3068662102617
-1623.2517817344046
-1495.6581469742237
-1529.168807664393
-1348.796200946833
-1392.7577869368456
-1441.6553865650003
-1329.9640308015382
-1499.4849266741994
-1414.734940989821
-1302.1774218852818
-1401.2874339803816
-1454.5621688633453
-1477.4729624122845
-1422.0294548473773
-1620.5600367784143
-1611.5414332177425
-1481.791681754289
-1276.7089734644258
-1450.9637732571678
-1585.5988623049668
-1479.291102122549
-1291.4361060136184
-1380.9144958636523
-1360.7782826134605
-1649.4730934558183
-1397.8069799689338
-1349.2711719387387
-1557.5879666108278
-1523.6498871036997
-1700.9880429893324
-1438.7528619274306
-1549.6814446123587
-1489.6736184850313
-1381.9291521837217
-1634.966755102393
-1496.8108498807105
-1501.6926205689333
-1443.4777422038542
-1543.8831820355847
-1655.324907929942
-1542.3274516056083
-1407.4854288000502
-1574.1890928390978
-1604.1399193486416
-1536.811813418199
-1457.4881160969585
-1460.567928821737
-1583.8100233611094
-1394.0908125103074
-1618.9178466063254
-1518.795767886936
-1466.9836049288097
-1470.6749476776668
-1500.0754782656807
-1640.2550291135344
-1388.6517893156267
-1581.0104387138847
-1444.7559706525271
-1475.898835490638
-1675.9047979293948
-1707.6906273668658
-1512.8877749498483
-1647.5367604421886
-1467.9772750431102
-1427.463548961506
-1384.5926108010167
-1502.9495052426014
-1437.887984103736
-1572.465198979992
-1566.5373176494077
-1424.8442575855013
-1518.4156418620898
-1946.4488287894576
-1399.378082835935
-1583.8333110575045
-1545.688416597247
-1661.4206285386672
-1546.3096942155032
-1420.7336967996937
-1458.7782531102166
-1520.2366575998365
-1408.1696524601598
-1453.4075732104252
-1489.2428457203946
-1271.1618404168207
-1330.361671845697
-1395.670641033635
-1402.274206075262
-1543.13345683874
-1581.6216643981907
-1575.223511871901
-1597.0790189474044
-1559.7426874570117
-1491.433174035617
-1492.8638374121144
-1531.8413555100037
-1431.398103631677
-1438.6848287177045
-1392.6222790679003
-1634.2293778743006
-1471.922412383179
-1287.2764039414806
-1615.390987239107
-1467.8856923152493
-1533.5075714755615
-1497.652332873695
-1336.0984282245493
-1499.559181279113
-1377.3906835189803
-1495.1844325813072
-1352.4504336113785
-1568.5649907294012
-1477.2137047469096
-1644.2800467904592
-1438.8494710595396
-1256.7380832856975
-1430.029818985575
-1635.0663913256446
-1465.5077140026974
-1679.9246592653778
-1610.7439720419754
-1422.2242539758527
-1512.5396618477446
-1331.7170504854369
-1594.4586296739362
-1465.597045776277
-1487.3050146030607
-1512.184136730483
-1350.3408520036746
-1591.963859596629
-1544.3411935072445
-1311.704647767037
-1515.1567851054808
-1545.0931725697499
-1484.499570774452
-1420.6398702428396
-1503.192665804623
-1381.5328269644576
-1452.3932217063427
-1546.3593512632924
-1602.915507956169
-1555.3195856870993
-1421.8882658593204
-1380.5403458330752
-1773.353710350574
-1435.1701572255763
-1549.9958352346587
-1486.3138029469505
-1488.90280399349
-1622.67570442737
-1414.9058131775946
-1650.023157969324
-1422.249605304719
-1559.3241774455012
-1430.3027908510726
-1663.7546043034392
-1384.3117601352778
-1667.2852649928316
-1564.4413105722754
-1418.395839777545
-1499.5398933132194
-1520.8168412264188
-1414.0130495878684
-1670.832543805316
-1610.9838929967261
-1713.784736764882
-1554.8344660527787
-1525.5077139351295
-1479.7243501375533
-1585.518550484949
-1556.6089749778532
-1437.0478202458694
-1353.3788991871104
-1607.8518783148832
-1528.6480459742852
-1459.2881814654804
-1722.0754932178072
-1497.3825085226279
-1466.9078755154808
-1500.867127882033
-1536.8531988181167
-1274.3652436987047
-1562.693920976625
-1619.9894775240266
-1417.3354311604367
-1521.3059702771181
-1819.2185292897773
-1664.2504024270881
-1555.740411306444
-1778.1470955827886
-1657.7249862493552
-1608.6050648573435
-1610.8865388266381
-1455.27155260353
-1510.03911392086
-1590.40929292407
-1531.572998903356
-1502.0577926929388
-1444.3384718173206
-1424.8002547137423
-1564.9708518485304
-1443.1670152387708
-1613.2035820702174
-1579.5046127113712
-1595.3752721188257
-1453.5131845803592
-1411.9440957152328
-1425.4232929934522
-1453.602628001614
-1316.4999574079518
-1596.2195952475995
-1193.2861357417557
-1325.740640656487
-1521.3649327090266
-1537.0856351910845
-1495.263834231567
-1338.349731645524
-1544.4149016162467
-1489.1752583131708
-1672.7115884523523
-1557.7003523916703
-1689.2231942720653
-1430.0266253242378
-1458.7210824678637
-1452.6575894923235
-1532.3668247608657
-1709.3997696317265
-1496.2185679773183
-1365.5104316347429
-1574.7408497946105
-1508.4918672005758
-1628.0743989897937
-1372.1639569971599
-1429.476264709655
-1681.4834031955916
-1498.6429797159167
-1432.2350687264131
-1453.4814061035163
-1583.7112065775866
-1422.4483508603598
-1419.8223114276225
-1549.4255788145256
-1539.9997154301204
-1340.093244040713
-1354.527705842704
-1423.6240382138712
-1338.4267653937245
-1379.672990521394
-1557.6286938903916
-1468.2177414952946
-1584.3757220628297
-1408.3728619046108
-1554.415875444012
-1455.8075423661035
-1434.4980551074448
-1701.5121486756896
-1451.6740122039698
-1477.2641881086258
-1673.5803126912786
-1404.142439494406
-1645.9128804645327
-1328.9693849178866
-1301.5876597934516
-1623.7630719854974
-1609.068402224334
-1473.6781027954821
-1650.748667616751
-1453.6562553067874
-1548.0069695517905
-1572.4201761275037
-1628.7309690076197
-1355.4319404137316
-1563.5641534294648
-1624.4606486247606
-1426.9761747187213
-1442.5141548112783
-1467.034826240256
-1395.0169694745014
-1567.7956976081712
-1716.5282709826351
-1448.090682930992
-1415.4607158048336
-1693.813984087301
-1323.8166656296207
-1405.8334608882042
-1653.5134241833953
-1599.6966581606
-1393.7065458733177
-1318.8274072135723
-1465.1857026996079
-1670.538315418138
-1429.8762969270717
-1518.7867307850522
-1462.6069785875256
-1523.116215388436
-1437.8702967156767
-1399.3419723188092
-1475.4613136839093
-1325.261921165572
-1470.4040837193415
-1677.6107111715683
-1517.2188984839574
-1561.4998472121492
-1648.0600549341764
-1527.8495294244287
-1478.6856041573028
-1409.2598649719675
-1427.8887879249955
-1479.936044106699
-1575.4792865099057
-1335.8619011249868
-1327.9483985423922
-1507.7371173578558
-1406.255302737657
-1420.1422666692592
-1592.878934226668
-1410.2953567967832
-1447.2028681656946
-1430.093344665148
-1425.9490202268425
-1524.3595520300612
-1484.6409156906202
-1388.5837372563867
-1518.0305153512506
-1495.6374377195987
-1412.5887064433969
-1551.750423976028
-1490.1722521274135
-1607.077081662709
-1520.971458286333
-1644.866395409436
-1346.5608115660489
-1641.990723669403
-1487.277542452688
-1521.0277233532058
-1353.4106924803282
-1416.0502864548905
-1385.5886738516717
-1574.3602059935301
-1650.7101645918272
-1470.8613528185497
-1318.5921569610723
-1503.5995272721595
-1461.6417363838111
-1414.0043214067025
-1638.4300727970037
-1580.340893732347
-1606.21941969112
-1602.3981190158206
-1314.036777824041
-1475.3092071878696
-1545.5127089758214
-1588.493645483656
-1591.400737207523
-1500.8282077573008
-1513.8765145058567
-1556.8805768350994
-1570.4237861838492
-1407.0229411747227
-1572.8969868537536
-1340.8509515108087
-1548.181762060591
-1612.3053198517625
-1519.4414466293733
-1475.0583912292539
-1502.2030732817575
-1320.436392582834
-1472.2441605264996
-1487.2330539596817
-1605.4441044094938
-1365.634217778074
-1485.566691266331
-1438.191880706379
-1592.488003563139
-1624.0824312526945
-1333.938970541915
-1262.6497322409643
-1507.4358229408995
-1519.2312534305972
-1600.2569315658832
-1627.7449469405278
-1572.6005180643745
-1507.9305355433526
-1430.3797673261831
-1539.1046078984402
-1341.1593745163136
-1362.5984898207348
-1542.4561567016056
-1533.519711789409
-1520.9712208848557
-1402.937422618976
-1597.5830629920865
-1530.3979040267855
-1394.4641386731394
-1480.8868078338994
-1496.3248995360407
-1487.810339313113
-1578.552774855047
-1477.3180812077032
-1462.2831406043445
-1460.9898251260183
-1595.8085697126235
-1476.3455046972185
-1520.6251594201503
-1315.531200105002
-1391.9978551019872
-1492.9484990632595
-1454.8050776507243
-1503.8581532315682
-1623.3775607988828
-1518.8346251309174
-1446.8557693046625
-1663.74105474718
-1709.5438080107904
-1353.5093035874572
-1588.8129732524312
-1404.129647564596
-1572.408568786765
-1388.4788711337308
-1548.2049414397663
-1570.8155922668932
-1417.7725546707325
-1497.6144991387705
-1592.7796555721798
-1389.8152228375538
-1213.9494347661212
-1439.1528480530249
-1469.3253601767635
-1479.6438489462735
-1353.0444800937087
-1562.9505964418415
-1578.7710828861814
-1500.052327409642
-1442.6312558464922
-1399.657949516734
-1472.9648576049751
-1568.6307243756414
-1572.9676840656532
-1504.9991064232051
-1589.9336683989695
-1521.5158398062874
-1379.2066192725483
-1406.053404019526
-1427.2447970817452
-1676.18367910684
-1442.8729876033872
-1344.9009159759107
-1545.3669774097064
-1515.7297106647961
-1342.577187038108
-1389.5425550520565
-1475.4772825157445
-1641.4238784725032
-1608.4583904213732
-1360.110128096909
-1429.1205681038773
-1555.9575051710872
-1483.1398309000201
-1563.2707522678388
-1523.6326071158894
-1389.64587443401
-1464.0342163025125
-1374.4737122647089
-1595.1989561775918
-1520.6624579113393
-1615.129006931989
-1730.6772444576911
-1337.7604028158523
-1326.1420279422182
-1557.4611327975379
-1541.119251111334
-1464.2079140062979
-1398.7764197741856
-1490.0833551760586
-1481.256246674456
-1507.0782498644805
-1407.2318085073102
-1484.5037610888357
-1347.4580274892758
-1475.1327925903693
-1339.5545072333084
-1620.533236527224
-1517.5563356300872
-1469.2801339400175
-1463.5916703622129
-1499.4741319505604
-1436.9611894886186
-1505.073637588272
-1369.664308779339
-1622.4155395675473
-1382.417677410111
-1603.2734438248842
-1519.9566468034789
-1265.532942125655
-1441.537800996388
-1529.4718008025125
-1436.3172570235474
-1620.649499039939
-1296.7198072659444
-1551.0547208929677
-1466.4035261102167
-1488.064795783672
-1551.7831831955145
-1361.811574354956
-1594.3059165573989
-1705.3525892372454
-1398.0604374549687
-1510.9543500652003
-1554.8503832980703
-1218.9870237746647
-1635.4666831659035
-1487.3798032294274
-1537.9602970583871
-1487.9548079015717
-1485.1122275653718
-1506.1839440150277
-1446.8180054772681
-1541.0176054888973
-1329.6333693032652
-1794.7009453581627
-1573.903915845068
-1380.6180970351156
-1486.7951384212206
-1454.3292672084033
-1446.906667456313
-1448.8310591200295
-1348.6864188529598
-1559.9863872081187
-1423.0818258143113
-1490.0807247428713
-1505.2756989336497
-1527.0102225004748
-1463.2579169023602
-1534.908980753938
-1505.9634944814936
-1477.598952755508
-1701.0321997026713
-1403.8138454294456
-1409.9105100314846
-1598.4068815603268
-1622.5393589409978
-1405.2813445396919
-1507.5919690824026
-1388.4027660242239
-1519.4918151083525
-1331.0143632855525
-1732.7039804973533
-1410.7891051982642
-1358.3559622671708
-1490.1447898620595
-1403.1669292951378
-1347.035058092001
-1465.6793658906668
-1335.9259319286182
-1679.953147618349
-1491.1990126929231
-1577.7371294557645
-1472.6346646383122
-1239.1061612033777
-1413.9387817356926
-1421.7013472577976
-1503.5889178902064
-1543.1575614388635
-1448.217009887626
-1690.3452119826177
-1518.954635739273
-1498.872651004779
-1490.263464477342
-1505.6537084520344
-1375.5051714707656
-1632.6035406576364
-1597.2470194978828
-1600.9689271674981
-1552.3243596354398
-1411.0423738033157
-1407.0803467962235
-1461.536251215999
-1663.5135876951867
-1504.0059852196607
-1658.8265111689532
-1542.6618168884056
-1543.6316784483813
-1414.299818868322
-1494.331175009374
-1768.5328438858105
-1366.2868966127073
-1764.4268521384074
-1505.9827862143718
-1596.199383690926
-1339.0381211518782
-1778.1480458062235
-1527.7836903832042
-1327.8737381787798
-1301.0177859561454
-1428.00743049838
-1417.6888085484002
-1321.4049439500964
-1424.407667020145
-1541.733540676824
-1443.271805426069
-1566.8188827076867
-1575.5650404929531
-1420.5338093551225
-1444.4879106276896
-1270.6250869248559
-1481.9827177502582
-1386.58574114514
-1408.6028775140092
-1408.6162690094206
-1467.3496790489642
-1289.3207567682095
-1551.7093213599685
-1509.0384061389323
-1524.063907131385
-1362.7986402559968
-1406.3652688951552
-1552.1945529793409
-1340.3197260001734
-1486.2360207450736
-1471.4454411511786
-1645.818656547151
-1301.6597868127121
-1452.994413551297
-1567.6163115814936
-1450.8301680595152
-1456.7632767972186
-1502.0140153628654
-1331.0323524955777
-1344.7699394935385
-1430.7955930882426
-1535.1456311171605
-1523.9941334062135
-1444.9553641998932
-1650.6562121609716
-1538.730781022129
-1460.0150328061218
-1527.6338003765516
-1367.504293819325
-1491.3650164447297
-1453.1862568709776
-1525.2243158311414
-1456.7877101830823
-1459.0964600128432
-1491.0511517208352
-1638.4204892411976
-1536.1080781704907
-1530.1630790544484
-1388.728725299219
-1449.2218461823381
-1336.870293641613
-1247.0694986902404
-1558.5910045295657
-1429.2540585469135
-1337.6349016125441
-1441.4730659808379
-1524.4392460349914
-1436.685637807291
-1437.0766429083335
-1626.9026958968495
-1522.7198224769377
-1276.4825637253878
-1412.2971926166172
-1239.8030421462422
-1409.6008398324436
-1490.9227864490708
-1478.5553303125448
-1537.4365325696224
-1752.5460052163633
-1506.062849021298
-1419.6708023163765
-1486.1752335380925
-1478.5329629594196
-1510.9539347531236
-1375.0214692996822
-1418.8952126177667
-1463.5096056502073
-1496.0439856425935
-1571.9709206141358
-1330.6173496838687
-1605.806869448728
-1476.850814906308
-1332.8885168665608
-1330.9196575296576
-1383.2016928108515
-1524.334172668088
-1497.6637982289942
-1418.8655771108106
-1644.617717567453
-1571.0291151040158
-1413.6835535396992
-1449.6668165723213
-1526.0504952399351
-1471.5979269849959
-1551.955474948702
-1444.5497340454392
-1539.2059134056724
-1482.2051568339625
-1545.845219543608
-1553.385902335691
-1375.4882304115706
-1395.477798608838
-1539.1258886406629
-1491.4606208405498
-1291.584192747445
-1454.805901460908
-1584.2244406182697
-1448.761172635972
-1631.826623003896
-1376.6266922154043
-1720.6938568895334
-1450.1482971681871
-1469.206355314097
-1504.7081813223874
-1407.2186357028777
-1438.9338295861555
-1355.2406731038016
-1387.8300769047514
-1533.088017723714
-1470.01624920801
-1562.3696872053554
-1480.9494504849413
-1447.5991999257521
-1356.7341103064934
-1422.563549022125
-1568.1838060447942
-1535.1775476498692
-1448.9028466491495
-1500.4581667278237
-1489.0960195733926
-1497.5172735153615
-1337.0110043109141
-1424.6382668268227
-1531.0919345932787
-1580.7872118257903
-1503.3559071844888
-1556.3144304366733
-1391.2187483132498
-1439.3638654352799
-1397.7782589454575
-1399.614469471664
-1621.4140793285906
-1480.444855320269
-1598.340179615971
-1456.6332717521168
-1463.9904686783862
-1353.6072461537
-1434.7598889526644
-1364.9507904310765
-1470.9083956811182
-1374.0146172421894
-1280.3136788318093
-1425.399899743073
-1493.9458911232207
-1476.2576288735725
-1548.622359168389
-1430.062610691432
-1506.3309993756504
-1440.505320289338
-1362.0584420641492
-1499.1464620943416
-1410.5470571082576
-1469.2931233550173
-1409.240077820149
-1557.1302909778567
-1622.7948649581863
-1388.7854472588124
-1586.1969878336959
-1416.6745900937576
-1402.0945934053607
-1300.8986532406445
-1645.5581917427821
-1513.88926491838
-1546.9287015414943
-1410.3496368316623
-1533.394511849997
-1789.8074693899084
-1592.2629984844787
-1508.8440527944954
-1350.3062032592788
-1370.718805790245
-1423.0072264169626
-1440.6211117722585
-1525.462196594209
-1529.575879642527
-1538.9942645202036
-1486.7080915189135
-1451.300583033665
-1408.4582251723311
-1284.6753386594905
-1347.987299980145
-1503.0712494678014
-1456.1071907588478
-1374.0206025833847
-1446.5422137891683
-1395.0859404844766
-1434.5512426042258
-1478.3980331669106
-1522.0241704049604
-1407.440190835004
-1599.230163652978
-1339.8577826915212
-1519.2050538120784
-1363.3674310871158
-1406.8625057674508
-1462.266658584929
-1486.2252090812503
-1373.9217065960079
-1518.111326329845
-1311.1066734989947
-1445.8540206078792
-1494.006445162894

