-2682.261511541556
-1864.108237106389
-2246.4257045976296
-2095.923457384738
-2146.407322202626
-2963.111976980666
-2306.410847027987
-1963.189828672084
-2366.509424882787
-2286.9377153406504
-4063.4355098812725
-2023.7845210062583
-1931.9526615338416
-1985.8128209198337
-1775.702771734825
-1913.9473333303
-1799.8546450501533
-1843.1302688810172
-1984.0674983278097
-1831.8064039927274
-1659.1343191813307
-1956.5524857478922
-1769.1743363328355
-2055.7208784098802
-1709.272126082575
-1638.837561084217
-1654.3074433823642
-1801.8687962534361
-1869.6717418081469
-1334.1002715534307
-1818.6836127149627
-1528.060591858689
-1811.6683717087094
-1768.6572081649915
-1632.708987761027
-1804.419773437298
-1725.70876889565
-1583.3596413388632
-1626.2987634412748
-1620.7068430720246
-1958.3384271862944
-1614.7223591622464
-1951.8158435108217
-1817.489410446219
-1457.673258829862
-1701.4582120136258
-1603.2051764778682
-1629.5574232512274
-1733.14107472551
-1573.1192178023741
-1485.1172818546324
-1529.2143031915762
-1611.2451207811152
-1502.447630471776
-1768.036188653104
-1599.7732388208967
-1595.2675481488416
-1453.9876404743018
-1715.223971709369
-1524.260330223227
-1802.7871479481119
-1647.5729093445557
-1829.2283468784437
-1748.8866212041603
-1809.7014509295254
-1666.926862506333
-1600.0647114948902
-1580.6037597088898
-1544.4707808653402
-1569.3160771957287
-1539.9149095280661
-1413.5955111911899
-1517.3105177545633
-1451.7537636096533
-1591.3377419374278
-1518.8505968264053
-1649.0260166451885
-1481.2454647558052
-1646.3229801613018
-1603.7795908450807
-1499.1530530562782
-1639.6887154332387
-1432.267460609542
-1736.5891534595016
-1682.766931841337
-1620.2692768851284
-1512.9469015370498
-1589.2972435151714
-1549.8727354295088
-1717.8543294644717
-1659.9225308316488
-1639.2978115269102
-1718.4930979188548
-1548.594755893488
-1585.8197588472835
-1717.2333785502465
-1570.333993910732
-1642.5551144782467
-1354.1204595154804
-1428.6311669567217
-1433.6873051628152
-1531.7799297182457
-1406.3021708185781
-1719.361698150773
-1665.201835329543
-1709.2082313632418
-1711.502327678744
-1711.2557478774456
-1488.9443631229005
-1500.1403492549432
-1344.9567836471354
-1734.1472919158064
-1580.5391935692896
-1705.0455119411254
-1643.7159679479919
-1562.749580868391
-1653.0808001700716
-1690.1019061607376
-1680.1009989605707
-1745.4830748699733
-1670.4866324644152
-1584.9089564805395
-1791.957429709292
-1671.0472848341901
-1771.3850482520932
-1552.8256391608431
-1472.0273136947742
-1489.8962379082882
-1743.460394788618
-1660.9668078474247
-1636.6990538913699
-1553.9631629834576
-1547.5349529433465
-1564.2781570760894
-1646.7265289200059
-1726.1133766219355
-1753.7946663785708
-1759.432540661115
-1572.544494915117
-1536.0940581235086
-1672.6964629720762
-1669.836297966328
-1687.138114949509
-1501.2200213547546
-1705.6767096000513
-1527.650975240402
-1661.207428337303
-1545.0232139877337
-2176.0322160540777
-1743.7067395269587
-1691.628722137743
-1972.3488828098546
-1572.4679648991905
-1639.4761339475215
-1393.5572176257874
-1660.708328546732
-1670.7323708808244
-1630.246421240151
-1452.1786743816733
-1478.1625048379456
-1758.9859550892777
-1650.0928332749359
-1366.5760614683852
-1507.2793225858074
-1772.9284788463701
-1407.8874683676122
-1616.8509721515004
-1791.0855380952955
-1645.7024927302775
-1775.124063899171
-1799.4715299783736
-1708.5112880684833
-1658.1116758898577
-1640.4049572685155
-1754.8374025816622
-1575.4082205355244
-1596.6637046004796
-1650.1952734968038
-1624.5507865512088
-1394.6556651736516
-1462.9205523554278
-1571.6955499402986
-1532.5405078748438
-1806.049795607304
-1640.0465981866653
-1495.9591143587897
-1530.3315001788421
-1793.5823565217627
-1478.7326218130052
-1591.4705068083067
-1595.9459651687444
-1506.4948737867273
-1639.0212198185
-1703.5360113777779
-1575.5423929965486
-1685.0892432556313
-1370.7316277939915
-1842.3232003987728
-1769.0593977503545
-1777.880373740117
-1835.8802782050502
-1501.7958828561818
-1740.510713687904
-1646.8068184499905
-1830.5044984549781
-1763.696780333312
-1571.043369650992
-1843.3581874274132
-1687.1474006138799
-1615.8262524143286
-1215.417913248436
-1598.8651115438443
-1595.228872969284
-1614.876800676588
-1561.6897704591963
-1436.472426545387
-1614.4237726434135
-1657.502004464528
-1643.4922985150324
-1458.8460722743703
-1835.645172643862
-1863.2592091674235
-1870.1951346495582
-1624.3727555843898
-1735.0909818631606
-1544.6614362804128
-1536.5323178646074
-1554.1253994855192
-1914.5201830277647
-1557.561747582041
-1650.1857048194565
-1411.563849375071
-1660.7047354559206
-1750.1697844339672
-1563.5162094070392
-1722.7684957812155
-1586.1744014968885
-1502.5649862739813
-1656.8401234629512
-1672.6277472153356
-1647.6141789936207
-1644.1367002468214
-1534.22890762591
-1586.5453889805203
-1598.3781841265954
-1480.859086451257
-1678.1138039312918
-1645.940594770932
-1476.1161524873428
-1562.1958499121279
-1612.1811936714544
-1639.418843196208
-1661.138524430023
-1572.623319814434
-1545.3407814215213
-1752.943989993028
-1535.0161527800624
-1626.6330522693925
-1742.402689510315
-1655.6528253298038
-1850.8916292805386
-1635.6584129857024
-1607.9467718075284
-1525.7402258358343
-1501.7420518584004
-1546.7500992867367
-1501.831754507208
-1672.0544545664663
-1420.1702195151863
-1635.6133297331558
-1474.0153923725118
-1502.4341418606832
-1618.8811917024432
-1514.6562787710707
-1348.6527723629206
-1397.9234353652348
-1563.05662525842
-1435.900130327378
-1543.0425568143087
-1561.8990276780753
-1394.5442435497393
-1635.65427133417
-1326.047999247671
-1563.4096799998576
-1742.3658827953955
-1684.7015553652896
-1782.8449822338073
-1637.6745426594437
-1577.293356811374
-1688.2225567835421
-1528.7451425645722
-1628.6226838018706
-1531.8825404813674
-1729.2500842753875
-1470.292993199117
-1861.369049560061
-1411.5660805587427
-1457.3785503355655
-1446.3755512287569
-1621.6121134599045
-1565.8968598067017
-1500.0178747942687
-1636.8355832044087
-1748.1225029991417
-1529.6718479200583
-1393.6456461069197
-1649.8010138811976
-1582.957060810248
-1397.1063768856375
-1626.4944240528093
-1573.750943538571
-1540.2096110208906
-1485.8208420117207
-1452.3967904808922
-1408.1333113730077
-1260.7876309284663
-1559.281504676976
-1556.2329422676278
-1638.2649572970229
-1527.4768136399318
-1753.3741394401218
-1538.3481998284742
-1595.3739890598827
-1502.6144622521438
-1494.8200337536061
-1502.262032333121
-1566.3146003482416
-1585.8847830331097
-1696.7018031063596
-1775.6660034436898
-1564.4253141849247
-1585.3649436898331
-1563.303302907144
-1331.7324510126741
-1488.3926124562697
-1490.8555434761702
-1641.2367691815546
-1378.198945116584
-1717.2891532971894
-1630.4013566357287
-1610.7209186154148
-1708.4025367692998
-1624.8395588417295
-1515.9636039742782
-1438.8783402535564
-1929.6702575921663
-1572.25652586604
-1332.2530725606496
-1536.3106318737362
-1697.9360742901465
-1597.1606409617712
-1569.9225377520402
-1622.0088646501745
-1634.4559233076561
-1444.9056140943821
-1549.0425338084328
-1533.993167315369
-1663.697043986619
-1359.282398463766
-1529.957651257954
-1536.7209126363941
-1597.793453653627
-1747.2962349152506
-1581.4376801903522
-1488.210510825087
-1480.6098952814639
-1673.776282619677
-1599.413179170009
-1545.2943128087873
-1600.0086195654414
-1430.323228674993
-1621.3703232443372
-1472.9683251578638
-1395.5354893536196
-1397.3673396452284
-1613.8789513334211
-1547.2854239371175
-1535.9990564282264
-1311.493119272294
-1493.6738506059482
-1666.7136874921898
-1679.3938818112124
-1591.4270035252869
-1425.9541824916555
-1499.5791606330022
-1579.5001408001183
-1733.470792584014
-1531.7589912338071
-1467.8361450049067
-1592.8707454132868
-1467.4954306531235
-1603.5459362873048
-1333.4634350916112
-1419.5553144870212
-1627.3651659065406
-1575.4193213375572
-1553.6341912353719
-1358.7401285919061
-1459.5957200178668
-1425.6628525269616
-1389.3059206422906
-1655.2750850913417
-1543.4004318098464
-1471.7315474188042
-1429.225906239781
-1399.6620491547533
-1593.3902964756905
-1595.3941953037624
-1253.7882023106429
-1554.006915022489
-1577.2397375461267
-1551.022481613595
-1396.6006009031398
-1536.2874093637474
-1648.5182511860316
-1478.4734293277438
-1428.4613305354158
-1736.3556680086165
-1489.6202180990251
-1516.9246654676365
-1592.4116206851045
-1519.856544900428
-1465.6354074724052
-1653.5542906844398
-1581.3835655046855
-1604.4997302218756
-1581.4332362372602
-1577.6193040769022
-1440.7620062958422
-1672.3484100927765
-1550.5953993344108
-1602.7851550706946
-1520.5724279961432
-1611.8047257387639
-1477.270096970306
-1584.7563123575278
-1562.7356017308703
-1379.1107201059197
-1565.0571806509215
-1628.4663449163056
-1637.0194188011758
-1491.792026008274
-1367.7548889401603
-1629.4884569029844
-1571.2379212201324
-1507.429157392948
-1950.6380306435065
-1624.8083744475955
-1461.2975168419125
-1461.517709638173
-1595.0168306276914
-1426.8598015963412
-1705.8691312060193
-1691.452168993911
-1761.9318995635676
-1541.5746295737877
-1782.6808187921583
-1493.5468417351658
-1698.2886642966832
-1577.423371576397
-1729.2672343190304
-1579.7821984657946
-1736.7198603822687
-1577.0203134449491
-1756.5105189888206
-1425.9258416600449
-1511.7601931647316
-1538.9323039345195
-1582.164292838395
-1530.719599338478
-1520.7272462626056
-1537.766132896484
-1724.4227744477894
-1467.2618689735514
-1402.6532111222273
-1537.2111387895993
-1516.6137200088363
-1382.325802342714
-1504.1111754877434
-1387.896645429582
-1637.661855811301
-1737.2523814163515
-1770.210174717813
-1581.7809432081165
-1396.9221036464596
-1479.141997175601
-1542.7194129991904
-2015.327828811981
-1463.866414346783
-1622.568663720633
-1412.5892218650276
-1543.0318467903076
-1572.9786288341322
-1681.2936198589546
-1471.5737188178578
-1443.364530563498
-1832.705341252771
-1426.6873349905331
-1405.4123360037293
-1609.4292540310819
-1456.276478267546
-1496.6109385403718
-1469.3030592400405
-1467.5643054135107
-1624.0373252571003
-1514.313859833725
-1459.321634350628
-1403.691124348322
-1533.7081813534082
-1507.309413104562
-1630.0791443066732
-1413.2348643405817
-1622.5972434668176
-1637.6365006503136
-1673.1683398735167
-1381.4476541383542
-1311.8334165682927
-1607.6545845329024
-1640.9428162417985
-1447.2708371730057
-1643.3405224642481
-1628.2175969610023
-1588.7906454910456
-1666.3294023514509
-1650.9405144705229
-1664.7860521767045
-1475.2078774226088
-1560.439200369699
-1421.6082369503863
-1280.9099780784165
-1514.3215423912925
-1515.801911899722
-1591.8169086375794
-1549.9313701187157
-1451.225890048429
-1369.6697542993193
-1732.5861398698855
-1592.1257402653794
-1762.229683340047
-1537.1420840446422
-1720.9647500790525
-1595.6588074153622
-1524.9651461338574
-1565.4903539940224
-1473.4409080715634
-1518.9587114455935
-1540.6904513018594
-1580.625337266212
-1409.719032703715
-1591.6495779186298
-1421.2300206537684
-1422.5708795409741
-1702.8246572740866
-1565.4504780132677
-1568.6289613671736
-1540.4512449673705
-1421.7886865722382
-1431.396463432447
-1561.2359171277274
-1546.3563511915086
-1491.2389162356367
-1449.6839259750932
-1643.7324170019078
-1609.5518714056043
-1493.5041743510412
-1439.59753332628
-1493.3353704528672
-1524.561522994259
-1334.0429569223743
-1421.968643578033
-1480.7111479939795
-1687.9805574701675
-1556.2402852343853
-1570.6446474053614
-1650.5260448129081
-1459.9625295590465
-1585.0400354746605
-1484.4400730570064
-1424.064996988325
-1496.50470009028
-1533.313267846136
-1422.3816982746434
-1529.8002486590779
-1636.490089449566
-1685.1042199281362
-1663.5428061634323
-1389.0589555014017
-1308.2403562327193
-1437.8435516535067
-1459.4255707297518
-1661.243470014286
-1345.9787925427909
-1590.9005543990763
-1843.199204799563
-1476.6394783510884
-1479.2679326343814
-1491.6368280976449
-1673.8739960693226
-1473.657032031766
-1450.0185890496257
-1428.8643688942298
-1392.6015959655842
-1614.7732060486005
-1653.9761782398762
-1694.427171087202
-1620.794899689455
-1365.1977618932174
-1694.5503303980058
-1675.0269464725332
-1642.8116620033572
-1380.3424048302377
-1552.2310579517064
-1516.8825754806808
-1512.6321499350763
-1391.633983169382
-1624.3517761286312
-1603.0297422589574
-1614.1492986663327
-1647.3498308411758
-1406.0347599420254
-1532.7151306835258
-1440.609611709972
-1389.8399421406048
-1732.2536679627049
-1559.0620313541954
-1340.4270631005659
-1554.8282278330785
-1471.2000072943547
-1446.354535807842
-1582.885468771447
-1272.3208356821056
-1410.1819556912696
-1371.9136912899446
-1623.609865440818
-1567.6906808720623
-1407.5651583371703
-1561.0968953929003
-1794.3594713291445
-1532.7669525256454
-1627.3305811977489
-1433.7057933444248
-1452.5293592280045
-1440.7178236743016
-1478.698539822372
-1565.7675874686297
-1613.6204046296648
-1526.9335052024437
-1543.501328060725
-1549.7013212356546
-1460.6940482486118
-1320.3674806812705
-1454.0009362922074
-1518.7242007355087
-1583.7607746459555
-1332.3861226862134
-1577.5851424540165
-1559.6723179633284
-1316.81034454807
-1658.5506981568578
-1491.9950004968184
-1386.351571194031
-1750.9458842469944
-1526.7796509822676
-1433.276014458223
-1424.6801239842935
-1590.4849748752931
-1683.617875884527
-1731.2777037228218
-1607.5916681442452
-1563.7481688840305
-1548.8519625536196
-1579.4529037631937
-1493.4134129661682
-1540.6984421648672
-1449.1612968314496
-1547.3767877555815
-1701.8884017288237
-1520.992792770481
-1573.8946740222034
-1533.2017159872794
-1358.0297270037554
-1548.9197623967511
-1533.9696020699898
-1461.5283706089874
-1342.1230055529848
-1488.1785604169654
-1411.0442024557822
-1654.6759285824483
-1690.861325702179
-1490.8071177102784
-1378.7545548494545
-1509.8954721655807
-1378.806815814458
-1464.5632063390747
-1503.2943352886396
-1413.18376740677
-1470.947593919241
-1523.6975150941296
-1447.6940731471277
-1443.5759339903766
-1204.3070913529327
-1414.6768135796647
-1513.9830123119427
-1611.5348758840823
-1628.8536274039616
-1351.5961939562847
-1427.495959659402
-1298.1136431134964
-1534.6468085119673
-1493.4664368689018
-1412.5311519256566
-1362.843986045351
-1660.3427991677256
-1446.665637879415
-1467.7149952630962
-1408.2627512320005
-1505.1660356095986
-1486.5328723527641
-1483.6478388479443
-1433.7395601805717
-1349.3576659974008
-1511.3981989574088
-1538.9767487040497
-1385.7790942209122
-1536.145942760467
-1504.2163024603497
-1333.8384958408683
-1415.4285947418348
-1360.984321535625
-1455.0386656611838
-1440.429881357011
-1444.4762166517303
-1619.9667412948238
-1573.9874371108772
-1721.2356784371607
-1575.004399962641
-1943.1854065441855
-1413.5767881864226
-1786.8422736244254
-1624.1228926891
-1640.6113908126038
-1520.7744306521847
-1577.133128185685
-1524.9296166094753
-1503.8844913847718
-1546.6740829224532
-1433.5565331526907
-1489.4463236585834
-1379.418282746145
-1488.890141920967
-1648.5128400249268
-1532.2096451920688
-1463.0117740471223
-1427.0743703174783
-1516.5619615903877
-1542.541549238112
-1408.2126811902683
-1358.3920215548815
-1478.2286988984015
-1434.5065429630947
-1470.1591470281376
-1661.961935503729
-1615.208693778817
-1450.0647238963252
-1438.9270494352581
-1390.4193434961712
-1567.4299551121526
-1661.1554488384998
-1534.5847861343984
-1480.0926394709609
-1467.4695839627052
-1468.0994645259202
-1585.5934956071208
-1553.031572996606
-1432.4175803116716
-1535.5472367585548
-1449.9873777542314
-1395.1700718690383
-1512.2023297194562
-1448.2897228699733
-1618.1703746627575
-1542.132073531551
-1638.9811415272513
-1377.7656648185225
-1302.6332951607546
-1830.771138495099
-1770.6785180306633
-1413.409700774496
-1691.7699444040704
-1843.6358323298073
-1361.141046276709
-1481.135979791289
-1408.6474064263575
-1355.3025181177036
-1258.3163661997398
-1456.4669102361418
-1574.6032669361662
-1501.82259984327
-1631.4352859597188
-1404.8994757102669
-1456.7671059728355
-1476.8517972221366
-1439.8966725952043
-1446.0457568140957
-1494.825669180984
-1512.0604642825592
-1565.1547060579715
-1568.2639344463446
-1388.0583299039972
-1379.936581522278
-1464.4121355349957
-1520.5648914294725
-1359.0170618344514
-1579.881132694053
-1591.1943645689923
-1484.3034804356103
-1467.2498665766911
-1433.2428462282064
-1479.6589474189147
-1548.6558902670577
-1464.2785081459647
-1512.2107517117065
-1683.3539431327324
-1512.1089589794651
-1586.3622129784105
-1606.519079054695
-1457.0168355600374
-1462.6224468538303
-1747.2956566920675
-1508.0633209804514
-1364.5363916154267
-1605.0696135243243
-1618.5885329266605
-1500.3735629110063
-1529.4843834585986
-1518.8993473068379
-1485.9791776119857
-1585.2660207837778
-1454.512170372314
-1325.9046948899202
-1470.5018432598426
-1584.2191127892793
-1427.985853509922
-1495.5703147794466
-1482.0275486196867
-1425.5417009347782
-1577.953333072765
-1438.30214202475
-1502.0411790812834
-1486.3897453508014
-1449.385699270944
-1416.9805241267013
-1465.3150715445965
-1438.1153301773381
-1455.9503505761784
-1432.6308472875107
-1534.8281557923374
-1465.5432176166294
-1319.0411081763916
-1600.9740927686478
-1378.981529374346
-1654.1982005207353
-1622.2504134713622
-1406.689121126689
-1392.3652962873853
-1404.789739593935
-1564.3334735968824
-1495.6351607208658
-1334.9804474270245
-1422.5277610988076
-1491.0894642620035
-1503.1588167453015
-1515.2459896778807
-1351.760201817121
-1470.4580037766127
-1431.9542467581643
-1292.2167421152221
-1539.3343813709291
-1469.5410052649663
-1611.2375179691007
-1516.5073773474783
-1531.7598337535562
-1289.9654835317137
-1472.9554739530188
-1513.1400244958575
-1551.2723367095955
-1514.4763205148042
-1418.7861626371377
-1623.4227077243338
-1344.5031285019793
-1481.3870125189733
-1288.850692299393
-1326.6551538378978
-1382.3064745753557
-1460.995659407402
-1486.6020242013547
-1544.3568965944419
-1418.698829905249
-1434.7323132525487
-1367.059905798285
-1562.714548397013
-1628.1903066082364
-1626.931663660929
-1533.2620830485168
-1451.3070241880303
-1715.1404756771396
-1484.3189780972887
-1383.933097170438
-1269.146475339903
-1302.0639362825677
-1399.9043729682767
-1568.9313903753969
-1525.9139786867565
-1370.5411567162403
-1425.543990253271
-1684.6870559265235
-1364.2533815750692
-1500.7278224117229
-1506.8455893351654
-1490.3355953921562
-1339.081059393104
-1578.9704837178397
-1528.1868431550936
-1391.188564554422
-1533.2529079253177
-1424.414917627904
-1748.444824065286
-1456.2406473598953
-1618.2846046244858
-1513.0114417169275
-1623.6181684886594
-1420.7985000319009
-1340.791185879845
-1483.3777244749706
-1502.3069712633433
-1371.6142941481764
-1394.2046873871789
-1554.74758532674
-1601.482354511945
-1412.1404848037387
-1498.739165843385
-1353.2445846970938
-1541.312324034739
-1457.0774937922506
-1389.8686627487573
-1598.1186653874563
-1590.508816162421
-1521.5819391995192
-1435.2809288760886
-1482.9228048933976
-1582.4318402050028
-1515.2489591331744
-1383.066381344815
-1611.0851298260222
-1358.1436028785743
-1357.5455193423188
-1552.7106359187846
-1359.2615092999247
-1486.6366034773912
-1401.8778396145622
-1435.7673395484085
-1544.127665422516
-1579.5895565169524
-1581.4815478043715
-1602.089086703506
-1646.0065279368055
-1435.1133820011244
-1520.4813317906144
-1361.9991452449278
-1483.0229442317925
-1588.726362941487
-1507.3253824107237
-1501.075654479671
-1561.7105018891064
-1428.007703929763
-1507.2533634598146
-1308.513995387571
-1413.8149238995325
-1731.0236416822409
-1501.1992579062037
-1437.834355165401
-1505.9916557211334
-1467.3859955021483
-1491.3392570587077
-1708.4880450625508
-1219.0685869511508
-1265.3545786878508
-1426.964974252676
-1378.9014170665644
-1439.1923645864706
-1379.7337823143523
-1579.8720369110656
-1520.4971782772463
-1506.437737331249
-1479.2764383452457
-1465.207755597767
-1454.3339017999158
-1506.0735576420277
-1434.5494323488795
-1417.6349560005385
-1507.1107552868489
-1417.6414675748895
-1496.9202303530326
-1490.081626344172
-1579.9855416220373
-1595.8222998917456
-1438.7588308128709
-1310.8586681179813
-1501.1481050294103
-1468.5576701459306
-1380.3939791036576
-1545.4554896366271
-1617.9499237522987
-1632.376754290481
-1404.624237245096
-1683.5827688943466
-1568.6280911726035
-1561.8574887753027
-1367.479469164691
-1460.2899976314397
-1310.2027234959257
-1504.5736003540674
-1424.7312912163989
-1694.1268659883224
-1430.3315116141137
-1554.677805586468
-1455.514273405147
-1370.9298212141728
-1554.6181622914596
-1361.2343745753608
-1370.0183453482668
-1454.60291622055
-1511.3461287531968
-1321.3355426245864
-1512.049711597213
-1413.1251163906172
-1543.9456523456965
-1654.8422580194
-1389.0289247322714
-1598.2510475759518
-1498.4245050063466
-1557.9292056931422
-1663.9623896733924
-1516.969196453947
-1539.3338422393217
-1618.2841385171068
-1544.349572122253
-1555.9189819204744
-1442.4698707483763
-1476.8690620286977
-1549.3458498988853
-1526.0344001346239
-1469.0554376740126
-1285.3309311371843
-1434.8515321242126
-1526.0015224837523
-1420.6658157694155
-1418.952747160551
-1583.1922285263997
-1554.2970856819884
-1613.3395143685777
-1383.8710049536521
-1468.9354792644158
-1344.2121764682956
-1853.674183270039
-1487.836570397505
-1435.273962518246
-1526.8590434283772
-1445.0274290115183
-1500.654902569986
-1585.162116617807
-1480.7461668460805
-1391.7523830239886
-1453.2366774835389
-1476.802220134961
-1473.0011465677487
-1757.5858917788464
-1645.1080991014906
-1521.2914584184784
-1560.2043810596335
-1487.6653796800554
-1589.095205173119
-1549.5592703876591
-1526.368595984141
-1698.4088803599857
-1641.803001448624
-1281.9200240816415
-1565.7733680680171
-1650.3073468303899
-1379.8876703327069
-1527.3319757119987
-1577.1918257992336
-1440.0422452002254
-1502.4933023149
-1373.3418232531335
-1422.2081846383458
-1483.1275276079716
-1394.629186682926
-1346.841316457989
-1435.4597437142668
-1791.7821801351429
-1555.779728819199
-1519.7007258460987
-1385.4413322337061
-1320.560107161465
-1391.0202134559881
-1463.7935870232125
-1363.7743334406741
-1576.7229206267793
-1666.2654827929896
-1402.1969095593183
-1458.7886240015423
-1326.3266302648494
-1434.8397014532513
-1595.0617762251104
-1577.1730274127983
-1433.8048355175304
-1374.542916258762
-1377.4671692812396
-1381.7569228775012
-1542.009326798426
-1453.1553539946399
-1469.7207442812955
-1478.4061863291643
-1381.8311860015763
-1563.4673466973309
-1568.5590307657094
-1398.49445341322
-1303.6068303149057
-1749.6225182442656
-1494.9101383238806
-1597.8116069505686
-1405.1985813779738
-1443.8425308456808
-1375.3380366103102
-1443.8211346816095
-1412.7717736790794
-1356.98335561613
-1358.6730192710725
-1550.0696830369086
-1558.9262935264424
-1494.8298577505248
-1333.5766855887032
-1558.2680285650736
-1599.0041739104147
-1473.3947854889839
-1532.346409777034
-1414.5871327516631
-1390.7039029447776
-1439.0840029883839
-1512.593886570096
-1398.4586030381743
-1403.5837731204404
-1546.9389784767561
-1366.7662733290103
-1508.7100649212766
-1497.4681698140312
-1558.9579846955085
-1436.5543176996177
-1420.5486512090858
-1617.7966287308534
-1673.2701116725245
-1532.17189437221
-1487.3832461065733
-1410.9641916326689
-1771.8386928666582
-1650.8646416220242
-1627.464383417661
-1674.4118142270906
-1450.516272879164
-1462.4794177750694
-1344.3673328506848
-1269.2130508082
-1431.6661117941305
-1476.2507766640408
-1550.3985098167518
-1428.1933961956952
-1421.0529122119817
-1543.1420806668316
-1389.2307919655452
-1509.8478927610734
-1473.1503591887988
-1510.9699724294262
-1384.0756192872016
-1422.0695599853912
-1460.8548472548514
-1592.7313532066084
-1565.960394745117
-1416.8447863864503
-1414.3342277262748
-1481.5960416808714
-1401.1208653639137
-1540.5266478867577
-1387.6747731138662
-1579.4042558308095
-1334.2437336492176
-1623.2365593208867
-1466.915818002889
-1442.6777965748681
-1346.1992063142925
-1349.6499226430867
-1603.3811096324373
-1325.900426944425
-1403.256792177495
-1479.6259727939575
-1485.4969648476556
-1614.7449796586923
-1530.7849469016323
-1353.2477162589237
-1316.1882560710815
-1310.2854026200732
-1519.1280849764923
-1234.8259718427505
-1554.959690142486
-1476.9157804276533
-1569.1471937086956
-1538.5215749858903
-1583.6399994093936
-1488.2486387070924
-1752.4029390216897
-1452.6752469496664
-1498.9855203930254
-1490.2898177135341
-1411.9171680281806
-1424.278430536056
-1602.3069097179002
-1591.1330452817256
-1539.8590377462056
-1405.5906508253881
-1460.4900071431136
-1481.5070316682593
-1347.286211840185
-1502.6353026977908
-1540.7534587299479
-1536.5555668113345
-1472.3914165163999
-1701.696228490654
-1428.0930549571835
-1513.6397992782856
-1411.3065340589371
-1534.380249078189
-1301.6114686555975
-1348.8104116543714
-1693.551165050252
-1403.1370403456935
-1315.4807164193726
-1519.0036067784517
-1430.0867826963213
-1554.987976873335
-1440.4358549954054
-1534.2925023075302
-1372.1486767572678
-1452.5193638213145
-1372.7937475437966
-1284.355510074914
-1322.5283151699587
-1458.677514254569
-1539.825314640743
-1245.944456165271
-1485.098868455453
-1377.2485241917093
-1367.138509530384
-1549.136660177396
-1465.0558927623808
-1441.9144793949893
-1509.017618720083
-1490.6100005096584
-1505.978638981488
-1499.5388309717907
-1621.6904461801437
-1501.292864689392
-1368.1839278761836
-1286.314398415702
-1503.4174548155195
-1382.7665751511363
-1295.4137182806846
-1488.5059741421937
-1484.143375061843
-1456.9552641999053
-1481.443294765916
-1452.849625100397
-1416.0418440820752
-1473.3968914460008
-1474.871451086752
-1355.8233437929002
-1542.182605185496
-1457.6160034664626
-1647.089706120096
-1505.3461548148746
-1294.5128427612976
-1385.251503354814
-1433.3982017048602
-1407.8605735160393
-1684.4377710676313
-1651.412311553596
-1282.6082311151195
-1345.2836656664776
-1338.7706511676631
-1527.2941890909965
-1352.0536653584286
-1440.8906036928324
-1382.653994098481
-1603.6154244108393
-1329.8756851170617
-1433.3973928019218
-1526.887374843752
-1596.0943046882028
-1426.8150442815977
-1378.4785440989426
-1488.0623722545279
-1409.598744277548
-1453.0842133132528
-1574.3532735539775
-1558.5078903600363
-1288.4233187458656
-1487.6966946181408
-1410.629378876196
-1556.828290082683
-1449.2322328546675
-1384.950062248522
-1647.0673426906621
-1386.572190294205
-1368.6458354936235
-1363.7724478139967
-1512.277215797067
-1330.5810475259593
-1597.6599531324825
-1587.80207829059
-1525.458323741668
-1418.1527708451379
-1354.6989810378918
-1492.7902059359396
-1529.7033554543516
-1354.6864541815987
-1573.2574271159124
-1341.8848298336195
-1604.6360191325489
-1341.9891673108898
-1395.4568211483283
-1461.8073499032516
-1304.3253299857713
-1535.0441680725817
-1433.8716414878484
-1614.1116607117242
-1690.8405789019523
-1433.1494922486709
-1475.5681963607415
-1321.7496148500811
-1399.3779128601616
-1514.3580482041664
-1401.2649596701722
-1250.6728570629625
-1308.9609863784576
-1452.4423647758074
-1356.6607569861822
-1523.2345376597116
-1397.1800026478343
-1566.1975463006872
-1549.0841794805904
-1398.0925397039946
-1627.9399500941026
-1306.8577330853832
-1686.7957509550897
-1500.2200356269304
-1545.0293584218277
-1383.7188916185971
-1511.2389195588114
-1313.1088886544696
-1648.00716224036
-1512.6446111211244
-1438.4732438649858
-1483.2736409781785
-1636.5913270049655
-1602.4450788355289
-1471.0674719601225
-1408.3138204812076
-1568.251502155274
-1446.132046866366
-1421.1275211165803
-1386.9376680215664
-1630.426634565674
-1517.6787651035659
-1313.3115060220357
-1404.9770775743477
-1347.8867065943066
-1394.446966155906
-1630.022200975197
-1470.5418667086858
-1437.9081563978446
-1723.0372428097132
-1398.530193827488
-1519.6116284626553
-1548.3106003574687
-1482.859560230324
-1412.8341630903815
-1356.8207874937889
-1411.6691841479935
-1590.7499697798467
-1422.5947641719715
-1447.0576802588619
-1408.9214199009289
-1464.6418588109602
-1586.6044581942563
-1725.5455974764536
-1343.7661263471039
-1432.3857772217957
-1525.7122440711703
-1406.0587946286257
-1421.8084467149217
-1485.6512896101592
-1346.6089033052322
-1481.8356104604989
-1455.2518746331086
-1627.4258607190034
-1283.3615849859175
-1555.5995719335783
-1454.136857704368
-1539.2866855012592
-1454.2135031430648
-1495.1688792133743
-1575.6634217651583
-1632.9391876609457
-1624.1620965918944
-1490.350324281603
-1647.1796996083363
-1274.3468591879127
-1585.6863968684747
-1560.9605119577382
-1338.554745893726
-1642.0889523976462
-1335.5631526673258
-1391.2962925780057
-1368.6782014023686
-1337.213880936614
-1486.5002833229755
-1383.2746307546986
-1758.0258192142844
-1540.541526368543
-1529.434246416239
-1593.951145622294
-1384.6369189137552
-1473.413120428961
-1530.2107049064566
-1636.5103337953492
-1464.841474152391
-1510.1435690714534
-1706.0012846983218
-1505.062080119569
-1565.0566540447185
-1321.475066002621
-1452.2758408213344
-1620.231741582816
-1451.136205345854
-1458.1836127145757
-1537.9343714493564
-1529.805400336885
-1303.512131589538
-1423.2746159851604
-1488.142268151912
-1459.5496634124459
-1316.2527542994312
-1565.4287850688445
-1380.0446476009222
-1375.3621355153566
-1363.916589821527
-1717.7455945961608
-1360.7463879379936
-1359.7116858039767
-1422.8662098320215
-1468.2399605146406
-1404.2274951241832
-1360.141502031285
-1494.6150628772111
-1672.7396189630322
-1495.6721319954013
-1295.0530640358331
-1277.188020416857
-1562.6707223873775
-1535.3116703884323
-1359.4046397630857
-1492.3555043249598
-1356.3167234380694
-1430.311798217595
-1469.6004037544485
-1592.9754263157583
-1367.1636139801574
-1442.6979200939495
-1443.059658766565
-1589.788776212514
-1518.8099318669454
-1462.8985627338773
-1589.450676139129
-1371.063455033482
-1409.5664476587017
-1390.4554954626826
-1510.3944466456892
-1360.6486130977783
-1522.7506794386006
-1350.8439430881904
-1491.6336134567284
-1380.95013150251
-1392.7907706022236
-1390.4291834200974
-1491.408695181559
-1420.3739508000886
-1606.6589753043368
-1584.1421277694747
-1693.7260683977552
-1530.0463840462098
-1554.7168243238648
-1563.3243836569304
-1470.008545738326
-1360.6651497506436
-1360.2522645913273
-1534.7858827381942
-1600.4095197615013
-1514.1370042133847
-1381.5010758523595
-1331.110435889626
-1451.3652183873114
-1438.5629068639275
-1542.332914244337
-1461.9486208870956
-1216.8014436864712
-1321.4190991140201
-1423.4946465827645
-1516.8561268957653
-1466.1412863424314
-1452.4349408514388
-1390.6202698524214
-1368.3195689319662
-1481.808012589691
-1264.1256128252135
-1379.7598503718818
-1406.4938143512632
-1434.5394330372862
-1524.837218606048
-1489.83314356751
-1415.374884234069
-1412.8892389122436
-1455.5022699185074
-1534.2035543444504
-1765.320189535397
-1308.7426272435046
-1572.4724944558866
-1390.7056795178512
-1390.4458848387703
-1380.1582065956004
-1403.3167400306604
-1428.5316218309113
-1543.563522562582
-1401.5108856709376
-1415.10552846191
-1411.9823097618096
-1317.435547472853
-1524.3426389271706
-1456.0703720884915
-1677.0250276998256
-1267.563023566069
-1299.522791409144
-1522.8607284733544
-1406.60221363829
-1633.5619586911089
-1484.9577634986088
-1357.4677435952274
-1460.7088156933078
-1462.425323730976
-1532.1060044018698
-1511.4973774131659
-1469.2008369233745
-1327.8496458525576
-1367.5530269698882
-1439.8761937285847
-1356.4392414923097
-1414.0476580499342
-1395.076578005727
-1366.579536709555
-1404.713704489834
-1469.6881457315378
-1452.4657335312545
-1493.7826104595736
-1509.8790843165618
-1445.8665127161012
-1354.1437171850278
-1311.9446496687126
-1384.8546816892265
-1292.9155708078576
-1310.13590430285
-1519.0716354429405
-1478.8767260764473
-1543.9858549078715
-1266.981976576641
-1429.6891043771568
-1555.156108787163
-1434.4588391652408
-1453.0051682806074
-1458.6104207054832
-1408.548788618668
-1668.6967600136456
-1488.396107438067
-1348.7653059931158
-1633.4809327724508
-1531.4633900084602
-1468.1322946237804
-1459.0222451609716
-1389.0295490878068
-1392.599917388739
-1534.9068557935752
-1390.5884858910651
-1440.7032066614797
-1494.9602914421353
-1518.7776542911465
-1618.6788869767934
-1454.249515885487
-1555.0613774021117
-1429.2370057842609
-1476.9305790447584
-1383.8537887875761
-1410.735728517883
-1419.9894261533727
-1445.0484787238602
-1418.5789773615043
-1449.6248499244218
-1462.747080876028
-1442.509559272562
-1405.052786274729
-1600.6806081834725
-1408.9190243446672
-1373.1080761205924
-1440.2603350239337
-1434.5734952992632
-1324.1872176200025
-1407.4834449201915
-1443.77575645531
-1744.1048516785463
-1512.1592801265808
-1494.4126945020057
-1484.0817144977466
-1369.722402720076
-1407.6474729625234
-1478.9410814826313
-1418.0134171491557
-1590.3795994244113
-1512.7626293830394
-1560.9282880282974
-1476.2375690874724
-1439.0465043918275
-1305.3807189195036
-1294.5474847435005
-1412.5058962428095
-1271.7424036408627
-1398.5999324944
-1303.2398074978698
-1391.457099760235
-1470.7019120996501
-1693.3020548762474
-1610.5752804828523
-1306.3333719601474
-1479.07366400091
-1521.8756907645445
-1488.0332706556485
-1495.3459165819675
-1469.7475361861436
-1467.0402654788627
-1523.8308069641432
-1348.8643640160653
-1621.8550472867769
-1417.2379674724332
-1588.0716489611025
-1435.1608731735155
-1469.3899982822031
-1464.0457289468716
-1476.1700077629505
-1575.0062171797924
-1527.2295795546997
-1358.2418944266753
-1654.9850199663376
-1322.7575229167057
-1431.4102501910875
-1342.8835511779896
-1407.6260608214134
-1452.4647811156042
-1447.0023915615393
-1473.0425557557378
-1658.5797518203906
-1473.7795375858982
-1528.5702496127026
-1349.523089701341
-1432.4542280674405
-1426.5108229049645
-1606.6698931568826
-1378.5034108619982
-1528.4585740531131
-1551.4406485050715
-1411.750551987316
-1339.4735667868981
-1336.0773649975608
-1404.5605666332374
-1414.9863588966575
-1420.66328758397
-1448.5138837927686
-1483.708617964212
-1457.689793978315
-1654.911617747185
-1444.6456115287817
-1498.242515734394
-1513.0718949784891
-1430.5219824971769
-1438.5368440175148
-1453.5318377366127
-1585.0683727932837
-1441.2875275885567
-1389.4454098926437
-1464.254412448057
-1522.1746940998858
-1316.2142965728654
-1428.2674301567413
-1432.5465991087244
-1545.394392375274
-1261.2057166156137
-1534.774694477548
-1517.7031054763497
-1625.9797766590084
-1485.821749406348
-1375.3462699548909
-1369.9346467767102
-1399.4863277991194
-1274.524906601913
-1310.835768633752
-1433.5702042078763
-1451.66846457113
-1466.9585264323675
-1363.5515011841119
-1485.748091963921
-1515.7542017038966
-1475.08051128395
-1447.159021847624
-1433.5404321389215
-1337.1931709304627
-1368.6501352007176
-1663.3350029763744
-1461.082189644436
-1366.8113901255326
-1491.4713416966542
-1465.7214890964744
-1428.497825228144
-1468.0448801018827
-1384.8419210183342
-1350.0062378053171
-1405.9386967120338
-1303.0376204048907
-1311.9639689047203
-1618.3145322008768
-1313.8094163123185
-1497.3141679829723
-1362.00541307578
-1518.0493143875933
-1482.7312770928763
-1470.9003186600505
-1382.424411686319
-1450.8011621938886
-1440.0139529582498
-1476.694294312661
-1360.0946181759423
-1440.4650882428798
-1593.130477266973
-1464.5175502525065
-1252.4571071892672
-1339.5614189858568
-1354.2779375321063
-1464.4788611501685
-1360.5017601366897
-1367.3530775406152
-1362.0179309579635
-1396.9550168358733
-1509.2010965403483
-1411.6081012762043
-1660.7208158657666
-1366.04285115663
-1430.9339303201723
-1436.4611442309042
-1334.0316793337997
-1280.4756232603136
-1594.624598423261
-1534.8156503184496
-1335.3888209679824
-1544.2468129580677
-1501.5745678876683
-1479.447461644572
-1547.513024634932
-1444.384666245454
-1356.6026571856225
-1462.5620209892834
-1343.0064758056078
-1450.675900103954
-1529.2434987696422
-1440.9127651842512
-1396.5870493711018
-1303.0316279706838
-1541.0971705351146
-1432.2418799313707
-1647.752034968728
-1424.8839048633506
-1531.5449645685237
-1452.8645639432473
-1376.9051866328823
-1400.041658129336
-1541.2319135406321
-1505.97117288309
-1349.4990125666764
-1362.6212683014041
-1450.9973101599132
-1299.4083624366306
-1552.0663520649093
-1427.1794953818458
-1575.2199457173424
-1431.4603214769438
-1301.9212604545346
-1493.4076501575157
-1444.3950918156445
-1551.0626677940322
-1730.676567221591
-1415.8262211122417
-1576.3644781814128
-1402.452370559375
-1651.3542288823583
-1408.969312007298
-1405.2260506055998
-1454.8268185892937
-1472.9689828338628
-1512.773722820488
-1369.2485891065521
-1483.3264409799096
-1335.4955022496429
-1461.8413376325218
-1589.3340381082592
-1536.703311577499
-1486.0131004418256
-1588.2986219181123
-1463.4233551575257
-1508.2690820616733
-1453.1816364794433
-1516.8256557484222
-1327.2702467323415
-1430.5558202113377
-1483.9111763184412
-1480.0448806439802
-1321.729275336002
-1439.5808492422555
-1420.722104832122
-1635.8590460992048
-1460.0575670462156
-1439.843035042194
-1360.5934539759953
-1520.4347047633453
-1461.940156033883
-1493.9503349169433
-1498.719693561921
-1352.6571474247737
-1582.997238431454
-1358.2697072814944
-1397.6467165779059
-1531.7208196027855
-1228.5559750414025
-1533.3308349224537
-1429.7011609337349
-1688.6330785983719
-1450.420043957674
-1494.1678426552005
-1382.6597039303535
-1527.9698817952567
-1517.3733465555717
-1530.4841933331516
-1420.7245646856982
-1413.4954283208613
-1509.7021775561388
-1445.1754395963376
-1469.6343329552951
-1408.94829235079
-1446.4330781137915
-1650.0692805152278
-1472.7107060983326
-1482.8329396022395
-1536.1610419807412
-1432.3511709265758
-1383.9309202024565
-1442.8709324281033
-1527.2177569987389
-1518.9519122350575
-1374.035553899407
-1513.8953528017082
-1472.1547944441895
-1367.8457476893657
-1411.1449790251932
-1392.2180684776697
-1394.7155568730814
-1551.7475548731863
-1430.0586646096237
-1550.7107748562182
-1479.0771091776153
-1408.4308359601164
-1397.3267757129913
-1482.3204883810718
-1577.5944258195234
-1400.490954705588
-1491.6543005649653
-1309.4692872106907
-1760.8539655994216
-1511.7160121923173
-1489.7085081371124
-1369.5984791235755
-1258.5847145103899
-1343.9519468964832
-1512.2706212264036
-1434.5215097562834
-1489.4978958124311
-1427.9154249961805
-1479.8655271305024
-1392.5426331023446
-1282.478543825764
-1424.5520847415278
-1448.9318790528403
-1377.6538383694324
-1494.7038600603626
-1505.9107082263179
-1535.5789838921903
-1423.5759854543305
-1518.280253885946
-1295.9734433451374
-1425.1021019040672
-1427.5589342180037
-1577.4522169497639
-1276.4216975614077
-1585.1535059137336
-1510.7681191462093
-1315.7228414487483
-1536.3204389511852
-1550.8703187342219
-1387.6066492537407
-1521.1078575353818
-1451.220925463424
-1418.6032195101816
-1402.2306710125508
-1560.5041333663735
-1473.2958774671233
-1556.8568889022476
-1477.535557657512
-1503.9342147168043
-1587.6900443616823
-1395.0367888595592
-1456.0440794432393
-1396.679185708841
-1440.8552775360317
-1480.4633371711275
-1319.051595128688
-1489.1772135923345
-1448.4035278446097
-1357.1363718219147
-1455.7129129248428
-1515.3965430168967
-1494.1043837846448
-1404.524050733481
-1387.738202441911
-1593.3200344719407
-1474.8312767701145
-1392.2820425015318
-1429.3793174315576
-1362.7340548121776
-1316.4340813298327
-1381.4846358895145
-1366.8539849358137
-1470.3738778823954
-1580.5080581911418
-1463.1488791930965
-1464.4370014187302
-1527.169742469833
-1432.5509700949995
-1377.848741024283
-1314.9591373376747
-1626.3258079977654
-1362.9779370858637
-1539.212855535023
-1421.788913966171
-1489.8956174683806
-1323.1558030608496
-1463.7000578428529
-1535.4452773269884
-1438.1847776458972
-1448.6009853304924
-1467.807325976532
-1618.5954541992817
-1494.8599395965916
-1423.838174794617
-1533.402558291756
-1490.2645369557683
-1495.9620309699042
-1372.0505963687244
-1474.630215001912
-1522.2797028771138
-1441.2903301312783

