-2465.8441271049746
-2768.2239388991434
-2313.2435524280572
-2187.8242879589243
-2361.922302935652
-2919.043680566697
-3198.167628013849
-2249.957407642283
-1840.2201511153726
-3129.1101956633925
-3851.308276042386
-2779.569974086859
-1530.6846818151853
-1372.7918924146206
-1547.412758550057
-1461.5841501532088
-1170.539653145505
-1371.2808283714062
-1362.9753204044634
-1299.8574702522933
-1313.762817612502
-1337.0507607738894
-1504.923589846072
-1396.6538151393531
-1294.5560831716846
-1294.7363845916145
-1503.144687545333
-1196.5385936569633
-1351.131436122376
-1243.9364185498237
-1166.4976683824907
-1362.803579115588
-1471.2203982668077
-1179.3122905671653
-1260.3962382939642
-1305.0838089614617
-1064.6262079982673
-1242.9324050697987
-1150.7402415298388
-1229.8971649278617
-1245.000421248132
-1256.11669840879
-1232.8497823672851
-1046.135875320657
-1146.4223944914331
-1041.7304225332034
-1254.5462096009032
-1283.4628347663413
-1157.056432467485
-1247.8527370558961
-1369.1105639386335
-1110.1975100923685
-1210.6998783537797
-1104.7249097043555
-1242.5405881088482
-1041.0125128774448
-1147.2804697678534
-1465.53439244699
-1176.8201852374084
-1168.8532938686608
-1120.6489781516966
-1277.8576094906155
-1246.4205752671207
-1162.877911636209
-1253.7022693359263
-1054.9097348892492
-1183.384536270907
-1305.895688169509
-982.6599772109445
-1120.0510749859982
-1113.2556217547942
-1076.3720378916082
-1051.7315806908725
-1192.754695495281
-1172.7088379886998
-982.1394604839081
-1089.6888595385644
-1082.8149825484693
-1183.8308144564887
-1078.0968719140403
-1287.1806068801357
-1080.6204561365703
-1149.989975355907
-1204.1694631942994
-1217.8014120294156
-1073.5374770109331
-1238.6040711407702
-1034.2641536191948
-1101.1890252572894
-1112.752725579415
-1161.2397092195833
-1086.1034094513734
-1220.6362929273205
-1099.2373196791052
-1242.4200197065284
-1118.6189584177305
-1074.6184284161748
-1209.5322407090869
-1126.259901538821
-1218.144715269569
-1171.355255282475
-1162.4696698630412
-1020.5974461188745
-1100.2960183549312
-1105.771964761271
-1069.1470958940713
-1049.3128408413004
-1057.9241777257055
-1009.9721064141987
-1045.6865117719296
-974.3300541895453
-1018.6122395763612
-1172.7199659847017
-1127.397551185958
-1093.8527704222283
-1060.393181131886
-1032.2989808100842
-1058.0146809591843
-1066.1796617055654
-971.0338773614978
-1367.6200761800262
-1209.1658259924523
-1320.0850648884664
-1023.9491663559246
-1122.7243380262519
-1166.8614620588962
-1159.1591261380224
-1046.6207871393717
-1074.9692233351516
-1162.5374816255287
-1088.2136407523901
-1005.570173112206
-1087.7534551989315
-994.9406263032939
-1114.6149950063711
-1108.7062980449182
-1101.3386639928237
-1132.0509230699158
-1158.390023094837
-1180.219137697372
-1120.327065648042
-1310.6543079166934
-1207.182261437414
-1129.334892890638
-1038.802688169425
-1026.1508649111272
-999.3517137184541
-1155.1715473601942
-1141.6406844281798
-967.3110725038518
-1037.3539380752
-1007.9917315254222
-1088.2987884475676
-1033.0075073217374
-962.7335632340801
-1035.4591063270832
-1005.3412907241093
-1185.541772101536
-1299.7654577661713
-1091.535737215008
-969.9788545725035
-1064.9774641659485
-1131.1383947846793
-1289.7563029770668
-1033.3722249805785
-1061.3820552334248
-1001.6007116560631
-913.1292210388401
-1114.8056529231815
-1112.7312422425562
-966.632515024814
-1101.584186398876
-1109.556921012086
-1115.4087468936873
-1026.353689908061
-1140.799436422771
-1084.7574239131907
-1267.2380342570214
-1117.5561302663757
-1231.057852308049
-1139.5045447724567
-1055.316012330098
-1040.255280508599
-1072.9257518393101
-1117.7881766181063
-1043.1507495958022
-1152.3376071395335
-1099.4998627660104
-1035.9711817912623
-1050.5097514758272
-1036.2444612345585
-954.1289783405691
-979.8442860220729
-1059.6137403182177
-1014.2729593735756
-1086.893282755036
-1072.5100147922165
-1107.2585063587235
-1070.8593924905258
-900.8714887504715
-1043.2331946603783
-954.212310890485
-962.0827882366804
-1117.396160452112
-1058.940016150913
-1016.0375411727193
-1004.7785249787628
-1049.3640153696726
-1023.517524890463
-1134.65769484186
-996.8560564166917
-998.2466387093966
-930.4536794525525
-1042.1888745539127
-1061.0109021168198
-1058.9465271487732
-1008.959133488342
-1118.9456690113625
-977.5837252934388
-1125.4124377485687
-1154.316026947293
-1124.5269974018279
-1037.0085226908654
-1047.6249023478283
-1055.4210405282427
-963.3277942429635
-1010.9293147701164
-1029.704803677223
-956.7505870428834
-969.751730224037
-1106.1973289718997
-1007.1451985830258
-1080.9752411375878
-1024.3038925855642
-1121.2924878880015
-1175.3434748360457
-999.6853361314504
-1049.8372133617793
-989.6094565969329
-965.6429679168214
-923.2997886966222
-1035.7460563570935
-999.1633950436112
-1071.1404829627566
-1008.8833807550012
-1037.9657719083907
-1087.3031059736625
-1126.396649392528
-1029.5725448202743
-1038.5247303976805
-911.2569188574457
-1186.2644576984121
-1030.3088206052084
-982.7981694011652
-1026.574414396997
-1066.9794659823892
-1172.4030916017139
-989.6209348245106
-1178.9471425358086
-1019.2847415108605
-926.5473828092066
-1072.8800262176144
-1112.983606640138
-1086.6697169792385
-1049.710776209562
-1141.7251530035949
-1063.1684792404444
-987.2934844450078
-1186.3361705937589
-1288.134568812149
-1091.2116402898769
-1040.3194519076394
-1023.6061654763396
-1063.895770466576
-1000.319605382791
-1186.3485924141453
-1074.0900978030359
-1123.8631134376683
-938.9918570920619
-1068.7077166855365
-999.8735729984785
-1027.5699773661274
-1248.4042583232713
-1029.450090198749
-1054.0616698470822
-1010.8592837902045
-1090.286382506404
-1077.2475571631976
-1032.5015568464867
-978.237701663799
-1003.3414438768734
-998.5760431712678
-956.3916715918124
-1112.0922545764192
-1133.355369584305
-990.8754414330485
-1029.6604895319435
-1153.678688311336
-1255.1792829096116
-1087.0137034869883
-1045.7274221511568
-991.1381452246081
-977.1393401973478
-1130.3329001662198
-1035.7141840044585
-1195.7580794817072
-1281.3456581068942
-1049.8114291869845
-1001.5267486683011
-1087.3942956085225
-932.6579609527855
-953.9296411166089
-1056.599163419507
-1110.7941285859667
-1177.0541558923178
-1067.260790057942
-1105.6275746194042
-1049.833373143365
-1072.3209110441835
-863.017933803544
-1021.6982316965275
-1033.5389986275316
-1061.6928407432702
-891.4578519373157
-1120.202920728024
-1033.9030341393425
-1026.2940557619586
-1033.6262315901936
-1078.565268897792
-1138.2730238411139
-936.8616157257901
-1035.7247691829086
-1090.8844473105974
-879.2026310906168
-1066.6785556987613
-1068.3826845619092
-1067.1055516220604
-999.2147942705815
-949.6527333421116
-1000.821271116057
-936.9633138284428
-1030.6635569746559
-980.6895585708367
-1009.925332693572
-1000.4039239377136
-1025.2180742647147
-955.9076247605767
-1010.1088138492821
-904.0279140818967
-985.800502425572
-1011.9636960228964
-1075.8380168620772
-1118.3671826016555
-943.1710871426855
-1048.2340466067374
-871.2917585158831
-985.8851249840375
-1070.430527284066
-849.2770039566916
-955.6883622367652
-1004.0097169390251
-1043.311794695422
-1051.5673456866134
-1018.6907652871012
-1092.9374023888097
-1023.096390077419
-966.9230003620639
-1039.2151442124566
-1194.882563513957
-896.1353611673276
-965.9727855624701
-987.080183523135
-1115.6259371425235
-1132.01081105299
-959.2860783454067
-993.1575510740282
-1009.3533571525841
-976.2868079117811
-1101.9321969775701
-1079.2921845439507
-901.1622522033172
-1044.341661980024
-971.8186678815539
-1115.9513773634324
-1025.8362035100338
-964.7757855042025
-915.4742175521417
-1017.5638092288917
-1007.4051058683503
-907.6954137872646
-1073.0920457485006
-997.3560510470707
-1027.1787467461295
-917.9286010416714
-942.0932483265882
-1091.3775030105805
-1103.080201842547
-966.858978025561
-973.483281515945
-981.4248954467871
-1136.1655666034517
-1086.663175684034
-952.3009607818607
-1011.5383262292758
-1015.2139442793731
-871.8466025810939
-1023.7931727294547
-954.6193333785075
-992.900235324503
-1093.9843116186216
-1026.5507619198095
-1109.4246172086614
-946.3059941912629
-881.9669620554316
-1030.333273524003
-933.5811387304818
-1027.2861082689476
-1013.4168246174406
-1081.3188892648177
-1110.4597734509964
-1022.2472880459396
-931.782640007383
-934.0258087012307
-1207.6248037397072
-1026.1900671296514
-966.4541233819903
-1007.1083295476279
-973.7192821638304
-968.1773881370748
-1078.495076244591
-981.2653365036339
-1064.3160267379087
-911.7137435142341
-1120.7559059714606
-941.3176131627021
-1089.8920659141215
-972.4390837469768
-1095.5446730199392
-1130.4131231442793
-993.8707646160389
-1076.7220823205823
-1017.2197409230679
-1074.2425675330398
-979.6543952394536
-901.3340140632623
-974.3500294116131
-1057.6059896445392
-934.3979873286801
-1069.9995695644309
-1004.680662370788
-848.9532856108567
-1128.0064944801675
-936.0475120200808
-1121.2680012292249
-1005.1168326131065
-994.721996135334
-993.324747463196
-947.9907460098851
-1008.6886751470903
-989.842882904441
-1009.2622163166947
-1030.0672915391783
-989.5719815799433
-826.5005902580994
-949.0657120344518
-1048.6058730091822
-1009.9965655905925
-1031.3186895779054
-999.2750940116105
-906.624727779328
-988.065557112122
-985.783580652818
-1048.2418284374166
-948.6916763069943
-906.4995704795443
-938.0325360239855
-1088.7632861282393
-1018.6396069900744
-1124.225026863268
-966.5375527607296
-1050.3930675956344
-1119.913508926291
-1165.7366304224547
-944.8951250627653
-1031.6780952354577
-1057.39861104741
-1166.5631739270088
-970.7446770267044
-986.8743576177678
-1015.835057285232
-1017.4117336187377
-977.4256931907516
-1032.4233399341836
-1042.1012987457464
-973.763454645065
-960.276211229014
-937.3830730463728
-986.4757425327591
-956.5051982270743
-1130.0254313056225
-893.0226129097554
-1008.705783644949
-1024.3240078812757
-1016.7482382636638
-1205.9762809777164
-1067.8044844110452
-985.3760742628702
-1066.5403773315352
-968.2520143191509
-1055.0937503528185
-970.9283914281857
-1119.5752051850384
-1014.5175958642693
-998.1853946003384
-1005.3616528065978
-953.0615429410375
-1035.5223060263236
-1002.3710824410311
-1015.212180820808
-1268.871275730763
-1021.0200783860756
-1097.4805185909825
-922.5499937693702
-925.5251322450699
-1091.9812320568687
-1075.9165703656465
-981.9509406429474
-1097.161943302396
-1157.6595411364387
-997.1410271202924
-970.6749543774139
-1083.9418610362097
-959.2996662006974
-968.8656444517915
-928.5888204496961
-857.7995363602553
-1028.960369451849
-1102.3302137217556
-1139.6042023599232
-1008.3304303656128
-885.4063703302611
-998.4936480847438
-966.9974044649525
-996.5004583502168
-1027.6051288173937
-1036.1018527737804
-978.2895749710833
-1094.0850683052563
-928.3152449968676
-1012.281165633816
-1032.5450590952237
-1006.8472572712951
-1014.8364296314473
-1030.4444555835823
-958.1422712741298
-1022.1900567890183
-1027.7700880543932
-1027.365381063197
-970.3175890407454
-1034.9095701444464
-930.782350330069
-948.1205489011345
-1018.9692863673763
-1028.7325260261512
-1023.617057326619
-1053.1319913955006
-993.2785912637223
-981.2926771260261
-907.909279285747
-917.7537010261691
-940.2444563735485
-961.4560755001733
-1039.6673583418271
-1056.9827187258725
-984.1793010202273
-997.320706913062
-1051.6765939468298
-984.949558672093
-1097.204181511352
-1047.9091282909656
-923.3519634730883
-1124.0155997049428
-1005.7166333907892
-1021.9525648563412
-1086.0414331824627
-1131.5332337488676
-1091.3627768211009
-1151.7800727166423
-1022.1504929421493
-1080.9453770394027
-1082.8201066996132
-918.8273355046277
-833.0786532247703
-983.3747539856321
-1080.0006215638434
-1134.8344701631288
-1072.7253669687732
-931.6371852187565
-991.8497835882284
-1129.4270274464368
-964.3949257689017
-1002.619999590514
-988.9144209959501
-1025.8866080948062
-976.2503064499839
-926.948868100648
-954.4497961627341
-979.5116200331023
-1047.4935477849378
-936.5560071942841
-975.8716350066452
-976.8941781156304
-1006.8965142818929
-962.2160114594075
-1041.4061037428778
-889.1863664470259
-1015.8588053054248
-1421.915074406654
-1040.041375171701
-1058.348423994291
-1076.765083951213
-1037.7381530584942
-1057.1226802619633
-1079.590361419399
-955.1652283779569
-974.0690770547874
-965.9734775883585
-1060.2765791314264
-1100.920052749886
-1019.3266984419602
-950.3122444032506
-1050.0108800728226
-1126.0365016697942
-957.8824085037265
-989.9511126147245
-1021.3244983042165
-1018.2339268264436
-928.5351675343467
-1051.4740143309768
-903.2622228488805
-1085.578828623305
-1121.7461803489412
-1024.592056205083
-1023.9650407200209
-998.2273326440444
-1031.3363910972887
-1069.1174244703334
-1089.733267897164
-978.23702802159
-995.5130120846329
-980.5600454092278
-996.1540955724852
-1069.6142066281466
-1089.8269767915735
-988.2954265670576
-1102.6646662839821
-1064.467919627068
-1039.316731832298
-904.0719584632232
-1009.792010358848
-1016.8681914775186
-890.3943359510523
-935.2780229955526
-903.7221940514956
-1005.2430596015259
-1003.8879315651036
-955.944200104325
-940.8699827708936
-892.5745555057277
-979.2695680490574
-1032.9295475720794
-896.9163197042116
-1057.5943151848978
-1072.0815429007207
-1103.7580413381186
-1279.078168328797
-989.3390301512229
-1130.6052066122222
-962.2589474739813
-1076.2921430554616
-1005.9578439508523
-926.3824963280423
-982.7978210423769
-988.9613892558849
-1207.0147273812322
-998.8898622821853
-1078.8617120773995
-1002.3848149204287
-977.1621263679997
-1000.0735176266257
-934.9985570315717
-959.5301858520243
-843.4149782852768
-1021.166069561755
-1085.1192637999754
-1034.214234780462
-948.5099867362163
-1027.0080093913107
-923.2084670773345
-946.8429399843556
-985.2159960368833
-933.3949897050807
-945.7925520242669
-1035.5138956267826
-1040.2341255366375
-958.7557460268189
-1018.6879513417575
-1012.6807985930635
-1007.8177907072477
-974.4526097253474
-1132.094356000417
-967.1657130179569
-924.6810549945995
-1010.06789855916
-1045.8104764986188
-887.7237374921332
-1024.2411512207423
-978.5633957307341
-958.7616352405034
-1006.3253439850834
-924.7430068221115
-998.0018928490413
-940.3570830720982
-1145.8189053650208
-988.2709050857059
-1064.9244125183347
-942.4919456128791
-1023.5251700157855
-1069.1206038658747
-990.1701627764189
-1092.134862967971
-978.673387986197
-1073.0386185139519
-1067.1172264339898
-948.1940821980766
-983.005922615014
-948.820363405229
-1014.7433867456671
-1048.7251068082476
-985.7590373434003
-1021.3173458673043
-1007.163908310644
-1019.122842223782
-944.92324749768
-1033.009942172671
-907.1749837081368
-1072.1009088725652
-1066.639433077545
-1070.4244155434626
-1047.44079762302
-1097.8561704050335
-958.8170787306653
-1028.0995640206295
-1041.2855047703583
-1007.149819877376
-1078.9742525597037
-1069.498284734223
-925.6934590913188
-1023.5978161407089
-896.240854005877
-1030.911105772227
-1124.1539631179096
-973.6258961890244
-945.7856367373096
-972.4136262437207
-950.8554524152665
-931.0504507634441
-1000.0660719261717
-964.3810191700127
-858.9539526216953
-939.2020989732532
-929.5708215540108
-925.087743769812
-1000.3521549852405
-956.4374138183537
-1051.4933224286665
-1131.6525311486073
-919.3406880626062
-1017.7337766007839
-909.9392309562195
-935.9132094704448
-1052.346642490415
-971.1232907306097
-997.4542165882432
-874.8802257345043
-1072.8224298076886
-1047.9674268509957
-1053.0421030652458
-1011.2651345612868
-1166.0021987773932
-972.9365407423278
-1071.9674283366235
-932.4657055594802
-1085.400728017622
-1030.2923275106548
-956.8981864612945
-986.1536614627755
-1083.818736031861
-937.8422461482921
-869.0044501784973
-988.5315551544439
-1039.9689367233543
-1005.5404012214525
-971.4313570969265
-1011.6453268014372
-967.3905168629673
-964.9311541249439
-990.4496270874333
-949.0208174346465
-1024.0164642748769
-942.4946054583941
-930.6442757424454
-961.5363702622727
-1021.9013715773056
-982.4041527807201
-973.4901782354436
-1106.8800675230186
-914.8982909374314
-1103.9745845196023
-1043.365399320143
-916.6960558549687
-1038.153394690327
-929.3557587212979
-1044.9001215069632
-903.1159498652216
-895.904922698036
-980.7517264632464
-964.0035123810613
-1033.6974802568059
-955.722119365712
-1087.0309901852713
-986.7326136923934
-978.8787884231601
-863.6428737292871
-1052.3897183422746
-936.6838579146703
-1001.1321293152885
-959.28982300074
-960.1799673882117
-990.5023433713945
-989.4523776642031
-1009.8776764570787
-1230.1521991676052
-998.948477824132
-1103.687389729828
-889.9675241897135
-901.9702290646851
-935.719619304963
-948.546863552387
-1023.9602151497849
-1025.3594303689995
-1098.39963446549
-869.3146800727972
-937.9058708219238
-986.2366657520961
-1134.6093664725113
-1002.3773557604094
-1074.6275016936768
-1065.3764877647322
-1054.863380333652
-944.8622908838339
-932.6331186662204
-944.4232431202616
-1079.8122210010426
-1063.8806982655633
-997.6884686626695
-926.8481865842245
-1006.8726077669494
-1059.9062941095149
-1001.1283184473218
-956.1836482779819
-929.0970095143241
-1000.8496895657842
-1008.8934030796352
-982.1468571110288
-1016.3101105763476
-1052.0794430815379
-1033.889122118538
-941.090573211389
-1001.9554049106149
-991.3231567329003
-1017.2122803637783
-1059.669079514457
-960.5412686960494
-1015.472968718514
-945.8566205960502
-979.562672227247
-1079.8920119325892
-951.7732710440323
-1042.217425171669
-890.7143833173476
-1044.1259445647715
-1046.9507723259258
-982.0647252530707
-1094.627871993518
-1108.1532036640644
-1082.340043265844
-938.5589705247571
-991.5938609413932
-1064.7678332964638
-1159.9212579025082
-928.5194470702121
-977.8516258571757
-1048.175225348037
-1180.4570389720805
-982.1228600038843
-1100.6259439995115
-914.8164216048681
-946.0183202208725
-914.5266207379478
-1060.4810274671422
-918.4137584638964
-1090.2668060804951
-1041.3608489363892
-993.3357792891577
-977.7131490352182
-984.670668087228
-1000.0573555021899
-920.9878353211349
-916.1209337897976
-1031.7459305634868
-1083.9334980115905
-1081.8979441626575
-889.1052921318665
-1061.6750286933957
-957.0683141162741
-939.4856502866829
-1033.493524064911
-1050.3248840404588
-1035.5120439331015
-1012.634467684856
-981.5269060971561
-996.3753061587524
-985.0223757243774
-984.4354249801379
-999.1709571475265
-986.8713597163617
-898.4845513484769
-997.255658865925
-984.56049617742
-1092.3685320077043
-1031.430705610155
-934.686498540719
-897.0841306633321
-972.3627889482005
-1026.3056276380078
-947.7614486412442
-961.9533386853038
-977.1813168739428
-949.3870740212825
-990.1989663817454
-1034.9295682839856
-1075.2765996381513
-1038.5497065650488
-984.7129313726346
-980.4494048668129
-1033.2393504807094
-1028.9708514509562
-1017.6382245121748
-1027.1932275830163
-1121.031200007594
-989.0802579739211
-850.3948228540103
-969.8539173999211
-1002.4354885703651
-966.4607336011397
-997.9505075346831
-1030.6894964816622
-1072.2205728585095
-1056.5808977961437
-939.8054135947273
-981.2594668162362
-1006.3778970056098
-977.8913324186282
-989.4667824076632
-1085.6818551612378
-1151.6922388570185
-1008.6903529403701
-903.6143708871876
-1045.1828259776958
-997.5223858019607
-1062.8342643384365
-1077.441961931456
-901.7610388125055
-968.1517711428644
-1122.357449765702
-1050.2735212015464
-1032.600201541263
-985.2639824108106
-860.8235505901432
-882.5396423037728
-1090.9104013918516
-975.6004072790474
-1187.986442155476
-888.5397672118503
-1006.3553504838302
-1046.570724141221
-1001.9823404497763
-978.5373533620991
-970.3025645567805
-861.7707528264177
-1054.7822994914588
-921.2322943010375
-916.5365896414029
-1065.4140793063045
-986.6688468797239
-972.024623301387
-906.7979862146107
-1030.508079359851
-938.6296868875464
-1047.2454047559647
-1075.651996618473
-1011.6715693127123
-886.6628203633329
-935.015491874804
-878.0214465186807
-1009.1163688143782
-969.2736131769173
-1066.4723857823708
-1032.2681350232965
-927.551297029779
-900.3488957640993
-1023.9839024302278
-1030.2421633263941
-1077.778683037117
-1024.5824864559631
-964.7190468739232
-973.4521158431035
-940.435422007739
-956.3310300011573
-1141.4432339919663
-884.7829434412279
-963.749435938171
-885.5329615339091
-928.4458253170828
-933.9273789145375
-975.1867446738198
-967.790975933596
-1021.665130419591
-1062.7940550603373
-976.5631347926427
-1029.3000769330708
-985.7976563596343
-990.4564591838262
-1047.031164110025
-1108.9431724212914
-964.6885960119382
-1035.1338712204163
-1032.9621988998872
-1041.9102623156537
-1045.7668184346498
-995.49128841342
-1028.9355392117025
-985.5013019166689
-1089.0716988375425
-1115.4547442350345
-1072.5716964532937
-971.8785063067762
-886.8822823931972
-978.4727075129633
-976.9875804995672
-995.0524159343319
-980.4431495296138
-989.6142020813566
-1028.0997095036896
-928.2773082852968
-996.6400857420078
-895.0033512144075
-1026.2664760880048
-1016.7893484939158
-872.3581228783079
-1016.7533041946922
-1051.8980225083312
-912.8619288571782
-958.6119918217166
-1052.4181078424706
-925.6820940390228
-939.3128862334021
-1021.9428330255905
-1046.634491790807
-1037.860476937736
-996.1154250292202
-1167.334807646127
-974.4779673354742
-925.9971063287305
-968.8448494379795
-1005.3403863853333
-992.203109602528
-990.5087291660979
-951.9870551516435
-950.2977288861738
-1055.2345923744667
-989.8821847392921
-998.8849825670432
-969.9860549360928
-965.4917551429289
-1009.451336781014
-1012.1726136288078
-951.2209242535246
-970.7466036832342
-905.1845041744374
-893.4185038493268
-948.7280104730971
-1002.2538537092021
-931.8601531323641
-959.1390833800871
-970.9160917611441
-915.467350361468
-938.4851163756394
-994.2676924843047
-1016.0586310687933
-1019.8304950623093
-981.3069522123933
-991.41811348313
-1132.1701796694192
-1026.7743096773027
-907.3924842982021
-1023.2977150449509
-988.3098559100811
-897.2693988384195
-1003.197607895987
-1020.041592429199
-989.2248081607376
-884.7416296282107
-1009.826891021545
-992.7677209527442
-955.6822473861662
-1008.7692965944174
-931.540867543222
-949.8826588315869
-1020.4321466487585
-1048.6095628362339
-1018.6943239971441
-1065.0645504517506
-942.7668794835183
-1073.6136056724058
-988.9194184966998
-929.3230353569085
-1047.1395352949678
-931.4074623788008
-1078.1439071118289
-1027.730228674153
-1077.8955637237684
-1085.1286487041407
-1102.202544093377
-1002.4441924421217
-1048.4668553645402
-931.0361778696964
-1039.08845048367
-907.6181424494405
-999.6759739644237
-1012.8084476827889
-1066.377095840476
-1087.3891427004787
-893.2711333993162
-940.3340651298577
-1064.5066750603987
-967.1140274076462
-966.3350427571818
-973.3644397235093
-912.6642492432132
-988.6321915351557
-1033.7537328886556
-931.1736574258932
-978.344229837975
-1004.1916855363439
-987.1905336960281
-937.5453766653923
-977.7216140827188
-948.7886340330897
-868.3332568686202
-1017.5348797552582
-995.0377157408259
-985.8687145938837
-912.2633154518986
-1016.568432157236
-1039.1276415356494
-920.3169390212383
-996.6861269863675
-977.493081773536
-909.1317660574676
-982.2026106420941
-1119.5038592298533
-946.636011722541
-1013.9420091777338
-1027.6774525548271
-916.7085414430875
-847.5677807681038
-1073.2596132695267
-1071.9010886996534
-986.6809507427992
-1004.1136628109693
-931.7419286354316
-1098.1397735009568
-1129.2180528929634
-1007.8410721768789
-1002.0589967544054
-929.6432451394224
-1072.1155599360843
-1013.1374938049249
-998.6704973130506
-1129.5827401127603
-1019.1118202285601
-1000.2679456619774
-1143.866854124961
-965.1657757509458
-1048.805301764215
-965.8681746356842
-1060.134543669527
-914.7123496575779
-958.8016967579597
-850.2105885248708
-1022.0911946795918
-946.5675443631753
-1032.7618792684902
-1014.8784031441562
-951.2037393231026
-807.2881415997077
-1054.5515908893085
-1016.5160614316894
-927.0520350305939
-1036.0253019408967
-1113.8653273631364
-968.4680394808801
-821.1932200856488
-982.560814098545
-1092.8226730645288
-947.1759797839272
-1125.0847460130533
-1092.1391398300325
-996.5182126151452
-965.5913273335219
-1016.6802493474738
-882.7310089953323
-894.8042218267715
-904.0335700914824
-976.0046565698408
-954.3866047865691
-918.6420464292504
-931.1838204377193
-1088.0398735499596
-1020.325209584367
-936.8206053444702
-1055.1271233097243
-998.6799782084416
-945.0937609759903
-928.8968297825803
-1037.5864022969579
-996.9412690221395
-1006.6847477354842
-1059.0601572860232
-1011.2443316998812
-1015.4291167796898
-945.5692606147422
-914.7895232933172
-988.0436663753784
-1048.7241236598393
-1007.8497447322877
-1091.2321846018945
-1057.3840202515962
-964.683458100824
-921.3651657381587
-1103.5651749900635
-920.4151754807477
-849.7728905504872
-988.2708373814696
-946.7209638062235
-1084.1054660123232
-892.2064810037018
-1006.7756530643866
-902.7638757699345
-1026.1883865737973
-1066.2868858136185
-954.6270103512336
-1091.7301557123878
-970.5422773085363
-1017.1485192911728
-991.2919026789805
-922.7021939479207
-1027.7133300187581
-1109.8234463928459
-1045.8488476511561
-960.8100020613459
-947.4518492833854
-999.1821832969488
-997.2723537237473
-994.0037688171537
-1031.0536572206545
-962.7154067726801
-1024.8791207716813
-1087.6081259661285
-1040.0198094893312
-981.7291437668215
-983.4668039918906
-933.4677646828289
-1067.293607530061
-982.6254093456805
-1024.4124597350833
-942.4572950521
-954.9262226879074
-929.012791993898
-1002.6620553559766
-940.3617177616445
-968.4958646408861
-947.2437764411718
-958.7506927837442
-1055.7132799589608
-912.2860728153182
-1038.330308737266
-1004.6706093827115
-1021.2455118671946
-937.0668303884061
-916.9356258157239
-979.2182790037343
-1115.9342896907667
-930.3749110478996
-1002.3411600163653
-1094.2342228954383
-878.9455083077244
-1082.34898952729
-1024.8295985518616
-954.1054673164961
-1035.1853404448052
-897.3581369770097
-913.998842730684
-941.2545792992606
-941.9266534407332
-863.8580588887562
-952.9193126733027
-975.0531486915365
-973.3921877273182
-1020.2814826163503
-918.4310903021274
-1035.371979810374
-980.9069551295622
-927.5851162460259
-971.0941527130694
-926.7762056856342
-885.7020939308796
-1024.063853035013
-958.9698501936266
-973.018253541894
-885.3065510420805
-1012.5394336677706
-964.6198769956333
-1133.0390601084925
-1031.0039763471682
-958.1008752698214
-921.0810137074016
-924.7224316902325
-1035.2984073888022
-987.7765723272918
-992.2974500554132
-1021.7611800821844
-1074.4821862677327
-989.1237033261569
-951.2172336874484
-1001.064987966796
-953.9658030842128
-1010.9837944192093
-977.2620329292954
-984.2397064903954
-1047.486777929485
-1097.6632175495108
-1045.5418285650794
-981.6085941631006
-1085.4921004418204
-888.7348271352392
-920.226268678486
-993.5127977465961
-1044.7864411361054
-1003.9032228810921
-1021.6498759508049
-1000.2749772140778
-992.2724606460113
-1042.8307817081707
-1072.9393097488423
-1101.591434509808
-953.8032979015265
-1064.8860291178858
-968.9483330708307
-936.4596178711741
-982.5934354939506
-966.2650039864096
-1038.0369362389163
-999.1443110970882
-959.4002967206302
-1144.0491443180804
-980.6652390087793
-1035.2877266421501
-1041.9773046281389
-1000.03143651029
-890.1659544639484
-1011.969387714475
-929.1918514976311
-929.4654559346138
-880.946043657626
-852.2866730909296
-914.1204976481907
-962.6106003234746
-1073.9568077779115
-923.2894228822936
-974.0553381329767
-1050.2119544822663
-1081.2277163054937
-876.9502240050573
-1089.4551714288264
-955.6258411651608
-866.5890083428199
-1049.0547916701578
-1014.1540647493171
-990.1406826452805
-939.5484342346806
-938.4830721268286
-1022.9904521363048
-968.3296033055103
-843.5033122931071
-978.4723846996033
-945.6689688662439
-920.8223184124886
-934.9022972477218
-1022.8962769935797
-1067.239467761362
-997.0247481830486
-1028.013876357977
-1002.2193733352631
-963.7200090422158
-1013.1419879530731
-973.739322431905
-958.7285251038521
-905.0591833967266
-1123.0108933605027
-1030.0306645087212
-1071.7541956648183
-894.485261864458
-969.7574378453305
-1025.9273577124782
-946.4174797174821
-995.8125596019318
-945.7102838338346
-931.5464361748154
-984.9385336425123
-1041.6641645851587
-961.87879185017
-947.1403468460607
-994.162842599621
-1013.0087669273831
-801.3472202910369
-938.5773712910525
-933.0399631217571
-970.3814966491748
-1033.2583234751119
-970.9572773606882
-1035.2098356265867
-1071.5777936021411
-890.9499742399345
-921.8469026386545
-963.4108742606355
-957.2788504647782
-1007.786614395822
-1011.8885191026894
-871.4847297029547
-921.5201529730465
-967.0569020861067
-1003.6809800545542
-964.5803932523651
-936.8143903364075
-1000.9808373834987
-1037.594386766661
-1030.4688613732112
-943.5089325505162
-982.5276034994571
-970.5283060691374
-950.2928298733711
-968.311244011516
-1061.5375324065335
-984.2785111467516
-1021.0641183435038
-1026.3377947998408
-910.9185645933676
-915.2699429159079
-882.0962359631735
-1095.1404131526585
-989.0821663525448
-922.65510493633
-955.2822989961119
-978.334905228134
-977.4640720908587
-992.9706457790355
-889.6438531740946
-961.3721873403754
-935.0872641543999
-1066.6468025611698
-1048.6823252231925
-959.3013509985399
-1080.115071368532
-917.641706707069
-985.3455831206693
-1074.345201298108
-976.4808339993128
-985.9846705435207
-884.0426201834105
-937.971917103319
-994.9965852620066
-1026.5973016912524
-969.976673929943
-988.4369106342273
-1133.0902500476388
-1177.5226768256687
-925.8778355638583
-939.9920093827996
-1194.3719384329568
-1093.4919723630644
-962.1086813944138
-979.0225312500703
-894.0929411971239
-1024.3709646666018
-961.681536801598
-1018.588085267349
-977.4428200759361
-1054.2724993890138
-1141.924975869351
-1037.5856385483546
-942.2016300325877
-980.4625035866429
-1075.5278863713138
-926.9392994898592
-985.2017876730115
-825.4778512500043
-971.8615251597853
-1002.8195508867318
-1018.2440786557997
-830.320675529298
-961.6825026486036
-973.1628401618949
-1102.2862830393142
-1092.7144142671914
-1066.7060564372505
-959.6297449149372
-1035.8934701470885
-1000.4064319914991
-1128.9559693833125
-1131.6783955632823
-1025.264055186294
-967.0602479255654
-1014.4820854253906
-1050.9956296772011
-994.0281356392123
-1052.3697062519236
-1072.9607542114113
-934.3941370374373
-909.3253057723925
-1104.183326703992
-1013.0864820443317
-988.4750470763391
-1104.9940222034704
-964.9138280301404
-1004.9509611709191
-931.5947333398769
-1020.5542089560745
-997.8378761050612
-1026.1630383963309
-987.4491987461228
-1054.2805965510174
-912.3515036580221
-910.7419239290368
-961.0299420347519
-1004.0874391147353
-916.2862610395688
-1008.2736218487121
-1056.5934336019832
-1019.4304142705104
-956.7129499948402
-1026.4946114523486
-1063.368168965474
-1048.9935292402272
-1061.8323314264096
-926.7866271655698
-1020.0921426503642
-987.810701035244
-979.3517024873416
-867.7230811848044
-957.2588955618419
-1067.4219049918497
-1027.0059866982951
-1096.991786631494
-992.9984819083618
-843.0336175990377
-1031.6138489543985
-901.2781429880562
-934.2698979669835
-1091.6588544664442
-963.9677284720608
-917.0729819698425
-1011.2500888959269
-969.2190047604213
-957.2628311412856
-1101.8051434197323
-1049.5378443057016
-908.859614841688
-1015.5469970739543
-917.499163436412
-965.0892735763547
-941.6310368077748
-999.1713204045656
-1035.1911518346553
-1090.778015871604
-1066.2783781585777
-946.8427967165741
-1019.5033704158546
-1006.6174607257951
-1007.3292882961591
-1054.059743433824
-992.4500591780102
-976.8474290192648
-992.4431176588166
-847.133503342816
-1008.1440223141421
-1011.306717566433
-967.2810733154877
-1020.233574484279
-997.3684517460774
-986.0209657684601
-1077.4591046004107
-911.2348304814759
-882.6032013030404
-1067.7454128109582
-997.0932358840869
-948.2759484910639
-1029.8242212811556
-1101.3861334441624
-953.8481606433909
-979.833562785336
-971.1395591660983
-1059.9125329458027
-925.2794554977869
-1050.0944983782658
-985.8842507170674
-915.2230937826818
-884.3179527302041
-885.801961755751
-960.8388636969858
-983.0839951025768
-1027.6196260838444
-982.1601333241149
-916.0932996582691
-852.9417039278858
-931.5517227659875
-963.3498513823661
-1131.6641265012966
-968.7827331494556
-970.1418210085311
-1045.4712330596676
-1058.9509901842341
-1043.3849247425019
-1026.1400322160293
-995.3592671188467
-1031.1245667315225
-1038.861337267606
-1092.2301747198164
-931.0799677072031
-944.0593736449252
-1078.7393667839713
-923.7326306043209
-965.5422762268806
-919.2464141223517
-1082.5935477666594
-1033.3378184592873
-916.8309796427711
-1065.277157349178
-995.2916902960651
-973.1864189898068
-974.7597612299296
-1021.8433552672855
-1016.1835899398611
-1263.9739882557783
-918.4456830265653
-1144.973594335693
-889.9072621450208
-984.4285747977073
-970.975498780099
-1027.7681859053434
-1032.9823267420634
-1016.3221887113191
-1077.505661449024
-822.3908215255668
-964.7214894298847
-912.9736720262787
-1069.508496341562
-971.8058198433014
-921.4705136451763
-1031.7090518512368
-1047.9277421769898
-944.5171083402181
-979.9771967776503
-966.6530858502375
-898.5066267714315
-905.6049185960125
-974.8073953589242
-982.3789777451044
-870.4332928216772
-1081.2005911508768
-1086.4004208413903
-901.4985803174143
-970.497389390917
-1059.1677186500247
-1012.1800143357069
-994.0699542601031
-1002.0746232246378
-936.6018190291594
-993.2558341085753
-974.3552162977599
-1141.3690652220748
-1063.9475356969335
-966.585482038271
-952.6489039907901
-1095.977217475273
-950.4889605783738
-1104.1523641518527
-885.9965827071294
-832.7205994841194
-902.260262469242
-972.2469198032207
-958.6766106036259
-1012.5029310483048
-895.5942065961183
-1019.656214691032
-1052.0788166502705
-943.8109063480103
-1077.2072282305248
-950.5515017299157
-989.5837589137698
-986.8940184206118
-886.5727838314942
-1096.5521653925184
-1063.5724221527973
-984.6660468970695
-899.6841262892277
-969.1759321351947
-1086.4048303425643
-1003.7212859172505
-1077.3816173547111
-1062.151074478569
-960.3611306332776
-1065.4564074699372
-1044.8539495268428
-1068.6649956621302
-1034.595691367476
-1072.9874517629253
-981.5096498919125
-962.1841594113199
-988.152550525913
-1031.0989472075785
-1064.5259082255823
-922.0593456428886
-1024.221497926814
-1056.7197518142068
-922.364836829602
-928.6827799268034
-970.3398313817339
-1082.029098717093
-932.612419497683
-960.2724859498311
-992.3271016576341
-1007.8083729899805
-865.8663347379469
-990.7454997548939
-1109.5309805498086
-974.8732886371677
-931.6702709617456
-924.1696970216946
-1144.2864575987842
-967.2878575701319
-969.0698436737594
-901.9736199354901
-936.3764943539466
-928.0812923006014
-1108.0330052541171
-1017.9425033258848
-915.3064247075923
-831.8027829925826
-945.5890028152928
-1022.440617221498
-953.5461095548355
-990.2938723930622
-943.9894974891392
-1035.8988206915756
-899.988079243636
-1100.4142572026383
-967.056984327747
-947.1239889458918
-894.5751310034731
-1006.4891276536342
-1039.6285829881704
-935.9989971182015
-1005.0682642914484
-1046.8959262170647
-935.6584547817513
-880.0670811651374
-1068.186716718873
-1050.2530086708887
-992.239283853339
-1011.7710908238332
-966.1752685088165
-1024.300451613685
-1027.0723031622824
-971.0712251889097
-1112.6679948293538
-1097.9550695994253
-941.2275938074744
-923.9499578928737
-1045.6437557211734
-1020.6111935544191
-953.6956090176607
-1032.1675502102546
-973.7162476203325
-925.2523859646285
-900.9200920735408
-857.7217843322106
-982.3447380237455
-954.6959972659894
-1038.7433412263165
-949.9028528361337
-922.5531344846931
-953.4739181256363
-1007.7026997272422
-1021.6552912941684
-1008.8269937673839
-1007.1468882037295
-896.556078551058
-1055.6392144916895
-1107.628516523955
-1014.7227851619147
-952.8642744573988
-933.6760211472331
-1052.0201274093088
-996.4098122585917
-1138.3512430611331
-945.9978998646886
-951.3951818258728
-1155.0826743113096
-966.160791022389
-1020.3874840895091
-1036.7310161417495
-941.4825815674338
-1071.4648169290806
-1074.5182812704834
-1119.1128781202976
-982.7151961431881
-951.359114297688
-997.2199191516487
-982.5482656673319
-1076.2876553302324
-1036.787764173445
-972.1423575634403
-954.6827856448169
-1036.136514022682
-1025.4786137298654
-902.0174096632834
-961.7207182449184
-908.1226415416673
-979.5907147778911
-991.3990453756128
-1091.0876556791832
-1080.327414496453
-930.4357079829582
-1000.712177675095
-1106.7692902451154
-1049.3357454145555
-903.2147933731171
-956.979575695168
-1063.7901180624046
-993.0376739622193
-1014.2378933412122
-1010.2710841410766
-937.6976083977031
-970.6913372241404
-997.2382475931829
-1023.6435200911667
-1068.2341106962483
-1009.5265752898413
-954.9720558623003
-976.0653036064432
-959.1910003550831
-1090.6876727711826
-960.8611036761395
-970.0715559225825
-1055.8337579909107
-969.4191966678046
-1011.1624345874004
-970.2954929792257
-1006.0307081281583
-1073.914811373936
-909.3241305419441
-995.0185807905544
-1016.322444471831
-1091.8318880384138
-916.3517786775127
-929.8708236528485
-861.1243892775212
-991.0143202383323
-1011.1394970386709
-968.768166465796
-962.7131996781873
-947.6064570121365
-896.8773633781199
-1014.4249058655204
-927.8284496043567
-976.5091705426812
-1018.864183119817
-946.3645754703368
-1015.2238603536107
-923.9109233607478
-1013.740000014862
-966.1946147082394
-853.3381819983723
-1050.7728298973818
-919.9394121227195
-990.0782514213297
-1072.2387660631412
-1003.6091415406038
-888.1843234961757
-870.1437895790854
-1006.6162723116585
-1094.4261624639614
-957.1756268570397
-926.7242579978474
-952.0064117025083
-982.6782158248626
-982.6858569449084
-932.3313745050655
-935.908102624054
-909.8235729843836
-1030.3859114381075
-910.3713635078581
-1035.8359092077674
-997.1706397772407
-973.3503447175672
-1004.019564440458
-938.8083832151588
-1040.8436714936697
-1012.4024274288851
-948.7697632618823
-969.7103104027187
-1064.2926907996086
-954.9891572610045
-1001.2577001658763
-939.0572945022167
-1021.3666859609443
-964.8082740425313
-969.8082577346524
-937.5730977913524
-843.9565613062185
-1009.5228436567188
-979.1393424940877
-1079.7303147031128
-1097.066460931977
-1004.3283283827409
-1007.5279667137431
-1041.471575201707
-996.2553066140056
-1063.6321458417951
-943.9776863484309
-1007.3632437968862
-943.2024149317742
-879.2382977593728
-1019.3861696111171
-908.6629363881907
-1005.8159850955878
-1017.0846321299879
-1009.6008339767021
-939.3304275336346
-917.5306898670286
-998.1761332748378
-933.0580798427777
-922.9180035077677
-933.1691086805317
-933.3981445778778
-964.4046360290488
-974.1196021093913
-1046.2587691688423
-965.3593244534234
-1019.4096120058182
-962.843256335737
-926.4036414492526
-996.2074333941488
-994.2516271638583
-1063.6913226087008
-1007.1497911871315
-974.1714013476959
-942.4479678801384
-872.2014370162868
-985.3254406706715
-977.7572548573028
-972.799970180126
-1016.2006865786801
-896.2899718018404
-979.0196650232449
-1120.4156074285477
-962.7561388990348

