-3379.4986732914294
-2709.9155350835645
-2901.8248792386607
-2802.3425127920914
-2245.5550997527002
-3943.2987457667546
-4115.13033813255
-2732.2502299382377
-2591.9613246288477
-4116.440236480466
-3971.596294614902
-2854.4434251664225
-2094.748360244013
-2298.4260506452247
-1857.5680410968548
-1684.5820117900273
-1535.72456267306
-1587.6864337909574
-1503.8488932176995
-1732.1417833003227
-1878.9060020879865
-1507.9215308026087
-1592.4579361939404
-1555.7810957656664
-1705.0474356212167
-1883.9813494745865
-1570.6474900281553
-1684.415490929173
-1786.8232477963404
-1784.3902937859327
-1391.406361426598
-1562.0433302445888
-1598.4754918249337
-1505.0988304031014
-1574.4280571100098
-1729.1302976687589
-1300.6938783997343
-1280.522335285395
-1376.4971961259098
-1526.6725877608899
-1630.9971145262539
-1565.5928226854994
-1741.894361470885
-1588.1599717641502
-1419.981920791492
-1505.5321410962142
-1685.3917741661182
-1515.9287400120256
-1627.1194229182481
-1347.575309966578
-1490.0574042894314
-1655.5991765287772
-1692.2657226620897
-1374.944729359825
-1447.2377775707237
-1597.1724282583787
-1324.7402557520345
-1266.600617438939
-1441.0212908204467
-1485.9939183632996
-1421.3061070103186
-1454.2669843118845
-1435.739067291939
-1566.177858891968
-1545.1512990481015
-1426.6017935577302
-1387.0537556125628
-1323.8055286064682
-1537.403928952882
-1451.7234383550622
-1567.2548241503025
-1305.533214531124
-1441.7774318439456
-1409.1927376732783
-1409.690865348574
-1544.921474144102
-1370.586256051775
-1443.1331384188265
-1522.1119071329188
-1366.377397316512
-1656.344541321084
-1465.628857611974
-1446.9716126777992
-1602.9003017492528
-1291.6146516703723
-1574.0255999230299
-1353.467395956243
-1225.67259017804
-1210.5965436526585
-1525.3931955106975
-1481.6651810804206
-1628.0007083839675
-1581.1233016858387
-1294.857251094735
-1309.0019563385085
-1605.2778894806097
-1430.486395650865
-1313.937226656399
-1307.0706486573067
-1400.6251311005942
-1236.6424651441023
-1316.7242266362773
-1376.8370193000414
-1576.8112876787136
-1163.5066639652157
-1517.2294896049489
-1371.9283564061197
-1470.9697897685755
-1209.3514443926151
-1429.5822600928686
-1574.1956349163565
-1329.8969439391612
-1434.9424769412126
-1458.5723696937873
-1306.6919101889134
-1294.445541016949
-1369.0639940825743
-1288.722875004537
-1242.9262448929007
-1272.7141949726902
-1499.9672452741245
-1376.083806622023
-1290.93127056346
-1502.1912896677588
-1489.712754396635
-1380.5856547159192
-1342.767377946341
-1237.9661978282143
-1334.6289145899577
-1283.3615632468766
-1372.4716607629432
-1582.9998306560547
-1574.2802984536766
-1415.003585710099
-1287.348073064527
-1314.332667517958
-1292.551500151012
-1594.4502619081968
-1287.1412854506384
-1572.3872153586942
-1349.348645913411
-1364.996212673461
-1391.7886942640826
-1266.1659750162144
-1559.4755695143685
-1337.98580893589
-1289.8882330779552
-1581.7955447832055
-1430.2547412855927
-1464.5638473555587
-1501.7936370828427
-1310.6331534728652
-1446.006958134101
-1357.733657163791
-1416.5582562937996
-1533.972002027016
-1317.5989314647315
-1357.7181051851235
-1235.9802903155414
-1313.8055070160638
-1412.5699502350612
-1498.348386171042
-1247.4219636317116
-1421.459915334381
-1444.093977786164
-1285.9080954710016
-1431.4711710959768
-1625.3534365704888
-1596.59494424479
-1470.7048770694146
-1417.5977528025996
-1430.8847873459133
-1434.9299529590305
-1250.1692633039372
-1443.7706611028982
-1453.3632050605374
-1428.1395357144538
-1411.102788437861
-1375.5019794163472
-1164.0317734698417
-1614.1224781706987
-1361.6298446392998
-1298.5500319444052
-1154.3696172950768
-1400.8961380157539
-1520.4681356287547
-1330.4014196909084
-1520.1512044029137
-1179.6276221920257
-1406.717720636379
-1528.4326651177262
-1409.9114762633817
-1507.8453109930072
-1478.565328757334
-1143.7218201951907
-1271.6301295279843
-1361.5965461228582
-1449.9055867182683
-1304.8627426629243
-1575.2214574925176
-1353.3870412122806
-1621.026814635977
-1228.6695171112008
-1237.8588074290137
-1372.9606785925544
-1278.878686868411
-1264.574686886585
-1504.8788575323474
-1196.2855353517093
-1355.0411587214044
-1217.9689070111012
-1238.94971838178
-1384.4253357412642
-1326.4895320144742
-1494.9462853382267
-1200.8267347503022
-1232.3175300976563
-1483.5003505744971
-1559.9470752739246
-1323.1341852086523
-1383.4358845491054
-1244.4891822078966
-1357.6715001371704
-1440.2855923127504
-1275.538060779384
-1230.2928642615361
-1246.9751964441123
-1381.91627246183
-1261.684132285241
-1356.7303387912125
-1155.1475481788764
-1394.655348109757
-1349.3251738992903
-1163.4250554911794
-1348.8580873828214
-1324.977859757614
-1409.1175789520712
-1291.831585706152
-1362.4248406521501
-1286.1457314903023
-1420.3410251682783
-1258.7760203777757
-1354.2149799626209
-1461.0166502038128
-1312.7001032530748
-1285.9761607446244
-1395.5602068465323
-1296.6841361911797
-1282.7127194844675
-1260.7982379093698
-1270.7471197000716
-1222.2639310354248
-1386.2591618874183
-1317.881752622039
-1311.6316474478506
-1241.5299416839375
-1262.4590305122065
-1329.1015987329822
-1347.481890044961
-1446.1251372245347
-1368.879253211644
-1400.61242327463
-1299.2679866816918
-1359.5114140334108
-1319.0894766634733
-1390.4021048270872
-1220.7932204060096
-1326.337492255455
-1324.7232609125929
-1423.151502905762
-1474.515592260641
-1418.0825915418366
-1314.437567586378
-1160.416504952525
-1360.3160339816905
-1335.111387095868
-1113.1563057548021
-1333.9337792059764
-1279.5375936335681
-1305.82384044204
-1264.5731077317887
-1315.204480182487
-1170.8351255728085
-1326.588607805783
-1467.0542948911952
-1249.435514862368
-1345.4403670956142
-1200.8126122909287
-1422.2243980591238
-1454.1856383070153
-1330.11622613234
-1417.1932461325903
-1468.1812431599674
-1334.2909150264577
-1425.5354599760049
-1343.4970901895845
-1279.0519561144893
-1218.9208191108162
-1192.532911938852
-1299.6579614312104
-1360.0372443248473
-1415.1511696403181
-1526.026820509089
-1256.580133088033
-1422.761174910961
-1273.260155939545
-1381.8453411792643
-1470.0136486757856
-1226.6806256421587
-1452.9467238447874
-1442.311894019085
-1474.550782176886
-1190.7382249285597
-1196.3773144652362
-1281.7542780489437
-1330.0257295713536
-1346.3956689030883
-1241.730087962249
-1241.108312687049
-1207.168058134052
-1292.6835240304451
-1286.3792674895465
-1217.6000679915487
-1282.000557810934
-1342.6804486781382
-1117.1443587270012
-1328.1453170322168
-1222.3185782390908
-1591.0872211282988
-1431.03601789931
-1266.8985867264496
-1354.6323557469946
-1319.8785025354055
-1418.498315552587
-1345.8063804209182
-1257.8097088927307
-1246.5393174731735
-1284.6492935821957
-1270.0169395715209
-1345.1291035742495
-1300.6264852622498
-1293.408197871641
-1209.424002983711
-1473.104292379479
-1209.240885567835
-1412.6851832058414
-1302.1056307719782
-1298.2906764535446
-1274.1561063866627
-1289.5859900182465
-1367.2799813104957
-1517.8529394653053
-1285.6448609122
-1283.8605410093814
-1282.413398451905
-1285.4657276231758
-1442.8205097083046
-1289.787506916328
-1253.8944677935506
-1324.7730057311774
-1346.0831160937576
-1253.863072469112
-1124.3483359121888
-1390.2137275182376
-1411.2041398431911
-1389.7072469396862
-1338.446593198997
-1297.1595443904498
-1230.1377645275734
-1353.3308029259208
-1356.1391886285523
-1277.103337313741
-1496.98995701308
-1445.465091196842
-1391.054858777854
-1445.9742278377453
-1399.1696002516856
-1194.637858968215
-1294.6711993669253
-1369.0360206625753
-1291.720872749388
-1257.828589498635
-1482.9088742797671
-1310.742372639277
-1289.250997398331
-1236.2796988640544
-1294.584861053393
-1189.283702968295
-1224.7860911837026
-1305.7996043261562
-1681.1975097694562
-1397.8664970949912
-1054.1004497554948
-1297.5370270887645
-1292.5618370090604
-1244.0867437685893
-1319.0943820869084
-1519.285313364573
-1199.2696852691906
-1443.4134126255508
-1508.1815072078225
-1391.3213221253466
-1214.8370311426538
-1245.9676769272237
-1367.646862358387
-1255.2057189647794
-1263.6399383011485
-1372.0773769741631
-1351.610405859186
-1427.1184856485725
-1331.3669995737491
-1335.072233938048
-1322.7156508582864
-1430.3665556515239
-1153.6218120743724
-1194.729510917439
-1372.5179862536836
-1223.1736509619575
-1262.119280449101
-1439.66075140659
-1277.8513367084595
-1224.777530443951
-1466.6441513114678
-1553.0738686315235
-1391.9316417154837
-1284.5609726494213
-1108.4282063122978
-1152.8403603116967
-1398.222614458291
-1193.0248075057407
-1304.3295915611577
-1334.9206468828634
-1369.813362636898
-1336.9826369909597
-1112.9758008312986
-1337.88456932187
-1166.7330797917245
-1304.3184018158645
-1219.02390177683
-1285.656125911431
-1433.9331228822718
-1250.3690817220022
-1365.462397903485
-1234.2739712150315
-1295.0748877230735
-1197.1120586564648
-1231.4163269844316
-1306.7435429430157
-1221.77339253572
-1227.5687209518162
-1300.307363023244
-1245.198653523086
-1354.9676019082663
-1268.9047930925567
-1333.2570836613559
-1378.0709544638667
-1460.638240575603
-1381.12222738079
-1227.999593616576
-1279.7551404179885
-1249.7919796613708
-1506.6224506563963
-1278.4381827447362
-1459.6915156014386
-1483.7473288712467
-1560.73802487132
-1242.576137690062
-1265.4605479523113
-1296.9668646052316
-1320.2451497967156
-1268.1334598359435
-1130.0456399351522
-1149.78648164735
-1305.3202685373467
-1292.6049924817444
-1312.4840372600709
-1297.155955270575
-1379.1797757761492
-1254.7675254747628
-1349.1013169972427
-1161.4916501771615
-1532.281441140367
-1351.0271078520573
-1448.227993271437
-1373.6127909904021
-1313.8477344899907
-1340.6826030136576
-1406.290116462833
-1688.4584799394916
-1364.8214354165211
-1341.128981713241
-1355.7749711506176
-1320.4110425590763
-1389.6447751091746
-1470.213546674344
-1234.3776205188296
-1246.5038922903773
-1331.3469365629132
-1241.8922309042218
-1306.8440421367761
-1253.506675532276
-1484.1212645419312
-1396.4398867254254
-1182.431293469195
-1362.5490991629015
-1279.198796470807
-1340.851716744276
-1189.4283630099756
-1177.840740295787
-1134.4723719358442
-1201.5831902026694
-1245.0918355819308
-1287.986094835064
-1235.7361083984895
-1089.8996129512657
-1325.3238453260756
-1188.8757875375047
-1423.703397179922
-1221.0499872246146
-1345.3532442119401
-1273.68671239878
-1183.9933619929304
-1078.0120392694541
-1306.5559432890627
-1172.0527735720275
-1225.2582313842413
-1345.0503101780484
-1252.391363405094
-1241.6256319506765
-1282.415394936872
-1417.3697891952934
-1530.4702837960303
-1396.8722391680974
-1323.310077662215
-1256.919590899396
-1187.7375120857687
-1355.161148845358
-1332.1453584891824
-1127.9900256513902
-1286.2188358563021
-1427.948364389389
-1265.3264214303772
-1317.1975896092056
-1368.8224682993532
-1240.871661865801
-1233.092920802902
-1296.330904036645
-1307.7325769842773
-1383.4277399396024
-1220.742185444167
-1324.7271300233679
-1103.4536918526962
-1612.2948631923537
-1402.6066998421757
-1412.0834031905345
-1385.2657853329501
-1416.5364277692784
-1251.4280324786034
-1401.1416008569142
-1317.4982095966498
-1452.4713987439814
-1177.5705294334941
-1183.001387841278
-1318.002654819646
-1497.221200021555
-1425.9302828062237
-1181.2039357997276
-1343.5053645640683
-1243.3734100626762
-1343.68293071476
-1418.6294631351498
-1280.7783901884948
-1276.9543223408823
-1356.8996145877754
-1281.2536707793097
-1315.1970634592508
-1278.2872404118075
-1220.267100018278
-1385.193828977316
-1465.4781035951585
-1345.831668127511
-1313.6639086845864
-1221.681602005736
-1281.9040681563138
-1221.5039446220935
-1348.1392845797864
-1484.3957266899686
-1297.849926433778
-1318.885278867201
-1162.0927781899313
-1216.099941616055
-1351.6617030071666
-1311.6674401268206
-1297.5297788046387
-1346.9660688133883
-1166.030752971362
-1219.6485196435588
-1292.36276699358
-1255.6048661827604
-1161.3120820031286
-1332.7827373203381
-1327.5500369802664
-1448.8218587762085
-1239.6740933206706
-1306.0486513122387
-1273.422100518405
-1352.7079154212097
-1201.814067075257
-1271.648638090698
-1173.8798418431602
-1374.6774077665666
-1259.8657901215795
-1132.9553904778982
-1311.5838452790133
-1305.8823776065458
-1326.2584999545563
-1355.09746213395
-1204.2734928315083
-1407.7898647166103
-1346.0142860042815
-1183.161164768743
-1385.627958689426
-1240.0104961499665
-1308.2243074744074
-1391.735914107961
-1178.2437943495443
-1349.1310291964433
-1374.3308597020196
-1123.8172985651993
-1299.678925006558
-1147.981228884635
-1274.0151543018915
-1121.5046133687515
-1329.6806761091864
-1308.2130101500697
-1171.890304825866
-1252.8241362096126
-1198.9914186018352
-1211.5985962119826
-1342.8936752275713
-1254.491995049869
-1385.5259043419746
-1202.354744944282
-1215.7182967760068
-1263.9121035847647
-1088.9243190520322
-1394.2572354177855
-1251.2477167560724
-1232.179217457415
-1390.3808477089894
-1272.8143969117348
-1343.7919423379444
-1282.3756613193877
-1343.4475004590633
-1253.0367937340534
-1344.728558718056
-1311.5863539071604
-1332.6504031924696
-1301.2868187851377
-1160.6300530686683
-1283.5439969072504
-1292.1764658402865
-1134.8875045036837
-1206.0698655264466
-1292.2150288958992
-1184.795635426261
-1413.3938352845407
-1433.3711544538
-1260.7617555473341
-1319.640194648769
-1285.2498159586394
-1235.786158073832
-1258.503775533949
-1294.5197130185416
-1385.067505843286
-1299.8585485998592
-1207.5119843573714
-1188.2673909182624
-1237.886835115751
-1242.4815209928959
-1212.7559188875273
-1256.2988690043906
-1342.982249701251
-1284.3330669131128
-1132.5811651550614
-1271.9282455498192
-1355.5908220199824
-1338.6211518796954
-1236.3441287083165
-1131.2745893233634
-1292.023794398428
-1169.4333895130512
-1161.8945507782446
-1495.5489263227535
-1303.1054073632986
-1466.9551007283799
-1322.3251256669037
-1326.1447056514091
-1253.985047090793
-1257.8493353548342
-1259.0889363623812
-1166.5246380761716
-1295.0406767951508
-1226.3500832360899
-1234.0130350753573
-1461.0020199596593
-1202.7703344821102
-1232.937537380662
-1185.2849506468651
-1272.496761255004
-1158.149900869008
-1205.687823143228
-1097.8404871756127
-1365.2192170248493
-1148.6376406615607
-1365.0495928807281
-1344.8410261638733
-1274.7342836476919
-1379.661828725736
-1203.9931096867754
-1169.984718265767
-1329.8973542665046
-1330.2839788885829
-1284.6361902782203
-1364.0541807339227
-1482.120831261156
-1221.625769224343
-1311.768271169538
-1081.9670310148247
-1293.1048860247806
-1288.6992551588353
-1289.5353534350825
-1314.2008247243666
-1230.2727294293818
-1228.0879213555725
-1477.920949714834
-1247.434044583891
-1364.4541472697292
-1213.1360010287663
-1244.5330408817217
-1386.5200053155888
-1257.2809005979573
-1202.5469358353569
-1400.5177139770706
-1179.5875734436072
-1233.007920017425
-1187.8577827785466
-1486.4727188508996
-1342.0600796989993
-1484.2240323199467
-1116.5800683946154
-1130.705508877076
-1465.4540770367364
-1407.512018221506
-1224.2329971804147
-1172.123358823
-1478.2505920614296
-1370.2357414210967
-1255.1184135248723
-1270.4020808601172
-1311.6199919735088
-1161.8127339186924
-1245.5123653389344
-1231.4495744626997
-1382.8135505166097
-1346.8828307323108
-1201.10162000954
-1108.5494342195832
-1445.8522386371587
-1149.7216329437308
-1217.386045928842
-1275.272390744915
-1176.7718111328675
-1342.6360881823323
-1245.0240792975933
-1268.287347726959
-1158.9297255903768
-1332.1204823068772
-1283.232429746952
-1362.780585189807
-1304.9312288025242
-1181.4278762931842
-1160.2918499530697
-1139.8994945912189
-1310.238585658528
-1290.0207430745509
-1382.479963779183
-1199.6944314253694
-1314.9076909708624
-1401.838209548738
-1353.709573773363
-1212.3789873226895
-1246.1789811396065
-1357.2779218013313
-1200.210482576403
-1083.0208722479508
-1300.2774330080447
-1397.7429468880314
-1295.3791595845123
-1238.6456873020654
-1253.7486392896406
-1306.598090592233
-1218.7405150204297
-1305.1979480442642
-1260.328393072182
-1372.869926402991
-1390.0052283959812
-1319.123054100607
-1306.0152109657365
-1257.574051523371
-1190.2847747884914
-1493.044477054632
-1274.221377031036
-1502.387639523882
-1353.764569797688
-1202.2964227712262
-1098.2367158970162
-1254.371659171305
-1197.371308003377
-1246.8893933898082
-1255.973615313943
-1235.4845458042573
-1263.7009644634568
-1279.127540386405
-1372.38007186178
-1338.8367467452163
-1120.1405802726895
-1202.0663121224738
-1075.387717152078
-1095.699943867992
-1257.3908923338636
-1396.9122984635299
-1217.0883761890543
-1297.8314225788608
-1202.981293695749
-1149.65552168959
-1360.0926620145638
-1269.7664949537432
-1186.0666787476218
-1377.7079949349782
-1310.9651322976179
-1137.9362607652681
-1216.096972178638
-1248.052499474132
-1125.59250980105
-1097.858249457687
-1262.9999859576476
-1259.0780036741642
-1178.9498756376368
-1243.5944155380269
-1354.5091630268184
-1217.3636371980367
-1406.5947989045233
-1193.0780816120086
-1156.761896452132
-1202.792721187679
-1090.1953751303558
-1168.8264557407372
-1240.4872294131965
-1264.0455810409924
-1227.4369900424906
-1183.1947655362499
-1123.2247212486966
-1413.0225720284498
-1136.362395445288
-1096.334763959261
-1217.4500138907354
-1290.994242488995
-1223.4245347840367
-1419.998245530917
-1259.2245940537603
-1236.3956509453956
-1129.9665358043273
-1317.9296273192151
-1399.8883179753095
-1150.7178380614603
-1207.5380760351086
-1190.9162676032138
-1145.6973985015832
-1313.7623396443169
-1120.7449984524521
-1227.2975994042142
-1130.3494270697665
-1219.0290616773693
-1189.2005830349028
-1229.0056361628128
-1042.09778685943
-1381.7650100365336
-1277.899341027815
-1231.1997243533588
-1175.614898161434
-1276.0323035928395
-1299.9715796467026
-1209.9929758819258
-1270.3747071151797
-1369.1049899001323
-1416.5049955844788
-1278.637906910907
-1221.1648365703493
-1161.4539102418717
-1274.7890834384982
-1230.9271151012135
-1293.3605465622843
-1348.1611783439266
-1171.3537498559235
-1124.5583586426385
-1391.6797639925417
-1272.8848851255784
-1204.500868178308
-1193.0584059715723
-1267.3391932239047
-1176.665489689807
-1316.6875712264946
-1269.6654909120462
-1186.5671686754483
-1270.1777792431214
-1344.858971179472
-1154.4225344658987
-1232.3442459949424
-1152.927469532652
-1163.563804488051
-1198.2574988392098
-1183.4757053058765
-1374.2842287790136
-1203.4436838240647
-1315.9005942662016
-1230.366811871545
-1132.9405128101287
-1254.6089136019027
-1240.155648348745
-1020.2678725608856
-1183.5219599420059
-1222.4467417065941
-1113.3460776873483
-1254.164268873917
-1292.232299916445
-1148.6282625825197
-1240.4975019222613
-1181.558799850807
-1179.1004692994452
-1238.6517475059081
-1311.9011193736696
-1139.6277860352463
-1124.534810599799
-1170.052579440624
-1299.9811188392332
-1215.8487086556252
-1113.4172238252802
-1259.9198699206072
-1207.2551703715867
-1122.9174391955335
-1256.2067315564964
-1182.2145029548828
-1121.1238928509058
-1242.5524000904547
-1390.2095053370397
-1064.3241772226656
-1395.4499814903622
-1132.1610034265798
-1271.47341886135
-1263.3140753134635
-1164.8301934006952
-1192.1736016512011
-1081.392055066929
-1237.6362803780094
-1290.4222254692152
-1238.663332468026
-1327.0507091323834
-1278.8890933005862
-1239.702645933369
-1210.4908884911772
-1253.5287845152095
-1152.8375266150886
-1295.0379155190515
-1192.011903642776
-1232.970125315419
-1285.1445515815349
-1360.1722340917963
-1385.4817789592275
-1375.9452596451383
-1266.121690410374
-1237.9412483848137
-1242.0556156012694
-1208.1356818844215
-1179.9426465098347
-1229.1513639384011
-1239.7580716375705
-1303.8958099052854
-1304.7951694578373
-1207.5343729468468
-1173.4124842643514
-1275.868091783686
-1254.6984005793283
-1120.5519566684477
-1208.780223009781
-1195.707067652781
-1234.0096325932445
-1120.3999463652606
-1343.658056444475
-1170.0814358271032
-1297.7717438282762
-1162.8268230732763
-1252.048780869904
-1108.7660309313048
-1182.3903919854238
-1247.21172750406
-1217.8138806664504
-1096.9743131911684
-1316.3699506242226
-1262.8997350678894
-1190.7569823328217
-1433.8353553070085
-1234.8966635584384
-1243.9807381346861
-1087.8611029277183
-1279.3499289150077
-1231.5478979266898
-1184.3749681290274
-1377.9660316360753
-1330.271216040877
-1280.2825410475173
-1240.9213158460434
-1346.9120291776935
-1221.9023146162208
-1306.9179066420782
-1251.5107070681636
-1314.6247974962962
-1323.1659337993315
-1166.9213068895149
-1171.2481188690617
-1279.3719457277016
-1228.121332645174
-1261.435346546068
-1323.0162541702937
-1141.593437775263
-1279.3163929933737
-1365.8162554366343
-1105.3890242724024
-1197.888582658583
-1340.302959982718
-1186.4011899324134
-1207.6692525808805
-1161.8057695907426
-1393.948099135735
-1330.3321239146671
-1440.6884076143824
-1298.4036400693694
-1336.8276501855844
-1263.2371391407223
-1275.2808546421463
-1265.9362448483425
-1319.9291272293503
-1252.466414661763
-1306.3245213372074
-1153.6382364187448
-1177.8022916289478
-1141.1577453007844
-1152.6000955425068
-1451.6777922124759
-1122.2442875252489
-1314.2723037178787
-1233.5870537546089
-1207.5721388230593
-1075.0158287694896
-1199.022310882339
-1207.6023188904435
-1277.8414294447066
-1329.1660875064592
-1194.2437528801627
-1145.9977932244765
-1334.5884477922693
-1204.4363719677056
-1190.2612777489805
-1186.253697381391
-1252.5202920268484
-1122.7586732612617
-1343.2871101848064
-1153.3780143222684
-1129.0913935737644
-1168.0324136110673
-1182.6679093676764
-1245.0057232134777
-1224.8968639180243
-1103.7645588085322
-1160.3917786541153
-1216.9447046881157
-1335.1936444854532
-1223.1174574922711
-1147.0391269334784
-1318.837763961573
-1130.5444820803552
-1217.1398166053518
-1170.4107270880238
-1173.329037821223
-1276.9482291661104
-1339.6588131996577
-1212.2198816096136
-1248.2394203747754
-1266.454720245087
-1262.072492475942
-1249.7034812536604
-1399.7666945629487
-1092.7810458267732
-1237.255898451158
-1220.156998801777
-1213.82325946092
-1237.2942300333773
-1220.0605966668197
-1325.8762905582614
-1117.3494824005609
-1445.4219263089562
-1162.46111303066
-1214.8506043941288
-1172.5995702996863
-1207.89179758252
-1271.0908259952903
-1291.631574330235
-1416.7133020124502
-1317.9804908510796
-1387.9570123124631
-1224.001072915305
-1381.9455117493658
-1191.9828106637513
-1142.8905110669093
-1277.8156193432073
-1151.201634615945
-1284.5190447050936
-1403.2390720055928
-1202.841796087982
-1357.083012324475
-1441.946114581439
-1178.336297563862
-1254.72776206889
-1097.25554608368
-1269.0905783288554
-1229.0589357304061
-1202.3555536837162
-1236.1231192631367
-1279.0244730982108
-1294.1009471142515
-1092.1682676968878
-1149.2456718726996
-1231.144250113646
-1217.8398232073719
-1161.7195679238
-1172.5369547908147
-1223.8726495181368
-1113.6930404353673
-1197.5097318062883
-1194.733306813014
-1335.2176772929815
-1263.8664504481226
-1237.0740633567689
-1199.0638833077146
-1239.030085766806
-1258.0709930552093
-1328.0595729530596
-1163.7214617672305
-1179.4843374005086
-1230.481486818821
-1287.9446568946503
-1138.692544245983
-1212.1142868014228
-1128.7760764708246
-1191.5645198744146
-1304.5619838807106
-1423.5517189557022
-1361.9033159961818
-1123.636437743553
-1031.2859816380467
-1343.2710796966057
-1297.797726517577
-1333.1726014783353
-1124.0378033731909
-1211.140818797061
-1275.19983609956
-1172.9602069876237
-1190.7511967831504
-1290.1284114778302
-1327.0051358667179
-1254.6361743262414
-1179.4957861935525
-1208.069184385117
-1118.3278845430411
-1144.0198962196926
-1222.1172423834234
-1189.0845449090805
-1200.8244256817104
-1280.7659086382605
-1122.3436053831686
-1266.900051181709
-1164.3527792539546
-1187.4950581081332
-1267.4631414339708
-1179.5695813187274
-1102.2543706434346
-1279.8715556360858
-1474.3071179985573
-1286.645227253071
-1179.9934972180906
-1374.4924677487152
-1318.7489200825473
-1418.6782549239206
-1090.07378431124
-1179.4946559910975
-1305.3155569596347
-1158.2848185215842
-1306.8400086192573
-1332.729064565974
-1158.890778953123
-1269.1037180701496
-1339.6410467464505
-1144.1209820860201
-1323.022746963481
-1323.6592745439193
-1216.0151310835943
-1424.9479850713387
-1242.6267578601455
-1278.1913406228844
-1177.3466953610525
-1218.9642466813873
-1239.661039286645
-1373.668465026737
-1261.2901616115976
-1189.3266365252023
-1093.5816791568595
-1228.6411232059506
-1323.0474709146224
-1290.2516577748306
-1248.8619552175724
-1059.258204078933
-1198.7465632416622
-1118.5359911790752
-1107.5645982785184
-1190.4144769225377
-1177.9106921900725
-1449.1926039915654
-1107.7930696699834
-1267.5399058984074
-1221.578455409011
-1062.2984469856153
-1168.018111951507
-1212.2424723967367
-1140.8736386823455
-1386.4483595873367
-1258.7605982868054
-1280.4257540824974
-1239.294820028538
-1318.5450632028032
-1272.0601838912273
-1235.4553334360974
-1158.2346663663536
-1370.6562852220602
-1226.1368556055938
-1256.7617844539473
-1312.6877619828965
-1186.1860641630976
-1189.305785963033
-1211.9939233769883
-1417.6625814934587
-1159.541858267214
-1270.817374737493
-1347.981051168332
-1191.6679815381901
-1227.0484572678956
-1174.798164046775
-1277.8363834965337
-1194.5989868323186
-1210.4525688584415
-1246.3692376617387
-1180.9446615356744
-1076.8769328043327
-1353.8349219932825
-1388.818518681244
-1196.9913897161252
-1167.8647753508624
-1239.7429116910619
-1110.165492932475
-1367.6002492832636
-1219.9700395942639
-1469.3479497327353
-1239.4755896107163
-1366.7986927117392
-1080.2793172724382
-1194.5058408878003
-1129.3576403873021
-1176.6536474048653
-1279.6592458810585
-1134.5761286983352
-1244.0774209382416
-1165.2882390931854
-1252.1426391276289
-1260.7221320393955
-1222.0577290522276
-1204.7252616042474
-1270.3824811683553
-1117.6551664637161
-1363.3489291821197
-1221.3513998051126
-1292.7130036963842
-1196.06195793813
-1139.8119545624584
-1065.6347047656823
-1257.9653768859985
-1193.3456167615584
-1115.9920507315107
-1309.4333331556757
-1344.8557036222091
-1149.131116325647
-1220.7843275306757
-1272.6077794928856
-1225.7505885937878
-1184.9874665112736
-1258.7220117687864
-1224.445786758731
-1359.4648162871472
-1242.8680867669839
-1078.0293784334294
-1366.4184604335458
-1155.068384604146
-1361.1451643259575
-1255.4076206508353
-1169.2519613496809
-1103.1697239669843
-1248.6489715111734
-1092.130737599224
-1210.2760928111554
-1358.9986889760296
-1234.7400636287882
-1125.960917335322
-1187.252044903107
-1103.3542723544276
-1240.1686840274358
-1298.875999395396
-1095.7408636192777
-1221.2265507457398
-1349.2965000247548
-1108.8174514676332
-1170.5106844873198
-1197.8617065363503
-1045.6305895857347
-1261.0214266262365
-1119.1790287947626
-1281.464094454389
-1326.650870956806
-1366.8442224725668
-1151.18174155978
-1282.0083017580084
-1198.7484826737752
-1200.2380847965153
-1183.2256141618107
-1253.8690765658014
-1155.4100309333212
-1146.830920365891
-1163.4013311978892
-1206.4530243451063
-1149.8947042876932
-1187.5323988471043
-1310.818333434987
-1274.2856626109617
-1315.4425266740523
-1257.7612110336565
-1282.466334375722
-1203.3312401978026
-1301.7121661432093
-1158.9506253548625
-1360.5867693421922
-1290.076162406831
-1112.5311292382287
-1278.8460999978572
-1131.6917816431812
-1356.197138714978
-1208.2774299873897
-1205.685310403385
-1358.7396702476512
-1099.1599499661913
-1214.8124564757643
-1246.4293813266218
-1112.6598306598232
-1193.1658038925243
-1215.3278683088495
-1334.7915127675778
-1257.9969342077334
-1273.2659489037012
-1233.085631192904
-1111.3647240886246
-1246.8676873526865
-1196.6234624709737
-1254.0871173342691
-1205.4355985536988
-1243.4249456614284
-1217.6683816381767
-1183.0612314851426
-1279.1694681145693
-1167.5097715862828
-1198.437777074553
-1254.2409800913756
-1224.1160001451872
-1229.5409454557987
-1039.8404211985915
-1223.2483184185412
-1233.0713959803984
-1284.3768593600662
-1106.820350555707
-1192.2650415000387
-1201.3386660269623
-1293.8627620332811
-1298.1739531994347
-1145.8893904878169
-1245.6920306815862
-1229.3293284548918
-1164.0312453762158
-1280.6159843447585
-1283.5187306502548
-1231.7789145599177
-1244.7437423905076
-1281.9860761744371
-1287.3234461697587
-1140.5707510131738
-1257.2627635445585
-1246.1309609968098
-1199.4959335138685
-1275.3788949518957
-1320.4518434944373
-1225.9321575975825
-1179.2683712750936
-1293.7364978435576
-1200.314501604458
-1202.7453299123642
-1117.6700533692745
-1266.3936393312993
-1308.0477739256596
-1231.9847287622747
-1306.5252792240822
-1159.2659332976564
-1241.9926532907132
-1268.8607070740911
-1289.424045084249
-1285.677166306241
-1127.0396691308529
-1101.0058602416402
-1370.7054174910777
-1173.1255842863227
-1261.6653533850038
-1287.777464341733
-1308.1582842349599
-1278.6866274266079
-1130.7187271204111
-1355.3226792766598
-1256.5993616481755
-1236.132779883314
-1101.5672867190722
-1204.0420167198956
-1170.3243523556189
-1171.2432228222685
-1209.4434041282548
-1248.4418060350565
-1238.3010644931028
-1162.3067900346527
-1330.7538872222024
-1268.7083746794121
-1390.0122820627394
-1269.8274003374272
-1263.613977805148
-1275.501409082025
-1287.2475799300892
-1117.7350440808257
-1130.5913128340544
-1261.520090954548
-1221.0100208255794
-1205.1965061822152
-1129.599786672288
-1176.0618924013347
-1145.837797619572
-1182.7623780296146
-1167.1550355906377
-1186.3162618521455
-1225.5777776486893
-1233.5422082598297
-1109.8176287355957
-1136.6966361694076
-1164.6087137955662
-1239.4029921936758
-1192.43474545011
-1267.7422944596572
-1273.0638069780412
-1229.455573638219
-1280.6026665787385
-1312.253456645286
-1284.1440597462415
-1349.5827296582688
-1167.182208214995
-1191.8892539866956
-1133.7464942553318
-1364.5345368040971
-1338.2265039304643
-1170.9737382666062
-1198.7869702531493
-1202.032810769372
-1165.0647852204281
-1163.4288858798648
-1158.2562075082446
-1287.6752180805906
-1234.7481930333297
-1161.0403216214042
-1368.1106228081644
-1244.7069057495771
-1215.327364756085
-1195.2783143824704
-1258.277469919375
-1203.9908687769434
-1252.3750235274676
-1242.9447687656511
-1145.5452566887686
-1088.7844159195758
-1249.8338847331695
-1170.0903843468686
-1068.281822381463
-1223.683712792423
-1323.0992093256564
-1262.7047464038492
-1420.2427522817209
-1410.0942178884188
-1244.0325911866441
-1423.3294629022819
-1289.0879514124226
-1136.3404767365712
-1131.256350615318
-1282.49556457914
-1270.5986882054867
-1212.1178066450725
-1216.9408202398154
-1244.6369503416536
-1158.6038796183866
-1285.939382663596
-1266.275176101764
-1206.3269991041197
-1335.2938877869583
-1129.8196803079247
-1211.490354618881
-1162.5313361316298
-1281.1319281031151
-1205.5655812093135
-1177.8708838056343
-1250.9590444369785
-1226.948877170005
-1269.7776992374374
-1285.8081970593132
-1235.5418786564305
-1282.468846599194
-1277.046153153443
-1254.2970377539837
-1386.4669390890213
-1208.1018823504385
-1196.697423847261
-1231.1658109921773
-1320.7236692944734
-1244.178087011027
-1082.1774735805454
-1115.9500378269342
-1160.934027915048
-1268.7457669569976
-1220.4596527270362
-1233.2215581650653
-1319.9362564610124
-1097.781648920376
-1235.992815261895
-1174.2855337132046
-1102.2287695818732
-1174.0939393499561
-1401.5050205484736
-1219.3719028375917
-1064.9478333532513
-1185.746192891728
-1114.3900063834278
-1283.363510353098
-1396.1307991914618
-1386.3244487737998
-1305.7149163136594
-1378.6630394985
-1213.0692176875948
-1179.088455921745
-1324.9226993597451
-1254.0484871211966
-1333.7335801709808
-1285.2342596608817
-1238.947240545219
-1216.8876128842937
-1123.8325932930854
-1248.147719503422
-1284.8300060942472
-1165.021109667863
-1148.2881231056788
-1170.2772777800526
-1285.4908029751107
-1117.9531038579871
-1216.6177073254078
-1275.1958924338878
-1341.4644441386213
-1255.4786378887302
-1085.3327965796173
-1220.2620774640836
-1132.6819279187375
-1343.4493410968596
-1173.7022704893793
-1245.3003506201624
-1192.2927896410647
-1308.6153517855882
-1397.589801575618
-1236.4245662786875
-1438.9011601392858
-1195.0820623107554
-1317.7913269800265
-1324.9417426767482
-1371.3042517830054
-1248.9349579519114
-1236.7355917094746
-1194.4884111588285
-1214.0849825377857
-1279.517559548098
-1194.114195908099
-1246.841054356698
-1194.7691905830413
-1200.6212970385345
-1310.421001427425
-1254.9777059774872
-1115.716485508928
-1265.1646861338284
-1400.2842729845397
-1270.0924091212153
-1253.2261790527164
-1323.3902047889806
-1197.2504911167287
-1389.1271082532635
-1160.6839095893836
-1199.1875547598604
-1153.6258810366053
-1078.612136002699
-1184.4819239746137
-1113.720973000403
-1168.470335112036
-1176.7945982000483
-1239.2721084551567
-1282.6250909904797
-1131.7836148467995
-1255.3833146830043
-1121.9341153841713
-1114.5674261129661
-1240.039395815611
-1253.93516205541
-1144.5727554795585
-1364.869913167373
-1397.5650027354727
-1222.7357635828598
-1272.3376223721395
-1311.9974162158123
-1302.5625545172504
-1061.1442301654786
-1224.2547573445142
-1302.3244074291551
-1276.8064484311953
-1177.667832235295
-1136.1292855078952
-1172.4241566311655
-1263.6959567398972
-1194.2596251510954
-1163.7298836940581
-1198.3004114831565
-1211.730041050278
-1254.965076210936
-1126.6205542849518
-1206.6575123568994
-1203.456028383241
-1171.5446846632144
-1290.4804648525778
-1253.6596880611123
-1194.2685765770689
-1266.9010210022
-1383.1157608627777
-1296.0270844584893
-1112.3247181072384
-1303.4501917205262
-1414.094823992897
-1426.9363986635287
-1103.454011512532
-1276.9359989135216
-1163.4935589722077
-1148.3586118745504
-1202.4303652308845
-1162.2690192097168
-1228.9659822774486
-1303.2398278062822
-1114.520178052417
-1267.235438754056
-1134.2461289025625
-1302.5932251326558
-1359.9989655421623
-1365.3521977062067
-1198.808990009896
-1179.869961429801
-1277.888021725672
-1296.3262531860203
-1130.4077409762963
-1307.9337853315599
-1238.191568832408
-1291.9800270072574
-1331.4893080505815
-1207.0288947983195
-1218.0005874060903
-1196.0705430729665
-1497.5744357903466
-1350.452654142335
-1372.067241907284
-1140.2472427329776
-1175.087724015496
-1081.953056355903
-1306.0048838498542
-1137.8175655007951
-1146.4272302236006
-1238.37251911157
-1118.244961778751
-1015.1356430243679
-1293.2434485696149
-1465.7470244505294
-1294.5018940431721
-1220.51036364953
-1115.2638730379101
-1126.9111022405511
-1202.7680588103487
-1359.2319899918664
-1115.1655783604285
-1255.4257136109482
-1162.0044332677235
-1130.2781419583869
-1301.3580936863575
-1224.0606172774992
-1179.6277829177523
-1055.6374988536106
-1244.5645005645915
-1336.4250348496134
-1348.5075926710924
-1139.519440241292
-1176.291110303839
-1119.2263961787382
-1077.901136316468
-1121.9970820245594
-1249.7625886451121
-1102.4538017882994
-1224.4078490685051
-1273.579460528027
-1252.1349298118157
-1163.6976671953553
-1172.295857601122
-1144.8174515106218
-1243.1760690133965
-1278.1430425222645
-1287.9422760276377
-1187.45010768792
-1250.2648509778865
-1227.0868282223498
-1229.4148290628416
-1147.4423360619767
-1316.5485523984914
-1081.5482253649022
-1050.9340646291544
-1171.1406739896418
-1278.4064901462054
-1143.7032640510708
-1162.5494602343085
-1199.7024589134403
-1186.0996443393212
-1223.425099813216
-1297.0075467940435
-1252.637935123973
-1156.1175799718667
-1223.826184066499
-1244.6976535938115
-1301.5915720745243
-1100.8669380723086
-1184.6672019094203
-1304.1731974262086
-1296.1652161555712
-1334.0790286268593
-1212.9668054818633
-1291.1342951987367
-1150.1243670387346
-1185.9019804212319
-1272.1016675728729
-1249.2771000517753
-1236.2396493657793
-1272.1700657826586
-1132.0409764377937
-1101.2706829300225
-1120.669814220101
-1134.2497814846718
-1118.8942369539698
-1269.1227074288045
-1243.1888981576487
-1258.6576158327082
-1199.8139773419323
-1261.3257212431051
-1204.1601328414356
-1149.2642056408533
-1308.089111514558
-1243.8128075502655
-1223.1723019959213
-1234.805943724502
-1234.8909481005455
-1192.2412796248898
-1182.211546248726
-1360.4217649074071
-1140.538495971682
-1304.9208793681064
-1254.4232300417937
-1222.8855800191764
-1214.1194261659216
-1277.7126436087779
-1323.214153328956
-1240.3770335699935
-1121.8812662343344
-1167.8883309622877
-1341.6110445424174
-1230.175427275498
-1298.4256701972713
-1231.2366614511818
-1325.299904443519
-1340.0071521995976
-1153.5922348379906
-1401.5277730987991
-1243.4775705193686
-1312.301649569293
-1304.879984655131
-1176.3217142078197
-1250.5979815142816
-1174.206853104969
-1149.5191770883673
-1253.9593054120598
-1307.7604518569833
-1257.8746653745402
-1320.6687049791267
-1230.1925155000763
-1310.8818448539898
-1217.673197170394
-1199.7726285683002
-1295.1070046538748
-1230.8407915779549
-1179.6275686170823
-1318.7381240779353
-1287.063500521497
-1273.7501850923218
-1148.4123441788777
-1313.2730774608171
-1239.974722291572
-1248.8709376075783
-1218.9129563724903
-1368.1556212821001
-1170.7954385209957
-1229.6097419582943
-1240.5957702913815
-1027.8833500383507
-1120.0143647408374
-1241.0207139789918
-1272.698584275408
-1204.795897076281
-1317.1774880271914
-1312.5890158809025
-1229.8960474506607
-1293.1467660777798
-1218.6218748164404
-1030.6748429591216
-1279.0675857324484
-1428.7382801776694
-1319.1049566071213
-1146.6970011197916
-1311.3663571691932
-1053.1576608098
-1143.40536844051
-1415.1172239712696
-1305.9343272502356
-1255.884747236185
-1223.4860909012107
-1242.579568601911
-1334.361199934112
-1108.3978101160862
-1296.3893967758606
-1068.5859393085518
-1210.2532900889325
-1258.5039105792337
-1250.177720834111
-1201.4420597841342
-1299.773380732936
-1301.13661412065
-1286.1162520584896
-1248.5542040526045
-1294.6524141850305
-1143.6280589353487
-1187.183073075752
-1077.6943183041658
-1481.544114113355
-1265.9950666643945
-1246.1989855809838
-1250.529002272952
-1137.294942240576
-1056.3537770034818
-1193.448576306148
-1324.0147118344266
-1133.414881307838
-1226.553948428324
-1289.2644788262992
-1244.2466745438694
-1202.0814048951747
-1318.3686485623602
-1218.0840941128388
-1206.2191726783078
-1200.7058935331631
-1190.8441586920114
-1108.6896159360972
-1187.0268660628929
-1216.1390150299392
-1235.330640290862
-1291.5628699586196
-1235.613710773523
-1298.232049796412
-1160.5854530915462
-1313.3523452815302
-1254.8164492168114
-1211.9134370578845
-1422.197524393462
-1191.9306831386873
-1367.2965651816276
-1167.6197012380533
-1219.467349493675
-1178.8669106709394
-1272.1145048939018
-1228.4796563341024
-1197.4331225716626
-1273.3817808817103
-1187.8126238537895
-1225.7127427295666
-1212.2807757051962
-1264.2530128497049
-1244.8441316273888
-1285.2698710787445
-1199.5133356665071
-1209.5189612987951
-1040.2137962790662
-1226.874903628944
-1211.2939989931897
-1177.9528864785727
-1182.2940024513716
-1166.3150275081457
-1312.9709757659457
-1231.2109526048848
-1218.5641572698828
-1218.9671845275864
-1348.0362270210921
-1135.7021245605638
-1097.563082274637
-1231.354792017256
-1191.6895290159064
-1130.5126280861996
-1331.3279622124683
-1154.480715665234
-1345.893131141785
-1248.8487392535667
-1374.2084022705199
-1151.430196409995
-1182.1685378115776
-1227.0771853546964
-1238.446307547454
-1147.9137963373428
-1367.065334706519
-1205.4082117839448
-1191.5957968146556
-1245.0987651879589
-1163.730384299206
-1174.1919625015196
-1073.902916165347
-1309.0784498685937
-1180.6247947368383
-1107.055755742513
-1172.4361599453257
-1197.4398816715982
-1254.3379706497408
-1150.0618736219503
-1263.7775687476483
-1132.8470280642907
-1293.5724411510575
-1287.8944723949014
-1248.5919439780066
-1319.6615051322433
-1161.7894833680325
-1283.0318883612842
-1334.040066479196
-1277.5175515132582
-1267.7524242733234
-1241.0712065411976
-1190.067521593374
-1330.732126282457
-1205.7372186532255

