-1274.337033936666
-1779.1495212888346
-1777.1142025735962
-1159.0884859545588
-1287.079928340574
-1288.3564803565312
-1457.5833397593988
-1614.7204225632236
-1509.7581694972896
-1275.0605981214655
-2079.3642390666614
-1514.7612797729937
-1866.3339310985593
-1269.2564983515758
-1471.2518437622473
-1321.4692229494733
-1401.4598961864988
-1246.3778374669319
-1301.161042557522
-1180.0317375888587
-1087.4955793296867
-1323.2630618710248
-1198.3033510644161
-1346.2574846142413
-1144.6711734188868
-1255.1673987165434
-1342.1640846897496
-1194.7986563339778
-1231.7554091399027
-1155.6604545050152
-1159.0665315240071
-1226.4358214941376
-1307.8636190173127
-1152.7159495680053
-1099.0996050165895
-1089.609112887442
-1129.989493156571
-1158.6300410791932
-1228.668128333979
-1168.8316774402888
-1320.8024479604974
-1110.5388865625544
-1021.5944632100983
-1166.468873656559
-1038.1063365413831
-1194.405262381701
-1199.5913902389077
-1054.4156332139885
-1143.0549312005844
-1047.0444869431979
-1080.1590299147529
-1066.963525538421
-1121.4484538375923
-1097.2668514994436
-1078.9242405933267
-1120.887876455602
-945.903531376843
-1129.3800447341873
-1158.2732306745722
-1105.025033250139
-1132.6159124527496
-1022.4449023817949
-1092.4481067777547
-980.3605059805844
-1161.4352597642471
-1133.0860164686237
-1020.0213935157865
-1127.772644398283
-1199.9545197014181
-1080.3143345576261
-1281.9310676703435
-1162.6488512390815
-1003.495250506461
-1153.34657438359
-1130.640319256164
-974.7450642818768
-1109.2646345904136
-1252.4943213895097
-1051.3704034051398
-1144.0536307035961
-1129.9287153231696
-1098.3079587317445
-1018.6990905728134
-1082.3000943819868
-1246.6187825268482
-1049.74708709562
-1093.2005743854497
-1154.9203318963255
-1117.0623366071452
-1104.4321547441375
-1171.0786640603233
-980.5335815129246
-1165.7004369801998
-1098.9742744449493
-1158.701172672358
-1199.9808339944395
-1095.5669483325637
-999.1201671276527
-1211.1172059420628
-1111.2097099941454
-1078.088344139336
-1201.8074914100714
-1020.7642579643293
-1176.4783501627353
-1027.6621652850413
-1068.1826891991725
-944.4189061124874
-992.6020110911927
-1132.0606440667932
-1027.1418957757858
-1031.3613206034609
-1023.3007711952682
-1338.6321513150078
-1090.9105977832696
-1142.8920156249173
-1053.6453250930806
-1171.9180490697838
-946.5454611755126
-1035.8176210622773
-1168.5715919168251
-1174.0679301941698
-1029.5905609964043
-972.459291621676
-1052.4736106924986
-1079.307558227496
-1104.7306109868487
-1254.733233864386
-999.2427408155402
-1025.054661328072
-934.8882799793017
-1162.903487939875
-956.4981277641277
-1152.201431601134
-1101.9074104759188
-1182.9008711974025
-1146.1373408210402
-976.435095930369
-1137.1559601290348
-1176.440941734366
-1129.7284850077274
-1192.9894098896734
-1019.1660449761653
-1153.529471707715
-1143.6423827035644
-1103.869371673644
-1146.4346252627372
-1110.7596539210074
-1086.976707616083
-1118.6257604785885
-1099.0298195309151
-1118.3506578594609
-1121.379387082581
-980.9331303305804
-1026.844034427095
-1221.3996481924105
-1001.6774501690347
-1025.2010092754354
-1183.896493979632
-1025.7126596806447
-962.9039198264015
-1082.8834395081508
-1096.8417702907902
-1243.5008626297654
-1185.511824061717
-1068.7220074034935
-1222.2424789765512
-1080.2530654060383
-964.6958489496521
-1005.2021997600366
-1140.9689651713306
-925.5909827600442
-1009.9169474702991
-957.9769604839498
-1055.393350066182
-985.0712789652707
-1273.6928688538471
-1169.8737319062725
-989.2542534146996
-1087.2953534751439
-1038.6429954508249
-1107.991482201244
-1112.2085706265955
-1080.2807416840583
-976.5024967687143
-1077.8151844512267
-1003.4505555273727
-1203.2852908067982
-995.4282554615856
-1070.8951805023614
-1117.9116472805058
-880.2250042424273
-1192.0745468178604
-1029.4679299257955
-1116.343032221873
-1161.5994632961247
-1080.6018167459108
-1192.624218474885
-1087.1974288725992
-1041.647367895582
-1052.3406256290846
-953.3522639624493
-1215.6491603215745
-966.7426639035584
-986.0550911050323
-1098.7948575165103
-1124.7259855610127
-1067.887610655052
-1206.6502334099305
-980.3963946512486
-1091.0696654494814
-1117.5556212608271
-1067.4022324104951
-1139.8793025679665
-1152.0185326403373
-1047.820073741193
-913.1148291743757
-1123.3649532889535
-1334.7157452804147
-1032.0924641043493
-1170.6251439262505
-1052.6306617564494
-1022.12596593164
-1015.3796635334496
-971.0443437913796
-1132.2573924287124
-1070.1527415190021
-1100.1192725210196
-1043.3703564655377
-1126.030709932618
-981.6203950461925
-1136.3909724409614
-1053.4306077619747
-1172.5310385591754
-1019.9170948444552
-1015.1886955603173
-1191.2342930506995
-1003.9663676224211
-1176.5938636769038
-1195.9281391492211
-1037.6232490053558
-1064.746395083341
-1024.5557514966704
-1086.95153599181
-1164.688685711546
-1065.220927180607
-1025.2010199169736
-1030.8478802134134
-900.2252433931835
-1047.3201219868492
-1152.2275975155285
-968.3859019779641
-1120.0173933988513
-1017.6968306100388
-966.5756324099008
-1000.8132695563721
-996.8169247697473
-1084.5132896139385
-1011.5944732932368
-1120.170263322022
-888.844576832605
-1084.6783800363971
-1140.938705775104
-1037.5621821247676
-998.7399560077822
-1017.0487746104199
-1010.7273021649386
-936.0565754361041
-1105.7651136423449
-1077.017309029269
-1139.5772917121142
-913.0091475487864
-984.8043359607783
-978.9594815502282
-1139.605178904233
-1090.822655285608
-1107.538164369266
-1008.5304465829581
-1074.1198638243839
-946.1776246082613
-1046.8254454048733
-1285.3503414793895
-958.9998958623776
-954.4210626616301
-1003.4037525617811
-1092.2343755449717
-926.3751773859582
-1125.572411024559
-1078.2674086461602
-1046.4854689871502
-1145.164612529755
-1016.8537274294645
-1082.338254841456
-939.5648834680039
-1019.4497634164306
-1264.225562998226
-1056.2791412694737
-938.2627070808409
-1101.608896325243
-906.9171351095798
-893.0199303822064
-1036.0352996425843
-1026.3839207410788
-1043.4813810299909
-1051.6339666756708
-1111.320831043766
-1084.257245729656
-1080.1772624596458
-1159.3142075629598
-974.179156928565
-1081.1197461554827
-1037.7706815818085
-944.9461768825283
-1039.697016508887
-929.0098955538278
-1182.2859380010086
-986.8153210996343
-1049.9715541390722
-1067.7054463229051
-954.2629494832394
-1021.5355842276181
-1027.3425267153307
-1016.0848276931108
-889.1318026868353
-1075.098183869788
-1104.131661194601
-1115.8629041263487
-1089.0315931353189
-1022.8999610826709
-920.0945271269509
-1026.4078173883381
-1032.1855849744309
-1053.2695071504977
-838.8182264197469
-1041.9451626533623
-980.5376863537963
-982.6171028037604
-1080.5863531140449
-1070.4705329611184
-1072.0545372091542
-1001.8323147739903
-997.6129490283672
-941.8821621154008
-847.9356453562352
-985.4064000108947
-1037.3687270171129
-984.412422593263
-1055.8668637126675
-1031.2476203060023
-1043.4560688834738
-1091.5908569733801
-973.2201896472604
-991.8513136797699
-934.9759077070172
-979.6927013324521
-1014.0304200200485
-1027.025922823961
-917.2180037834453
-1049.771531545331
-990.5832463891447
-1005.1098942370593
-1012.5288355476093
-1027.9876415450979
-1154.503520328973
-1058.2838906162915
-1036.1589469317348
-993.1471300871461
-916.9975059135032
-1088.8492843785975
-1071.648229806373
-1022.3578204732653
-1022.0529682701197
-1010.5376268359153
-1000.5207046032787
-1008.5066031624181
-985.313752129774
-1201.1299935129796
-1026.1900611849126
-992.0278577310369
-1044.2167053745268
-1021.2690698414115
-979.2815764029158
-927.0601195137868
-1086.2198062227517
-968.1833135490403
-978.069697788583
-934.7482958318695
-1043.9145583359434
-1068.0860236623123
-1050.6734176615782
-1010.9551916243647
-1099.7056190483222
-985.2044770903278
-895.6079390755599
-956.6064515141552
-1076.203024077583
-1009.2128831353182
-922.0726165778841
-973.4541566075561
-1006.244939568483
-1095.5501701501755
-909.5080573451492
-1013.1452312305837
-938.1167843973147
-1043.3428586813095
-838.1444271654666
-1014.1040800075907
-1069.7385150094165
-983.6442276701625
-1101.9434253726863
-996.2332688105271
-1073.9112364368686
-987.2477948338085
-879.2040594095088
-851.8342334864752
-1004.0228977562224
-982.9007458322902
-986.2038767311653
-1032.709576775372
-1094.3562483805085
-904.1725631966386
-921.4889046558085
-879.04880391052
-1109.597584154919
-1192.3822689972014
-1023.3712942074686
-1075.506383762113
-961.1447181352831
-915.9716086118174
-1006.1941210785538
-889.7793135974593
-971.3415017562706
-974.8462258562245
-897.8847067181662
-982.5052545691079
-1025.9418455004584
-985.6973984557808
-969.5148349564807
-967.0162139495271
-1114.265335586673
-949.7940674744204
-1016.812331167213
-1097.9428209153036
-955.5404902491455
-940.4599682610439
-1011.5551063027849
-1006.9198996575802
-1070.7980386156808
-944.4084257304067
-992.3692796674441
-1068.672392947776
-976.3758389499294
-1008.1521266150376
-971.422624270403
-1041.6648720544893
-1062.5258486303014
-947.6159500313714
-1107.922244919151
-953.3561276848992
-885.428609310329
-1012.0843591564915
-999.9716590790241
-877.5598585869336
-998.240377749021
-1061.2988086509347
-897.3124473724012
-1021.666596841602
-1040.7899311965793
-1098.0038644823937
-1000.6617242346105
-1033.5919193350082
-1105.580245245218
-1020.3488243574429
-1023.1278018720998
-1091.538138477829
-1011.152676902764
-1154.2131656757088
-967.8242185786478
-1040.9924794516573
-865.3610029618608
-960.5524867649353
-1136.672443253577
-906.7046292346956
-977.4970640859683
-1009.8106603820581
-1057.8289191136994
-1071.4895235153967
-1067.4704569386372
-939.5429300834496
-912.4453719315776
-881.8421088041582
-994.7956963138367
-1021.8512648635642
-950.915373510183
-1045.405334654225
-1115.8804797513938
-953.3536041532085
-1072.505205871918
-948.3909650586081
-1014.825863782131
-944.3148401319172
-1016.8499109104017
-943.4749060142335
-1043.1987532320293
-1159.9949053741013
-1046.4009490883345
-1113.7470828034393
-971.048672882456
-939.9796870853652
-978.6621899336067
-1095.2066274400038
-1232.5916984720009
-955.1824995986537
-1070.9109458905634
-878.2949644678935
-1016.85385358115
-1057.8321527630285
-908.0522195025745
-1030.1087918276846
-1046.7356499487748
-908.8325657198096
-905.9425600952633
-1004.2481261238156
-1033.1465892696747
-877.632112162557
-967.3193638985653
-1030.9694199320595
-1062.8392019503985
-950.5232897402436
-1066.9312665758243
-966.6872558683542
-1230.0491376028635
-1017.6691346722977
-948.8505218662499
-988.0320291504863
-1103.792908219927
-1135.3729279076608
-993.768556177444
-1028.878486461602
-1079.8870864345217
-952.7155541892345
-937.3936367431045
-912.5402254981802
-1025.664060976737
-986.5367310017821
-966.3812054617949
-986.1841922116143
-1112.3483179666764
-1017.2975059039127
-913.3912172531294
-1135.1364853961707
-1055.2770803271765
-939.7702637985261
-1021.0984827203301
-1067.367330376382
-823.599677433299
-970.1369929029929
-1166.533252872847
-880.3909548824087
-1013.0604147451878
-1056.002202907341
-954.8466079010682
-996.9484373595311
-1068.5170681361467
-1184.1500054480118
-990.1472252881374
-1061.0865018111049
-962.5318024720175
-1015.6039744515474
-1061.563979738401
-1057.222019889184
-1071.119793194465
-983.5548907691957
-1066.3299876397289
-1126.1664845172327
-1226.1549376654725
-1061.622361097964
-1084.6377243906575
-900.3846745536933
-1118.1708018519996
-1074.0773003892411
-1079.4978399616666
-1126.2901613334916
-1020.8610367307223
-1072.0358329934832
-992.9597134455789
-886.2897282357964
-944.8772891184768
-976.2255010577569
-859.4135034724259
-1029.7306180781923
-1070.6223904909384
-944.3237749524965
-975.0679897667634
-924.2754381655704
-978.399404653826
-1024.3105208820032
-1077.8039380484408
-997.8781935199693
-1080.3024297911059
-962.1009428423631
-1057.6660161593165
-1021.1044961547534
-1100.326454994823
-1021.4831991918542
-907.8214590542826
-998.6876801646991
-919.3664412952712
-1098.584108895171
-1047.8527437092093
-930.2884996584377
-948.1813602297709
-1073.682760903184
-979.0009315485112
-1066.8139999802524
-1149.5187097146725
-1076.6867436694895
-1085.9900208012573
-1054.0034071451093
-911.104980592188
-1034.8318183510646
-1103.7054131446862
-1106.3860736320275
-947.6711426214428
-939.3736599143556
-1031.6807920796875
-978.3243427874662
-889.2092401667072
-1094.016020284049
-966.8363771207886
-945.066363274888
-1051.9464101995632
-1027.3296540410267
-936.8287464190247
-898.8060677010837
-985.8503721002783
-1105.9385604399622
-1065.7723480468158
-946.7250302244877
-966.0108674249142
-911.0105561146936
-999.0507077256934
-860.4236896087546
-919.3858282054201
-917.6170568990699
-1099.051386315066
-1203.1540763317623
-880.2117060995863
-865.2972302145652
-985.6350627042287
-1047.9472955744886
-998.3843733603238
-954.9314857029033
-1044.8420741143316
-1051.9015837986476
-1023.3094456749343
-994.3692314550769
-934.4484733872016
-939.3487152714453
-927.4793099371667
-1150.037232997741
-1041.1571669507634
-911.992722260369
-993.2830667664915
-929.638516002746
-1127.1139746328515
-1060.175866330266
-946.2297706116522
-945.7155394223148
-1163.6185060593612
-865.2943686307807
-955.8026701293193
-862.4524056763915
-923.5341879159328
-940.8511111624289
-983.2925799805777
-877.4730185983061
-995.6900851596727
-918.1895144886619
-1019.8501981265488
-988.4732893321323
-964.4663210911633
-1058.5440696191015
-1101.405167930404
-970.5351581802347
-1028.870873008009
-1050.559756210416
-1035.5391474702874
-998.7579205101962
-1074.230541054294
-897.7245940403529
-994.1146290872207
-1017.3953025246527
-951.6580796948643
-1010.8168329709354
-1060.6303145943937
-1033.0147451719706
-992.2651787759954
-928.8991049352841
-888.3945138762863
-935.1532141664443
-910.1283102503663
-895.5202456125049
-1030.9309838544357
-976.731792261935
-928.5785909747485
-1057.224942121753
-940.1698252711163
-972.9531997555052
-868.4845455682274
-954.5368086718327
-896.1328711739948
-976.7564851919751
-1047.2087274379783
-853.7710918589626
-970.0045967913147
-990.6749029002729
-1039.066033738391
-971.3590014579355
-1005.8282949453745
-985.6097678505774
-1097.2612807766347
-906.7033596892869
-880.8418171889307
-1002.5423596816229
-993.0940139496854
-1028.2071470160058
-1046.6038377878092
-922.8934037699393
-985.725172232301
-988.7892706619959
-1036.4551345964624
-1011.5087407331935
-999.9014053344608
-1015.8527241071811
-882.8011941018314
-1035.0189074660173
-947.2566470217863
-920.1815819172692
-934.1974551461085
-985.7621190308505
-1154.1751239197192
-1038.8680403804474
-1084.940995405893
-924.9636262968287
-1010.1390680666235
-980.2201417324434
-1039.3983419048768
-937.5540701096171
-967.3191384746286
-914.2377789239039
-1031.139731665878
-1038.5068683071077
-994.0967907897787
-1055.6724162915596
-1158.2211632720405
-964.1900813709273
-1065.4010504724529
-1054.8989689760854
-952.2625049285833
-962.8984801524297
-984.0833542401124
-1124.5654845932702
-1075.0502162887053
-879.1507328473451
-984.2538913993033
-985.4320146970185
-999.1663889577055
-917.6079646606528
-1036.700572129683
-1020.7200170341355
-945.2310411513365
-963.8951688615341
-1046.98875626689
-1006.4613871577319
-952.0411056995322
-963.348060201483
-1033.1525822008475
-1032.3624527845907
-941.8251756327918
-1012.1775505207547
-920.8617948535848
-1021.7963153973344
-1051.5926749762657
-1065.405289269841
-1137.9348255070609
-969.0905936151556
-1046.1465726244367
-963.5614522552073
-1042.1845927683937
-1062.8186232206363
-886.164565432432
-960.5597189832964
-1092.6771278698368
-1042.8656815084619
-948.7463171793815
-1004.5828149397912
-941.5200488088515
-994.7383000346488
-931.7919236565037
-889.801728235223
-1003.993014948378
-967.9483454297379
-1060.2538660430553
-1056.293532250447
-924.8345198455938
-1062.7498678947184
-961.3573707890382
-985.5949599251207
-970.2878232346338
-1069.7320167519526
-1060.0756576807682
-1074.995624698326
-913.8661732793439
-1064.1305273191683
-1016.7269300779745
-947.9566814842145
-1029.1098222432245
-1050.4481213989638
-983.5860565403193
-1000.2622424360746
-1028.219176725971
-914.7121270260883
-985.4486667720232
-1008.8576650669359
-992.1618415779448
-918.6601817243882
-838.8913963432134
-922.5776010402709
-1143.5252304082348
-1204.6505817926998
-968.6871791533288
-1006.3483695290151
-937.2290444721364
-962.8771669300393
-1009.6457934708138
-1018.6103279973042
-944.4342263393671
-1001.8413522574815
-1008.0317262283967
-873.6752053040574
-932.9900448035584
-972.1018829594183
-1016.534805636285
-1071.461990921185
-965.8698447310389
-974.322797604757
-864.1242117870373
-986.0885391649254
-957.3702831589819
-907.0490478634715
-1011.6456723769228
-970.4015367024269
-940.4553408718059
-1032.2505422666795
-991.6248044887784
-1090.5094644553028
-990.80451546121
-1102.5799978286161
-1005.3585559587657
-1053.4561712013424
-933.1418853158572
-983.2837732882979
-1090.4821881399782
-937.0119812308399
-984.1554524654596
-1197.6234573665633
-1054.4311400364015
-917.9849055787738
-1067.0460197262196
-952.8917595303566
-1041.3264146360275
-1141.1825730479634
-930.8229426977709
-989.2063210557814
-914.6324432199475
-1023.1877127549028
-974.0180674952896
-952.2014715742749
-928.9156700030427
-944.3188425771912
-951.6676641166653
-1009.9013192133241
-973.6530419139713
-940.7202529121716
-982.4707599918465
-961.8116169678568
-1063.2602155431462
-998.4226636200376
-869.5473938988281
-917.1281786044543
-977.2978574354499
-935.8476419412905
-913.6210071955218
-1136.6770162882337
-1044.9558889721238
-957.435485232211
-1007.700882544272
-1047.6888304099073
-1060.840191720596
-1133.0603602676974
-994.455017067631
-1016.2159988013861
-934.5098395557677
-1112.0369294166157
-991.4964616698453
-959.8465088897533
-988.4209762851765
-1014.0203585275407
-990.9149949390635
-932.3839640358522
-891.5951407642494
-1011.0839251010866
-1060.486990549386
-991.2026748282058
-808.4724878954601
-961.5259877274015
-916.3557706782635
-923.8095242043329
-828.1703565348888
-971.9422519066991
-949.3116046859718
-1018.6656579285972
-862.8437203572294
-1031.0236306453878
-1023.8063863179859
-937.1886769717814
-980.714381835413
-946.7613405885121
-919.71204740672
-917.7480575113831
-969.9298254280651
-1027.8088801934566
-1111.4999704850454
-1054.2887859333712
-983.2571842341755
-921.7230543734045
-958.276225999006
-1120.8623572993686
-962.729756757479
-933.4731578287647
-900.9858117263716
-1026.9695233401137
-932.9122790822616
-940.1785522907413
-1001.5722452018746
-1104.3425000071802
-1001.5599859295885
-1149.3095244054748
-870.2635487336045
-1174.1998948532141
-923.533643458086
-972.6233163863216
-1031.894487188543
-930.9320509961876
-1061.3621608231774
-1031.75448515818
-1011.0382490416882
-1026.9830623515795
-960.6542610403517
-948.2234072492826
-982.2637797354432
-1022.2614651033555
-965.1596398450067
-905.3600904751278
-951.785396774841
-893.6170657283648
-1095.1626027148254
-962.727873646377
-1029.3327699197987
-1053.6222226879456
-994.7198008391019
-1125.955365048424
-994.422434111276
-1037.287233892957
-1006.4331820262662
-917.4240880231498
-888.8686651349195
-971.9376709012017
-956.5205440290022
-960.230205663506
-994.1630475922876
-1029.5310197077656
-1025.0525278423597
-1001.8409587185424
-999.3128199947935
-955.5300804207949
-960.3780159413993
-1015.8730577261174
-877.8306105335037
-1082.195453717875
-926.0763306434537
-1021.7726437225118
-1027.1930160375816
-1120.8235033597384
-945.7974376582397
-916.4615664898565
-985.9436451501348
-972.5615171707632
-1069.0945701623252
-1036.3034506511867
-954.9533605406975
-1027.7278723953182
-1059.8315196709748
-1081.8017311112474
-1001.3243978928915
-920.0859271694005
-985.1412286944166
-910.1041270701238
-958.6236122656364
-896.1562833963634
-904.881640017741
-995.0657605701333
-976.5751978107947
-1027.7639713142785
-1058.0433728581622
-973.4211717764933
-908.0242788872935
-968.4032852697873
-1110.1840744211554
-993.1823843850171
-937.6968495317315
-1048.1813931687163
-875.8489866349438
-929.9836840029359
-1052.8323666344825
-983.9318310430855
-1023.6242248205996
-857.74475866234
-905.8250864050692
-986.7613116107827
-998.4543890138583
-919.8161617376652
-925.9997505237325
-1013.1621680122834
-935.6944009589995
-1039.661055796715
-945.1825744494722
-1018.674504533562
-987.8638548688788
-941.5299367603086
-892.9361428448028
-1157.8481465995794
-951.2821510200683
-987.2978664971363
-1018.3120437391582
-898.2519289529941
-919.9085646581215
-953.4834944842994
-1023.7233631157528
-920.8207462629283
-1024.4435102761279
-1024.0627748592503
-968.5797410352845
-1015.5979567678783
-931.6793873212625
-990.8988669147703
-926.1991461153489
-990.4292620117715
-958.3902931303783
-861.208377340447
-1010.3017397674595
-945.3630621654105
-1003.1030483520589
-971.0470646196272
-952.0865586231166
-978.7021588483782
-1020.7968397802258
-986.3549122907893
-1007.4980927301143
-1062.7919637452171
-846.3861966425765
-858.4747178662803
-956.7972664105349
-1004.8079990571373
-930.4976285012691
-921.4181908934223
-944.2680533435869
-993.7593195845786
-956.7237413982097
-1012.1753517114431
-992.9882912138286
-923.7859562854014
-1045.3196350537216
-1019.1248087678355
-1030.4357609473868
-994.6606362986364
-848.1031310852137
-978.4306504383836
-976.8094178708869
-911.3427712748157
-998.1324594760597
-1034.4349579528111
-938.6424314140156
-952.67014633946
-1004.1751842649105
-985.7729386022895
-996.4187732537114
-914.435232669425
-1017.7837387438774
-929.2055682660285
-894.5183388279343
-901.4698687083456
-1104.8138042521964
-1107.3602662268
-943.7500658229869
-855.3341667724877
-944.8117247643469
-949.021967900468
-1041.327704026945
-965.2062095019033
-882.0068456697857
-1070.8531260742336
-1123.1114351619385
-1138.2660008929201
-1051.2959681358473
-1045.2016998072475
-1062.1036802027302
-899.2968809551827
-879.671964087707
-978.0446807617755
-967.13400928052
-897.2847740538222
-1020.0451532426065
-1015.2034827638281
-1013.6605991703047
-1030.2829015958514
-948.5567953595835
-972.0448006520846
-982.3780075576968
-840.9090501340147
-958.0869756005178
-989.2597674109683
-953.1204717964231
-863.68370637674
-1037.9077482744904
-928.99155556817
-942.9618856488197
-959.2330785215725
-920.9406968668312
-816.0353936098254
-966.6733237622003
-1002.7214592841452
-981.1768986390343
-1056.4814183048125
-851.7841499741608
-1000.0908535826643
-1005.6988541682795
-953.0291626434239
-919.5968345630373
-922.8371587564025
-977.4936838958446
-989.9090074185929
-1010.7943987375809
-860.068859573082
-1008.358947680264
-986.2078876248924
-1019.5631014994556
-935.1740202511027
-953.6409968914688
-871.1134563375484
-1076.6359524328236
-1109.048053687863
-1004.8199801335711
-965.9389907016447
-989.9870776850465
-1009.3564867915973
-894.3111644727728
-961.6867501277213
-975.6105023836878
-950.7939512292843
-1016.7885008418002
-978.3622168157297
-985.9134533300698
-992.800725443783
-982.4584340333124
-1007.1950283487541
-1064.4038012048798
-902.305207794459
-939.8441386350694
-999.4185269871955
-996.2357159440135
-928.995747542958
-1035.8972018985792
-1063.8509443846124
-958.0724679699938
-933.7180799513782
-1004.7582563709684
-1010.3748563672486
-957.1252656968338
-936.7618039779384
-992.2159302091466
-1037.4561252705178
-1048.8397767830052
-1042.5279550990556
-979.1303417080828
-945.048661665542
-909.5698943145271
-1018.5157177885806
-852.480763346378
-978.784569275748
-1030.0857036513519
-1059.1483550708083
-886.6008596028913
-840.2341286088513
-920.5682326631829
-1036.010066818579
-915.2974369988254
-927.2205943040856
-1079.9969783432944
-888.8203515150731
-980.3239373440265
-923.570386101567
-925.9452266068105
-921.2565156677849
-919.662804445083
-1026.956264780041
-985.0334998143153
-860.0140707569486
-914.6012350794234
-932.712630627868
-1010.8506171170899
-1066.5944430111401
-1032.4449291624946
-859.801266610783
-922.1425922277294
-962.2451162678087
-872.2017853379202
-992.184624882044
-929.8455901830885
-1058.9325353370768
-936.6534913413416
-1014.7330856205209
-973.6906072472057
-1036.6361410546824
-1089.260054569978
-947.7357280376477
-953.2818007749123
-934.8190983768627
-936.0381361251132
-1051.5583572370538
-973.6044552699351
-1029.1718837531912
-898.1583591653567
-947.2333510721874
-871.394151539071
-1007.981794407677
-963.4166684245806
-964.7689065331078
-921.7801402588073
-973.80047199946
-1097.8228892019843
-989.9348596676865
-953.2008350422108
-958.657682250114
-1049.960959890878
-1031.4845149653413
-831.0812457134072
-985.8774160755108
-944.3679545785549
-890.0437522877666
-940.390776976819
-891.0266019711611
-951.8879484163926
-858.4434527186119
-961.8423190197823
-908.1962774651358
-992.9331753395181
-936.0248089450216
-991.1303247375799
-986.496053048835
-900.1669547203949
-933.7557188599972
-982.9769955562173
-988.9674599795142
-965.1177339722132
-1013.5874558679074
-1033.876132949656
-968.6221209541981
-1035.856326384692
-1126.6006745197692
-983.1654900933431
-1017.7486640626051
-873.357082231741
-904.2005075419585
-858.4530719697807
-1059.6823861822172
-849.6200302600247
-1013.4344162924189
-863.6427096556882
-918.492049270638
-822.2385727606556
-1048.5618096523497
-917.2923925079987
-975.1080942402522
-895.4467482620454
-913.0944015857834
-866.8670412048266
-936.0484313620736
-874.3953913664197
-959.262177138458
-897.8940803748047
-945.6935591983482
-905.5810394300638
-846.826991690816
-977.0857400920905
-984.2321534397968
-957.062155330048
-928.2128444301785
-903.7418235321348
-1005.2265928299673
-1017.3753073784887
-988.3866215253637
-982.1790451116591
-933.9797131791971
-1011.9006720040172
-1041.5064181342825
-909.6711595950006
-914.1347168668875
-867.1650582279392
-1025.3330559087613
-943.1276695330798
-920.8266390126029
-1038.7444534794697
-935.3215530796767
-947.0877511772082
-1068.4178837044133
-909.5211260961412
-1095.5567882988432
-1005.9604567378149
-956.5028689630295
-992.8733607729644
-948.3598461997364
-1065.9762445252104
-985.782160641877
-969.8432284586693
-878.1787841509171
-854.3330297018985
-1051.3305806008161
-1031.985543220413
-939.3878570112968
-1002.1868641574363
-847.7017613660535
-904.1682958485068
-973.4852906455761
-989.3616593334343
-931.5103313946934
-999.5032273670649
-1024.8546144307343
-904.9067657740092
-1086.9686049405561
-1037.0049745128958
-1019.1462729171853
-994.8327634337122
-1026.4598911938485
-979.1178731799326
-1044.4024376821058
-949.4090144571062
-1009.1684648562318
-956.8451255724668
-955.6787454600575
-1005.2819626403143
-1033.301173160073
-1007.2185593230043
-1047.325697348993
-986.847024971368
-930.0973499104057
-872.4897531461501
-980.8429723942492
-959.5495036063955
-897.1344857121559
-951.3269606729032
-1051.8730759399189
-1001.4596788324293
-985.985173728325
-961.9040134699898
-994.1104848084922
-891.5251450409544
-1076.855385962321
-1044.2362007773374
-921.1707749343499
-1016.6184779896818
-913.294425944055
-1019.3973108215973
-994.2832571513964
-993.400158874844
-837.2049957642994
-964.8235537553912
-1018.9183424775977
-1049.0835050806622
-936.6426396972555
-980.9340720692567
-1015.6094337049562
-1018.3298514356785
-966.0451534833705
-1020.9763838195527
-1063.7870128828258
-1040.4978923182068
-924.5023828897014
-1093.830116984488
-924.1869020051718
-1040.994636741856
-983.7813904142832
-1044.33596541361
-962.7648165237881
-913.3099094462999
-1022.2470854051335
-985.859543235466
-1031.7768428028146
-993.6838371840994
-889.6584831322447
-906.3329927918111
-999.3596330165467
-968.414658701655
-904.4582368380774
-1018.4928931620695
-983.0918251194818
-1024.9159916901942
-980.7823215109383
-935.732420190674
-1050.5787809124013
-982.1814100567867
-933.0254272229782
-989.754675346586
-963.444829882736
-949.4465301268987
-986.310959849184
-1020.0018748366832
-891.256378693078
-973.9493945422028
-922.993974856523
-977.1985723768969
-1088.7178034012832
-925.3031123098808
-930.1872963467654
-997.5965154683247
-1098.2769330268745
-1052.9305398141314
-856.586612020291
-1043.5964402404209
-915.0633447376948
-1058.7434758305772
-1010.0139287779006
-1005.0684157681233
-1057.4467800349062
-993.9015699600338
-938.6355311393361
-1056.6195588023431
-964.332032614825
-1049.4187448509686
-1101.3824324262612
-1071.0277393171993
-1016.7033651490875
-915.1215334244695
-1162.8589999320902
-945.7726907457612
-1009.3950279533761
-996.954521469489
-994.5734469624043
-868.8074623455661
-985.3425371804066
-932.7266176149955
-966.0737291225096
-884.8214831844787
-935.113283035365
-986.0359407682397
-1027.7074327514838
-1007.1568422045735
-962.0575757639662
-1000.3532560796398
-1038.4253775691516
-972.0936472315493
-968.745979095356
-1001.5129910396809
-962.0631918602794
-941.7712864389549
-1094.042050914308
-960.0941425241072
-1017.7862499251816
-949.8585608569725
-918.7702305047948
-948.781445439227
-914.5657319767496
-976.3822553043292
-932.7946798953233
-1083.9281189623819
-1029.6510676960318
-1038.489573667978
-954.3354778530061
-972.6601338653077
-971.4603593023776
-973.0743358551847
-967.83143113334
-1015.5521402187928
-1021.1490347402007
-1044.9491847813592
-1070.9247267777203
-1008.5186470485228
-1043.2077198788838
-981.1707271005243
-893.7841969628792
-903.5306559961987
-1083.958544736435
-917.8985695741392
-971.5412947741013
-1048.0200339595444
-976.8929427600253
-979.6718827974762
-1134.0536356362913
-1006.7083017534819
-995.3863214099256
-890.9387455605399
-959.8445214705484
-850.5471227429301
-986.0876365659103
-965.5918085836245
-954.2951864606548
-1014.4099556974144
-1013.391959644508
-1117.0182838150586
-923.6297807372151
-966.632960920678
-1028.6857115184378
-980.4309446189613
-833.456271163235
-937.1660565552431
-933.0500014808571
-964.464105138122
-934.9216179157793
-1019.5009902135864
-957.8823241023405
-954.9390407602654
-1008.6591132713179
-989.9922520142926
-930.769674860601
-946.032716209785
-1016.537720155193
-973.3615572540557
-860.0042639564838
-988.1182268683759
-1032.3802718428565
-992.5428296390655
-931.4604952583268
-1003.5920991874463
-1079.693197808496
-895.185527198064
-883.290741121224
-991.7925225485573
-996.0598651293583
-958.2943296246675
-1007.1827903861796
-884.4016400285483
-931.7835312384801
-1014.188678944911
-966.4066755343366
-943.4417458683263
-1016.7231456338505
-1013.9425084624698
-1009.5105744959711
-906.6113181725419
-989.8520587272092
-881.2607748049121
-851.0375796007066
-995.3734591660574
-996.6243176974044
-902.8570033167961
-1018.8891660277263
-984.634628230208
-994.386105507032
-1045.8371479801167
-957.7997473146191
-952.4340136486542
-1061.1512736576785
-1015.1117026914378
-940.1917514690406
-988.8019630661104
-848.9815107140456
-1089.2831420474183
-970.5150345687086
-1026.9663394421657
-933.7670069394326
-990.972756361389
-857.6895755405734
-990.2437694521523
-1037.5728352439883
-901.5585700183416
-1040.1140731215019
-964.0788443282021
-932.9714374098066
-932.0385460512407
-943.7307757958139
-938.8065598778062
-938.2236582177354
-1095.4463505375707
-955.1337031966164
-879.8776677997071
-977.5164757952342
-940.5187316021967
-1049.970568711153
-890.6368884628592
-982.7467083652351
-935.1389413501339
-899.6712492823365
-994.0746263925613
-943.0274121702121
-949.3979416707664
-976.7901264402346
-1011.9940910013639
-1041.6953454511477
-966.8098828126658
-871.9851745679215
-936.285172702078
-956.4375740558687
-951.306284176747
-968.5893728938345
-1023.8211697702719
-990.962571208178
-846.6543111930764
-1030.6208647790147
-969.8155479630478
-1077.0900542435675
-979.8776741613636
-929.2184046473972
-1006.2148334543108
-1092.3564212707026
-970.1625163249751
-967.9460409404365
-972.3911088949397
-958.1056543508137
-905.5779394304006
-1078.3489532210406
-921.1736311278839
-991.989200877972
-1013.0899528326845
-908.1830355567195
-945.0018785114339
-1002.1234165734675
-991.7748472833989
-941.1346912635643
-959.7738542958047
-980.0426455942928
-971.6236788612181
-1107.2357325086778
-957.8699035394945
-1008.9888512570656
-914.6313467240486
-917.2378510039541
-949.6622882966564
-1028.6326245359635
-1022.5262737805087
-956.9469691613489
-1026.0614693094071
-1037.4843403012303
-971.6714023074019
-954.9356881770042
-1015.2034156526381
-1007.6243347949226
-1084.0614630126784
-927.3070312415548
-1007.149963752042
-1105.5681155552923
-1046.7822045587181
-1051.140661755021
-956.9685110871574
-850.9047498989997
-1032.7175274742774
-986.8106300336713
-988.8454593593251
-901.0319262464299
-922.9388574778795
-1011.5143552562413
-929.6289925066976
-1006.79522352303
-939.8607122160232
-925.775879078159
-866.9836492065323
-1014.5912882579707
-847.0721483881835
-965.2312326294979
-970.2237455331413
-894.2275022449935
-939.0924770171695
-1150.39595408817
-963.233276166629
-1093.945365575985
-1033.109829398271
-960.556718448306
-1008.4667279943312
-975.3278663316441
-980.007165218599
-957.5328017217972
-963.0424641021345
-996.1286251233932
-963.3768239018302
-911.1811861269302
-919.1818159548307
-1014.1995751404825
-956.4522280325958
-876.3338089329169
-899.774387840847
-1008.2419922179812
-945.0616065223707
-930.0590697953231
-968.3528633232656
-884.6491660822284
-983.1520560162401
-915.3112551165714
-985.4868873081227
-940.0463708484433
-908.2140374747923
-971.2823628015234
-844.4653834030162
-1009.8563736922977
-1076.4315398427136
-911.7229977414532
-902.2430204278558
-1071.5320224097054
-1000.3123221850724
-1015.1790058959175
-1026.5537549489623
-991.9316731376297
-927.5219481683014
-1007.8244672448974
-1066.3291338938607
-881.6197937764144
-948.1230466515192
-972.8228429103345
-962.5399472225146
-938.5397502816724
-913.0108637492392
-990.3176936435335
-1038.4307861980928
-1012.150631917057
-962.8088181365777
-889.8220122067614
-927.7850643391686
-855.0041273547681
-892.5919910443432
-986.3489741858951
-1036.7385802904553
-1048.7511119380126
-891.645080261819
-988.279946956096
-986.3652393176465
-1009.3924071080312
-996.6633650181668
-1003.7192118263351
-946.1893071118652
-937.6689968906793
-995.8261970084625
-1011.6708504849435
-927.9213349383067
-1002.4464119814938
-1032.601299689937
-920.2012890006982
-942.808031648232
-952.9545762004793
-953.3600804667894
-921.5325098880211
-812.0643903070235
-963.8541384635489
-1057.9727602524897
-1076.3075047669574
-962.583591836091
-1065.8774828237301
-985.3941781616759
-871.7067889691084
-1008.7921378561969
-971.8748958151972
-915.0911579042274
-869.2977640396903
-991.5781403210702
-961.8069923492502
-1029.8096620839494
-970.1512743407146
-909.9021541622303
-964.924790919146
-853.9390440207995
-991.4481367838883
-949.6745279435313
-1011.4901900673481
-1029.3822847471536
-990.2281067180938
-930.8148113931542
-994.7049529833577
-970.8234962477551
-1090.2826005403226
-913.1025042426129
-1101.8476732553224
-1082.4559507322626
-865.3410635425391
-895.3029692319224
-981.6151815217809
-1007.1382687468765
-1069.0615021261262
-900.9240968422299
-968.2074908432171
-972.3063607954189
-950.8007458569153
-939.5528982735824
-919.1736904319798
-972.1071109294962
-922.8747546637325
-914.283383077689
-957.3007077906277
-981.5509068050667
-1062.4519476226224
-909.9395881641109
-1025.4500509325107
-936.7534876756619
-1037.3459972950807
-923.7549365888522
-882.7017797315779
-911.1971389088352
-1053.492372887064
-908.8091256643585
-1003.0511837571951
-1050.3211797116153
-1086.6766405747917
-968.1937032062605
-896.4973039424608
-1004.3582255079114
-977.8337428812056
-1057.4191427785177
-903.740941602555
-1006.9879099126558
-986.9745175027972
-995.5746525458918
-1010.0439958563827
-944.7663556397019
-960.508293714438
-1034.1289352284807
-1098.9806480438085
-954.4053357457996
-943.4745034217516
-1069.8068926226345
-1108.3935786967
-903.4841033512536
-1046.103436270334
-909.8322985490626
-1062.1880775044388
-882.6667513161884
-1019.8349555310576
-982.7126387671175
-958.2680748423088
-1021.4600172932029
-927.7306112485055
-897.3161116646279
-877.5431114206947
-963.2346647065547
-946.3574383633993
-970.3526801529744
-1071.4273778833012
-1158.7370475359446
-996.2459163448751
-894.6421423185448
-875.2587254981244
-1065.4333585759903
-941.1034115433947
-928.8818763334494
-1085.115086737221
-932.0010192350491
-928.2521132315177
-837.9301321721349
-934.208880800037
-847.3388325780758
-899.3021884539876
-912.157742825145
-919.9780572991554
-1033.3026891168477
-949.5926956737276
-1136.692007015056
-994.9357462090751
-940.0455110605124
-993.8943745175874
-918.8293345129597
-896.8757580581811
-990.8984914608138
-937.05739420878
-1013.0887392213754
-1045.7739873682938
-907.9458045379836
-886.8682339655069
-994.0799869990651
-934.5185178877027
-1085.9446270115936
-959.3560790591127
-944.6723042808787
-948.0537143124782
-933.7344384089831
-990.9266581146665
-1032.8799454527393
-1013.1734089315505
-893.5174401863658
-918.2336826500917
-957.9329167767334
-942.6491417797049
-864.2149322906148
-1016.392718327504
-1032.152702277222
-1011.202615744332
-939.7820697483133
-880.9461165209467
-1019.1851423151363
-1024.5306645463063
-898.0268799851937
-960.3361074688167
-929.816602677434
-891.8891257631451
-943.6497868499589
-893.8021188531748
-873.9880491712468
-949.6167684644352
-1001.4465029210038
-936.6626948545743
-1016.6193103995408
-916.2083442566163
-952.0226441534717
-899.4134611985919
-1017.6211650652057
-1048.1624708272984
-1058.8741634629334
-1032.9563039106786
-943.3978568316647
-969.0012271804358
-1043.8661214409387
-1044.4692969168143
-1067.653936835817
-1061.395493913191
-948.0267289813986
-938.9747225367065
-940.1074528616004
-948.114041030308
-927.3354317405788
-1035.6726850643965
-953.5666844993909
-915.9790069070611
-983.1869188115713
-999.4017144823652
-1045.6720946449827
-975.6574029399419
-903.7994395570784
-932.7115375449276
-968.3486421172151
-994.2077202015015
-985.6730187448435
-992.4047958833884
-829.808877007437
-908.1842678250866
-901.5601518485965
-895.795330492767
-950.5547933144005
-945.7295668251965
-1122.6329488020126
-983.4562734756925
-940.4484485709816
-1023.0097143291272
-1011.0068910063038
-1008.9618188297347
-969.7648061332072
-1075.5730507225187
-1067.3086022003401
-988.0542796521898
-911.2897011131657
-1028.4577545301117
-913.4637833048026
-1123.1564575171008
-925.2921246293321
-976.6228808041182
-903.5390376262612
-1138.2397497375189
-1002.7061474258062
-993.0686163881632
-1039.234860235902
-1062.8651930524807
-835.7935468956109
-977.6782182466093
-933.0852211072855
-848.1313407893937
-974.7085060086215
-1017.8680889200809
-970.7996568025906
-972.0340081137779
-891.0835826552922
-909.1223772951261
-842.7789275251893
-983.1294194850981
-987.069755825006
-1081.9191744035177
-924.0761167315717
-933.3673304474066
-1167.7652160878706
-1114.4686580520488
-900.0955104066215
-1070.0672844689655
-928.4257314799246
-1058.72777338134
-1018.0710239794162
-914.3168417345271
-1025.3459336111532
-1001.7048901304328

