-4607.7548461806755
-4050.346250214252
-5107.097330584304
-3557.1247600969546
-4631.741652920082
-4204.737683981371
-4321.535650521218
-4112.765016237482
-4661.298940975044
-2790.1228375775154
-1820.7531000887893
-1533.9213267927116
-1690.2979711304051
-1513.770643236955
-1595.6590073204513
-1553.1783277321165
-1604.7893844303776
-1722.6194148633924
-1589.0782544935637
-1531.9504275897937
-1314.6389150598843
-1527.0491401056884
-1483.4520361268633
-1517.205522942495
-1741.940492947068
-1766.9186583788405
-1228.4984246062947
-1476.975462981225
-1487.4807221265182
-1305.2699396971605
-1473.945205949536
-1676.494443123521
-1560.6508777628792
-1341.977617115951
-1476.3246218897434
-1311.7777735641762
-1335.7101934552302
-1399.624896569547
-1415.0443461088046
-1473.539888296854
-1490.6084233993931
-1540.221360629972
-1575.7407119135387
-1511.7660422802874
-1450.714863480363
-1586.184444522928
-1600.0803336586036
-1325.8337881884822
-1354.8148971306273
-1534.9767675211015
-1422.048592034217
-1447.8008240819738
-1672.0627265581315
-1501.117973574599
-1499.63559189409
-1410.0437945210242
-1493.8251788035514
-1453.8257312956237
-1530.7460278757862
-1452.8448978879526
-1689.5652136832612
-1430.8293708019291
-1216.8706747420608
-1483.2452540387603
-1353.4825664873852
-1504.3336776881542
-1534.5768464199825
-1332.038065918145
-1307.523480123873
-1462.9421399573207
-1166.33337137524
-1627.3898719863282
-1364.6951097917472
-1379.7945025963045
-1496.0049547955114
-1652.6442547690729
-1403.3572927901907
-1368.0559914060611
-1534.5838044349396
-1316.3302985226944
-1431.2311287682228
-1225.7455410624739
-1240.3046066620366
-1366.1792583028405
-1612.1464618520313
-1437.1414592383783
-1263.7105232324107
-1274.8126270028474
-1359.7513317026535
-1458.2161305955012
-1404.804493200808
-1162.714420733388
-1424.098603185469
-1445.8606257236365
-1234.6569331787255
-1290.1358126187308
-1363.9848640822606
-1330.7217435069133
-1497.8971187739353
-1346.7942142274824
-1290.0855292967105
-1458.3491430297129
-1347.5319147053763
-1458.7328421193017
-1428.3371663791368
-1296.5765666556092
-1401.1931131416886
-1198.5503809662064
-1402.1325164281216
-1395.4585530958025
-1243.115116567322
-1208.3114615978175
-1286.1874013875854
-1297.6885154351676
-1391.9737305696663
-1543.046888236699
-1251.5743012503756
-1449.6894221701168
-1304.8067615916111
-1365.248290162302
-1288.902507509398
-1450.5093893259693
-1259.1650657310927
-1420.4081083095225
-1303.672128186048
-1363.4479897717902
-1205.0702928643593
-1276.4369197604044
-1356.1467064526712
-1265.4942591389581
-1267.6608114174253
-1350.190673387131
-1326.3788993328435
-1324.0837645379218
-1262.5362282427427
-1280.8951964335208
-1276.8311922935163
-1434.2524752829431
-1300.1579138337481
-1306.5602787288146
-1329.3611831567396
-1301.4390565412807
-1284.08281194393
-1409.9433465252966
-1240.7114412890157
-1524.7107773689745
-1267.5280825463135
-1455.2958809389079
-1522.1358989393113
-1414.5925118840842
-1333.3029806345419
-1378.7094805286608
-1566.4168469756569
-1249.4470345384952
-1445.2197077007215
-1276.7132723737316
-1393.3421730877492
-1214.8516315613122
-1329.874397624098
-1353.5571380786037
-1323.0099443218628
-1415.4433045242963
-1261.1336292581711
-1373.271254435178
-1385.2671438425773
-1330.8635150474029
-1454.6116174006982
-1081.4393027535398
-1682.6290638794178
-1328.8410807012287
-1235.6824017836216
-1267.7326387026078
-1389.598848539601
-1210.1228345484672
-1380.2628173920534
-1339.4459728057773
-1335.7299983724683
-1297.7105423948867
-1280.9980286276464
-1287.48328905276
-1393.4353946519068
-1237.0003777431211
-1361.499978853272
-1202.0455178576583
-1252.124528543891
-1312.5999964728464
-1403.3370140994975
-1322.6037388233901
-1300.7393374900198
-1394.5768931064251
-1302.8511094893393
-1383.7817235360753
-1532.4632466401365
-1400.4453486764228
-1317.4579247526806
-1494.049471740599
-1317.343970511851
-1468.7256116726037
-1576.641868146776
-1307.2715839890009
-1163.183222659202
-1667.4562662123672
-1454.391810323536
-1322.4739121354512
-1312.8912117634857
-1301.9035345767895
-1247.015687693777
-1559.236771171434
-1238.9935170093217
-1426.5428898362545
-1251.6387298116151
-1306.8617826733478
-1372.3918240976527
-1342.9435285036914
-1344.7398659524026
-1578.2058507953034
-1249.9609756390646
-1307.2395467395993
-1281.344388342206
-1284.2309674798207
-1376.2737233984888
-1249.7548305573373
-1580.2805911058615
-1370.6263532118671
-1284.494773782006
-1396.7383594077437
-1298.707279722232
-1297.057836401368
-1301.7738602511427
-1472.992678438847
-1374.6435013623086
-1323.0015431507964
-1274.829670118127
-1653.1475849182546
-1406.6814718440403
-1355.1921780507037
-1396.5327207448793
-1409.8937299800648
-1495.133725858121
-1437.6302038537042
-1387.615335018617
-1571.5818672401772
-1216.4322697104355
-1273.538448082024
-1381.1606342988123
-1242.2030000319437
-1381.3251508256217
-1330.8963869515374
-1553.387376696551
-1297.400520175287
-1298.46608609326
-1188.2570966222681
-1199.7195211478586
-1319.2167948950896
-1218.7258468867058
-1354.9524541829123
-1389.689877220519
-1295.8797145955457
-1258.932622298213
-1309.9502563726335
-1165.139524446588
-1327.3993403735512
-1228.6979490198498
-1179.0259259509585
-1226.3451419119936
-1332.8375557579893
-1371.7441976503324
-1179.4582217648674
-1450.5487214140421
-1307.0747052152094
-1376.7649512853384
-1362.2381305333902
-1391.996362330226
-1481.205145501168
-1418.4544494580077
-1295.5906604750899
-1357.8927163175133
-1484.4500213037986
-1196.4436231016743
-1413.253970313976
-1327.3968680842459
-1506.5854758501464
-1291.4241469254303
-1386.8894023198236
-1290.5155267495695
-1379.7154998763267
-1351.0655961009388
-1262.1619788567093
-1326.4101350102208
-1216.4185127928627
-1411.1590497731763
-1430.9367485105784
-1384.9917464520568
-1291.5647829219915
-1148.9631457959176
-1215.965281050317
-1265.431201262552
-1408.7345041429762
-1253.7473275187594
-1280.3669100821005
-1193.1910278013136
-1163.1605806667767
-1345.359705965553
-1255.4938674771765
-1344.9358105287617
-1289.9242234336962
-1193.0802553418634
-1513.3824076337248
-1263.1221412620603
-1434.8733610816748
-1398.1403605669336
-1226.6094903180563
-1420.4313828125344
-1392.9889582479773
-1397.1865652078386
-1290.4977477391697
-1358.816628181367
-1413.782778996473
-1378.856406661678
-1197.7008730701061
-1475.2780490635223
-1269.8522429736138
-1507.4670042618231
-1212.0605218726978
-1268.2303518414692
-1295.1480730650546
-1332.3653489902454
-1218.3551587615966
-1642.1644422516
-1468.159677287108
-1404.303327445258
-1372.0508232107732
-1225.9783789833898
-1354.1263663981306
-1511.6312816743873
-1306.5632897371615
-1444.9259711574264
-1367.1777032769305
-1441.377384291083
-1471.9283111707873
-1319.0586959666805
-1259.5973924531402
-1278.1722159561582
-1325.1138214815626
-1381.2456922364659
-1471.6634775331552
-1371.2510479931957
-1340.6939445112805
-1237.9578036348255
-1479.5419268361206
-1329.8423804677607
-1280.3075639481012
-1505.4308380825923
-1250.6541716601312
-1303.7002822831241
-1388.704324854183
-1550.1140199435597
-1276.977820032995
-1382.2122657068303
-1389.5565595798087
-1336.9014622813943
-1393.2303987094435
-1248.2188053904827
-1062.746540055117
-1325.5658860476688
-1520.9078698633493
-1321.2918526307362
-1198.138016273222
-1304.9311232402408
-1494.7768483182247
-1313.893833514594
-1169.8730248907702
-1508.3293746102336
-1568.4763651707556
-1236.9248981825344
-1185.6592248692727
-1433.0745187932914
-1348.9789813958078
-1348.253181599179
-1158.3266463366897
-1234.926013920803
-1340.1498200726949
-1470.1767817396667
-1301.1153602907532
-1271.530876653375
-1206.7534166781602
-1324.9955821990188
-1264.6124045009456
-1182.3062543382755
-1332.8648889872677
-1317.4010412668106
-1413.3632114012466
-1382.660335094627
-1327.143315106899
-1376.5813803586057
-1237.3281189977206
-1314.4950760345644
-1381.062899019049
-1372.0883657346112
-1381.557480413173
-1207.395645544171
-1405.2251651510576
-1279.043210998756
-1277.9128596074747
-1152.1893055029534
-1322.9710204197963
-1346.5553715965038
-1163.8029100323072
-1463.5373689894054
-1251.1495368752874
-1174.4657024549588
-1230.6392153355662
-1322.5486541512519
-1293.5682760569098
-1240.101258463067
-1145.434882862415
-1240.3029967332754
-1346.3716254240771
-1355.2218964091846
-1395.5186366522248
-1451.738370855827
-1174.81073590026
-1250.5594560141835
-1251.0488999734062
-1397.5942669040812
-1399.0573469052192
-1414.8610445977474
-1227.0979401400955
-1267.738655600922
-1150.3687492262734
-1186.6005370791536
-1192.5405181664828
-1447.0141833383407
-1313.7412257365577
-1168.940928945175
-1199.755799946218
-1333.4604324940935
-1225.285961664678
-1243.6511747662014
-1313.8224835683168
-1455.2870799173847
-1415.9209224358021
-1458.2949808415947
-1349.5714144453032
-1409.6182975596375
-1304.1065147024067
-1398.8939975387505
-1397.893504282374
-1336.773404078598
-1269.2365227607422
-1280.1956429881761
-1549.707847463841
-1113.495873328002
-1468.8815670071303
-1283.0818034935057
-1278.9577680642024
-1294.193438167912
-1423.836091435509
-1382.065029070216
-1322.2346294034937
-1529.9900584609693
-1175.4752417866773
-1375.3715718445021
-1306.4906065794437
-1338.202041521543
-1345.7417962729469
-1306.8115097821421
-1372.557081976555
-1401.391498355829
-1102.3266344140006
-1264.6149238227704
-1268.1129736835128
-1347.5487566473666
-1480.839012673395
-1288.7328015671237
-1263.9714477783773
-1293.1302710703749
-1326.1420465915407
-1229.8711924985307
-1508.8414090615533
-1284.6205833131048
-1333.5234776340585
-1324.4310485335945
-1330.2480964478027
-1311.082212120416
-1179.623222764048
-1236.7165190489836
-1340.1560818740134
-1415.1472308275852
-1129.4755143081227
-1387.8906505074515
-1295.9286758151484
-1357.8496322395006
-1243.5042780753058
-1431.0346011654806
-1151.1657940882537
-1213.1483224647125
-1427.487202105811
-1396.3261205475258
-1347.0233042350671
-1358.8755536483968
-1229.6992668069515
-1299.3676450798657
-1367.5229916389699
-1360.4551191193186
-1184.69631518252
-1616.2234559736687
-1362.2030171411413
-1407.4906443768484
-1405.9926333436338
-1278.6687012612335
-1240.4164575617933
-1307.828836595536
-1195.2426654654898
-1381.9239631294422
-1460.7905255713322
-1244.0027631605335
-1246.3067750348064
-1245.7507063620785
-1177.4517487362323
-1382.8344469190179
-1225.9119733436164
-1155.4497565669806
-1392.4163896000302
-1284.5478962476227
-1274.7780532115662
-1302.26747690886
-1385.2870783939152
-1410.8280517611256
-1167.8575994198736
-1360.018426339375
-1270.756331414148
-1356.0514979043228
-1323.9385562133584
-1323.5607247479666
-1246.5801981559139
-1254.9369001687185
-1271.7549857749004
-1259.1022676267569
-1413.3598222201128
-1547.4909542306868
-1376.478381173859
-1122.4251854267986
-1261.7312269551567
-1427.020293642809
-1341.709913333398
-1393.064847129868
-1264.2334524288676
-1248.2354667482966
-1207.371659016551
-1230.2323855406464
-1325.9423693021708
-1245.1260432843328
-1218.9688158130812
-1535.7578192200185
-1403.873891063529
-1137.9396992397737
-1366.450516511764
-1315.1532064481576
-1589.0574189434099
-1251.2853058949722
-1149.1555234295465
-1444.3255360267578
-1340.0999151057194
-1377.0813406731613
-1307.905586858654
-1457.4812549825774
-1268.9532878759876
-1218.421695492468
-1428.4698446479842
-1298.5169510863227
-1088.6988358456417
-1212.5236295702705
-1485.2937678150254
-1283.7591929170785
-1340.2788172539633
-1379.9683315149634
-1309.1145385596385
-1422.6382323202267
-1181.2887632310842
-1265.7399954849677
-1190.4114272276029
-1149.3753468642071
-1313.405873869266
-1373.465655523823
-1323.2605655402422
-1458.869834183096
-1287.4682199819208
-1520.108339684115
-1172.7586690441967
-1173.1626125789758
-1231.350665190679
-1094.4337972380886
-1412.6722061127743
-1268.750743153646
-1419.8665939484522
-1377.963947737242
-1199.0274516408879
-1200.1020722398687
-1356.381743748747
-1413.128690793245
-1605.68046090965
-1394.8555248504117
-1392.8154832755386
-1421.6054198857946
-1324.0281017375974
-1371.6682795127626
-1350.906601091763
-1532.9940950948276
-1401.5265013820779
-1456.8607568213451
-1178.682078403999
-1308.4721132491295
-1336.089785114525
-1230.8325236242745
-1356.2271660010051
-1431.3710589144891
-1086.5290112964465
-1110.7750210389281
-1336.1667644370104
-1268.3204272252815
-1379.4241402089567
-1315.3110032371112
-1536.083885619069
-1270.866233855034
-1194.7322163982187
-1211.6688800105214
-1291.0564954198398
-1249.412397731151
-1321.7507220997013
-1117.3765445989523
-1338.268436392969
-1324.7653411731767
-1293.09887063342
-1342.0882824533246
-1220.9717563737256
-1281.1310015271213
-1349.5442488302192
-1232.4462069015935
-1341.5060280291382
-1376.7179576347198
-1154.2671224018031
-1249.706244832617
-1271.0323079997468
-1259.0933547754312
-1227.5321221738675
-1283.7945584458275
-1270.9037247317822
-1189.8623710589618
-1172.8697838922935
-1311.7359653479564
-1213.1787171972162
-1256.842227199113
-1427.1767575629135
-1200.0541250063327
-1475.2953896956847
-1540.5431549765317
-1322.453183023904
-1325.2791675290855
-1443.2308448693227
-1382.4662111676437
-1465.5285133937907
-1345.110019839028
-1223.3751086247248
-1429.929201275351
-1297.7882023770571
-1334.6613366489419
-1469.5330363398925
-1272.2167542619168
-1297.9001843414965
-1510.619274168692
-1177.748512551357
-1434.4570278836252
-1142.18084527314
-1461.1864306589166
-1214.487424782077
-1219.6236943772176
-1197.940383622594
-1401.4894558423287
-1248.0257204486497
-1263.5810544118867
-1396.8480325429039
-1193.603435801412
-1487.8096614420483
-1284.1607495833205
-1305.0933520893054
-1324.2153910082698
-1235.2624842014693
-1261.7699692056249
-1081.2225564394187
-1155.5150813508183
-1418.2403983102554
-1284.5343763929236
-1245.0360490125652
-1508.1581504427604
-1283.7347262419607
-1359.6174091782186
-1295.6665663432095
-1350.5594930171974
-1218.3116863272896
-1319.3187378804869
-1306.940266506962
-1350.3132937212208
-1198.6768605434536
-1236.9965449851286
-1391.11869639358
-1302.1766887838749
-1357.0993345906584
-1339.08391026362
-1294.2232419140666
-1257.7227867903555
-1260.0157234977887
-1221.413108573317
-1347.381075337841
-1403.819768531437
-1286.4806084008076
-1337.9183770937598
-1337.2614789860827
-1220.7064159441675
-1269.404461583323
-1229.7825120410773
-1386.7030020688146
-1359.874744935691
-1272.3867948020525
-1253.403833418107
-1239.1901699230011
-1238.5240615906105
-1258.033871495177
-1440.9838969845396
-1254.7475260305382
-1088.5277748423375
-1223.3951648259524
-1356.8032707423902
-1259.3089385996907
-1354.8513246213452
-1260.7828740559407
-1204.2493483549342
-1312.3579221572916
-1235.1384315530952
-1155.6274622470426
-1310.4073031730716
-1239.9965388939108
-1394.2619988721026
-1384.4773802899983
-1264.1603845089485
-1388.5981275631866
-1430.7372849731464
-1339.7930157719554
-1234.1462130447405
-1377.1122683938552
-1245.9938003850484
-1353.7190612620382
-1266.9183235914463
-1475.6731349302333
-1368.8664520919974
-1210.7215191600046
-1368.6347892180445
-1165.8056117928638
-1296.0671089453522
-1336.0322314190953
-1235.7755812559656
-1454.469553882589
-1215.161980156608
-1238.3124675634117
-1199.6754154548819
-1550.224875837801
-1237.4043322367559
-1264.1955913375723
-1324.5942201772095
-1099.4150795516086
-1163.7392529039946
-1293.529341807257
-1354.6255684267762
-1109.133274460115
-1381.9781803955136
-1436.931172653607
-1322.9696571101388
-1271.9553350034512
-1470.500205863093
-1214.8319139460345
-1026.1604717123735
-1235.4154690654398
-1262.2887494821052
-1246.4878501956362
-1079.4517093253692
-1196.1757898670649
-1220.6104608338876
-1154.3045671054392
-1373.6670672586342
-1178.337581506619
-1374.6170485907996
-1426.843033484874
-1165.046308028927
-1396.6246473458875
-1303.9831923101247
-1116.8664403140726
-1308.7334873521952
-1263.5189456109351
-1299.9904733150795
-1090.4659934846152
-1429.2371676382327
-1475.540537657139
-1298.786549121485
-1121.3188099559034
-1374.0085913284827
-1209.6837009495437
-1193.3613436934504
-1380.3636605604686
-1352.0559246729495
-1244.0077156571574
-1282.9980865840348
-1228.4938744696872
-1385.718621345418
-1327.1293785191938
-1348.4688120079882
-1373.4037202289408
-1174.4634072353272
-1250.3468670091888
-1332.1687542436052
-1154.8671793389392
-1348.0600612251146
-1238.0659077040275
-1366.0316476716882
-1409.1186389555025
-1451.524829370898
-1279.6063501295985
-1307.0565314115102
-1305.6460236860958
-1239.8542194118047
-1343.2484473819795
-1203.5326375807754
-1315.6055350865936
-1406.1689991582716
-1330.646330297214
-1356.9401389242016
-1277.3229416508111
-1149.0143638053285
-1278.61516876712
-1289.3883872659867
-1099.082466912508
-1275.4095904744272
-1336.113085846835
-1427.9731552434323
-1243.2902348459154
-1442.021001142325
-1319.2649822359422
-1309.7401982231704
-1260.3487519291136
-1326.974754392129
-1321.2987327164099
-1159.0137407899906
-1328.2679353854764
-1298.0405887572379
-1381.4436942700897
-1258.3325829349815
-1374.0346081500995
-1150.545424808103
-1279.0229383052147
-1186.5523118839483
-1237.1190690333424
-1217.2242215661838
-1180.5388163920052
-1324.6963315210141
-1275.51211742361
-1242.4511944166693
-1234.0330729994087
-1375.8827010542918
-1150.9263405571353
-1291.5461570127418
-1285.7012936819126
-1312.5318968161218
-1257.7842554738368
-1398.2909677360285
-1335.4625712103698
-1316.4331247274731
-1242.389665227281
-1407.0968499882254
-1384.008566571738
-1310.4774050720935
-1522.443331057763
-1232.4679069981091
-1374.9194343339304
-1276.4439775275741
-1496.7448191591686
-1333.1490207146194
-1146.3746317484565
-1222.479845284362
-1142.4796338015906
-1116.4911820519283
-1164.1632185920846
-1239.2167336076259
-1169.2450777729725
-1297.1341519432585
-1330.9191321135204
-1391.7002092450596
-1303.115912776122
-1171.6263198296863
-1185.5883911377327
-1272.5253906627993
-1350.9598239190495
-1302.313371790029
-1330.5669828702132
-1142.5548938130366
-1311.1822278634108
-1424.4442064854138
-1224.2377798875261
-1341.267998538782
-1291.4912658827002
-1340.0396771078467
-1180.343403567538
-1199.907444017775
-1224.565237902025
-1214.651421589972
-1274.279294338654
-1205.4148348798979
-1291.1142857678324
-1209.0086038898573
-1270.2474256996068
-1227.004601975203
-1325.3445626543341
-1352.900107398929
-1401.737931409479
-1214.3904536271637
-1453.1703904171823
-1389.7991416414043
-1286.180130521384
-1328.628413387693
-1361.8598715820772
-1233.4464616622702
-1107.4280314124553
-1346.1535234725045
-1351.3662935425418
-1129.119737511819
-1317.0923243893358
-1189.1232061642502
-1254.238668639975
-1310.604166063903
-1231.0109842169336
-1314.6233839224924
-1349.5141444451049
-1240.9132547953704
-1224.1754679343624
-1241.710963130482
-1364.7343357730201
-1451.4459484808094
-1406.4148030070526
-1316.0085624051612
-1201.0948026747922
-1112.446690743979
-1254.7875234075377
-1298.909188557962
-1228.5948868147336
-1170.0922070013112
-1218.049556823492
-1328.033060936781
-1315.211222588776
-1454.4184293297897
-1599.9297174704768
-1308.1588873223418
-1349.3126445457117
-1191.3761683580299
-1346.4234141186964
-1317.5838497195732
-1290.0789637838882
-1206.9122524062348
-1462.765910725
-1226.8835883002923
-1283.1579723499328
-1149.8864131648863
-1145.0852874815212
-1181.749751038992
-1295.2391886927062
-1342.8249977749354
-1244.4197526894732
-1162.9092696577607
-1294.0561929619298
-1179.587113797096
-1191.2025030689044
-1164.018121202545
-1243.7103509942176
-1338.2497269814605
-1208.479795804452
-1442.7767778211667
-1288.4067507131406
-1380.1830172570737
-1380.6992118858764
-1156.0536778669034
-1235.6715056231296
-1235.297368565366
-1215.9775650455174
-1256.7136270826684
-1271.533421358222
-1659.4882074619968
-1184.2944803277112
-1242.080879506249
-1182.5302996304247
-1298.7709027889682
-1253.7878742423563
-1006.0198033101462
-1239.5252352029966
-1384.7358426209512
-1324.8225354771785
-1334.2584739287931
-1184.0169266380358
-1235.0925439903572
-1285.431239638161
-1313.5944304664138
-1263.411681453936
-1354.5763921334574
-1126.435762577615
-1186.256069250493
-1361.6143673001761
-1088.0955070358598
-1171.089042244709
-1272.2399865944947
-1172.467158793525
-1129.8711795791016
-1277.3151466174559
-1210.0320163393853
-1206.4124555736669
-1296.2156987720198
-1302.0733787661266
-1179.0814465663022
-1371.3980007985465
-1343.873476784818
-1121.1378564533732
-1429.3586992725177
-1280.9148852747358
-1204.646346848254
-1302.2874775711396
-1257.7278799327337
-1270.532258337561
-1145.0939462365234
-1269.2037763303244
-1411.9405101393204
-1322.854617717514
-1213.8860606073401
-1174.7335741666254
-1156.0542454897814
-1146.617696971009
-1288.872927244819
-1132.7599936422685
-1147.6736261597364
-1121.8372165738351
-1278.671167459245
-1268.4022149121165
-1300.7493126167847
-1201.7455587774793
-1205.829787190158
-1113.2626956366728
-1241.7837593690165
-1310.2533499784977
-1247.9565195328237
-1179.7724845318514
-1139.3624166768436
-1333.816787128613
-1254.8854862606004
-1241.7351491423915
-1384.3086110941965
-1136.406985746906
-1227.0017054107925
-1142.9606131186204
-1459.674313642176
-1224.22618789082
-1155.667428415143
-1199.1323536550262
-1164.3560603413578
-1192.916003855583
-1349.4385626725295
-1315.497715483284
-1179.3017928210127
-1291.9592094312798
-1218.5726202892783
-1305.7937681264393
-1136.8043226072728
-1313.2064774401413
-1325.922353651452
-1172.4616830226857
-1152.901838831738
-1193.4872564871555
-1376.7939009026952
-1281.6314596869688
-1218.4993777453744
-1220.7918032020455
-1150.2130956218796
-1334.327497984277
-1262.0488391569033
-1301.1816460647358
-1230.0945987296839
-1294.9351298636793
-1390.2697785613416
-1264.9635455967186
-1354.1821144786443
-1244.3111068994258
-1129.085425372883
-1288.5231262528544
-1227.5334989041592
-1277.2127816734367
-1161.3703820342105
-1336.0345675088718
-1402.628842791881
-1231.3950239466465
-1124.2343849942881
-1157.2156037833752
-1224.034834758656
-1302.3671926640673
-1264.5846236656262
-1270.1827934418031
-1360.4660849619904
-1281.121844761613
-1230.8922335846955
-1169.9571801379013
-1242.0576514339489
-1361.185056403012
-1365.8342391741598
-1263.6293334959055
-1268.293867191917
-1217.9734572040463
-1271.8093755348698
-1178.9527084199265
-1240.2080432363591
-1238.1916579368797
-1201.5499807899637
-1297.098373246804
-1245.8023794225396
-1347.3897711920908
-1219.0353668403664
-1237.9501639409198
-1133.3499581672625
-1240.2279290983606
-1270.2532746292516
-1105.634324402967
-1291.8182922755286
-1347.0803515697257
-1307.7982020017052
-1315.2289952500012
-1185.5813412688617
-1391.4579487920682
-1212.7256144040132
-1364.50312344498
-1287.0555914450188
-1221.0066962466688
-1197.9385581934853
-1144.132539476718
-1138.2950806875094
-1275.2084211479703
-1307.579467680361
-1119.837448666422
-1112.3983422697863
-1298.5161409564903
-1272.06588806737
-1356.861373385703
-1280.1926040686023
-1272.1477877818897
-1303.4964310156474
-1243.5820323123162
-1223.868202208533
-1067.5459709812258
-1274.7390278414232
-1254.5053717938097
-1308.011281415218
-1203.381963824435
-1410.393653672353
-1245.8299263394965
-1269.2985365851557
-1307.0208789085439
-1263.8082071271965
-1325.7008031179532
-1082.5960529749611
-1293.3667223967022
-1272.9465771703808
-1189.9048738911292
-1255.9461528422494
-1241.2092119781826
-1764.5090217400239
-1223.289472723158
-1429.4751682378337
-1366.6395642186428
-1127.3044308014842
-1457.0687418202747
-1204.6725536217718
-1226.9778694520517
-1169.980443643463
-1319.7610798950002
-1250.406638081951
-1362.5206957518092
-1187.9234913694097
-1359.1763871585429
-1428.333593196262
-1365.7968430979636
-1303.3802436692595
-1195.8060171778313
-1243.2227511107321
-1174.5021097911067
-1424.541307574772
-1204.153374769224
-1186.1338977417274
-1118.3948172369005
-1153.931224350512
-1260.3254315105044
-1253.884495312167
-1172.1844618701423
-1129.1453574089662
-1174.5213115581755
-1284.96883687995
-1197.637990944441
-1234.7051131269222
-1285.63587763773
-1308.9718311435388
-1266.5018854833952
-1166.4035260806097
-1112.5474599978832
-1325.3201753573242
-1313.579109973494
-1305.4794135893255
-1249.317742620699
-1179.674620916862
-1160.9207969214447
-1352.9206161575908
-1272.8025887481501
-1213.2024074817127
-1185.9636968159464
-1141.476697421496
-1240.848045545008
-1279.1302825181638
-1274.6344484732765
-1285.9818729264696
-1264.268976518897
-1313.9011750467262
-1406.5018198133976
-1411.3861581862716
-1165.3421351650893
-1144.7809802392276
-1160.3893632097408
-1191.2326516087198
-1218.1992891848668
-1217.6795515091185
-1130.415060844434
-1270.1191883954598
-1252.9919352310028
-1103.457858656448
-1266.6118337915495
-1343.2882092102163
-1335.4173507599448
-1137.1527261028687
-1242.8989637923198
-1230.5243446993247
-1256.3146207900968
-1211.31836376425
-1240.9329369944783
-1216.7244099063453
-1297.3019439722702
-1286.6381221081701
-1241.1542421186705
-1387.9318147675137
-1244.510285646206
-1138.939937172926
-1061.4872905329719
-1271.656822069146
-1221.220112778911
-1229.289841613418
-1242.3734403818025
-1243.6324527093484
-1238.335927276371
-1265.4608552025554
-1211.2862243769587
-1094.6346811197534
-1309.9837923146658
-1346.0179105848185
-1279.4280267325178
-1236.1658401437608
-1146.1215453125399
-1317.4793913361823
-1106.2170533653261
-1217.47067624467
-1246.5934379186226
-1276.8916096828534
-1261.6151621718866
-1184.1125921520975
-1334.0594155692152
-1262.485076691204
-1227.6753286976411
-1192.5404991573398
-1156.466974742504
-1202.4459039251176
-1130.078687225444
-1256.8651622508094
-1177.1488950221983
-1227.5820855392922
-1269.93279898336
-1199.1272359012426
-1189.9232787400417
-1237.9440302772311
-1371.2235063917744
-1432.9653034056703
-1189.7378010171203
-1228.882644332653
-1310.9950623819075
-1116.6620737195478
-1280.1943518315638
-1174.04113558218
-1114.793402814345
-1168.035164517362
-1449.0305712006111
-1351.4972670107425
-1212.6246996544642
-1220.0402139834302
-1127.4423041368134
-1142.192289926608
-1219.3477827852203
-1181.626323217248
-1220.0337961990072
-1364.549098413702
-1386.3959831946952
-1377.508676474772
-1192.7473054607535
-1281.654031458859
-1079.3064094089648
-1157.853698982245
-1322.0948446437087
-1300.9488002339374
-1178.7412610223441
-1321.2069040379108
-1324.552941290626
-1305.0067920567792
-1262.8562110285545
-1299.8473867260682
-1398.6009250820573
-1151.6389193790255
-1229.6760479259797
-1222.5201646677979
-1152.9395299527675
-1163.7142846543109
-1326.4936217046547
-1239.127927389667
-1254.0559215189328
-1288.0309005252043
-1188.8719855862073
-1184.3340783862955
-1252.9318303151492
-1168.898092060768
-1107.1263309343053
-1247.9279405438408
-1391.393640978278
-1315.6232660157807
-1243.889183299186
-1263.1203457042914
-1089.7514004594448
-1207.7910976724825
-1255.326904796675
-1174.8320807444043
-1261.7356550541792
-1253.2740063847689
-1312.7934038321764
-1213.9564925208633
-1217.4394373894734
-1181.7966772139105
-1200.3512830639127
-1175.4849808107435
-1138.5997236483868
-1070.6036214358314
-1236.2391072345497
-1161.802430481649
-1254.210341807921
-1194.4804908711533
-1160.377987313222
-1159.4518264746794
-1344.4092377304564
-1094.6323613102354
-1390.937607130126
-1240.8449367212997
-1136.8083295184094
-1146.0281368552253
-1309.757670559638
-1292.915621240456
-1188.910175566552
-1192.6341133375254
-1240.5407773443196
-1452.4471614920392
-1346.1173999750858
-1165.7290780612186
-1194.7820352968965
-1237.650754225162
-1243.603512194347
-1279.1295142537942
-1249.8416392235704
-1271.2375204478933
-1316.9175553842863
-1201.7630394455498
-1191.1637633987973
-1112.5635730780205
-1182.0669974501143
-1289.2743826316478
-1269.9849936754345
-1407.751203438026
-1246.9766689716662
-1255.6551785541037
-1424.7974750176377
-1104.1428083564117
-1107.9546872108438
-1400.9120503915738
-1170.7972927471699
-1344.6032757732776
-1318.0730691088265
-1450.7952696272284
-1314.7240494788819
-1299.436476078555
-1200.5127990876192
-1086.0183546194835
-1443.4265556255832
-1227.6547855525412
-1130.5312078784061
-1186.371040208951
-1168.3626466821424
-1375.90492124067
-1176.6302662382648
-1245.2738138941895
-1171.992818090857
-1316.0659828757662
-1190.8287212250204
-1224.6307314085634
-1211.9520128239237
-1185.102352047299
-1298.4197459919253
-1283.8924061114624
-1080.194856453957
-1196.3034627169448
-1222.174807597206
-1316.956187625325
-1243.409643400815
-1204.5682274592143
-1258.442295008409
-1098.9204731130264
-1173.0477453559074
-1248.1485707418228
-1356.456063574788
-1237.8734739412773
-1322.9867749639802
-1151.9378446534959
-1306.9061903101501
-1136.7312415560561
-1180.5901707429673
-1258.13111172122
-1316.1400621521198
-1155.049244329558
-1162.048472874839
-1158.319703218926
-1416.2010543377426
-1242.5072728426926
-1191.3840967886733
-1107.4201386884229
-1243.4110140313865
-1202.8883724250352
-1252.6046105520618
-1160.9953467530786
-1356.5043402261765
-1270.998383685777
-1102.9015395879405
-1412.8893991570358
-1490.6305435784475
-1381.1460898007583
-1306.6247531067054
-1117.0782337592432
-1128.2807941976678
-1260.06729500692
-1192.567830643701
-1428.4618774823728
-1244.7547136031412
-1230.4834989519213
-1282.427705426681
-1091.3793284959531
-1216.9410682306489
-1236.1040921403792
-1223.181774961141
-1238.7743466468382
-1391.5182427336358
-1393.7598126471535
-1236.5651257461548
-1220.7560685877809
-1236.6323330096955
-1219.7442233801137
-1267.995009173303
-1153.431518770964
-1185.3543701702401
-1260.128214696832
-1455.7525266368302
-1366.2770982970983
-1136.934997452229
-1231.5993168998505
-1262.7367895894663
-1433.662151807998
-1224.2700598442973
-1359.95482766865
-1126.9013775485016
-1259.1188430898449
-1286.7891386362307
-1283.7501510560476
-1246.7325666947877
-1334.9239128099061
-1212.5860331404438
-1271.6713583027986
-1229.2368631281086
-1102.4879931413664
-1225.1336306947483
-1348.8699750154303
-1247.8011412432354
-1287.520404320703
-1129.4686257304518
-1289.9712168113347
-1307.0192593065321
-1196.3447182530754
-1239.9130570088666
-1258.591016890381
-1155.3864466736645
-1210.0583655221255
-1319.8457566336444
-1132.1984088280035
-1402.3835571576699
-1284.1877435965573
-1188.5512675207208
-1118.6639620226158
-1182.380939833067
-1217.4945381146117
-1141.8516346158956
-1147.4053221000952
-1128.0272160558734
-1213.0632878831
-1241.3486774435287
-1023.4514090883833
-1241.929811284842
-1248.7740767851938
-1296.3047911230215
-1329.6662343199687
-1223.9607816903158
-1339.8325816991808
-1172.4388298766307
-1334.1425815928137
-1096.0637907772023
-1233.784776073822
-1121.2699392987577
-1250.676856950106
-1167.7247791506102
-1187.3900994228625
-1330.6911318389189
-1219.3113454852787
-1289.7920765087492
-1177.7656748162822
-1263.965382970803
-1331.2998474565236
-1146.6592009143621
-1237.9220902597178
-1292.2071926608737
-1226.4448993191525
-1187.9509257770262
-1151.4084987141946
-1173.061979928228
-1213.5637568171237
-1205.554367264683
-1110.79087307937
-1258.3529991999637
-1322.7370408520153
-1372.7591889070022
-1107.5820750505634
-1165.205309279409
-1215.4338424012976
-1128.8919662026942
-1375.1797894206065
-1315.4081848303324
-1160.5746401296562
-1148.4833331907987
-1205.7819090210228
-1264.7274709466192
-1350.580991285955
-1133.3128452251528
-1186.6886444112022
-1265.3737917020749
-1212.079509310241
-1161.4082407686494
-1424.1162748478864
-1258.281473344272
-1300.5234056360769
-1150.9561405800275
-1198.2090914343655
-1227.1298518589904
-1289.2715728006642
-1218.8107911895497
-1283.4722266363833
-1311.690555976107
-1176.367847519362
-1266.2187564548315
-1190.2802352243016
-1070.9245346892076
-1293.812615598248
-1209.276908281918
-1279.4087466330336
-1204.0208507658117
-1121.3395792519984
-1351.0470974577606
-1246.3622907299907
-1214.3077918256831
-1349.3454273767654
-1306.3842492975107
-1220.5039409773078
-1287.5937794923523
-1177.9665337235144
-1142.4664674815328
-1293.487154792957
-1143.0389970783297
-1280.4885092376262
-1235.7343637347221
-1242.783452160724
-1241.8292009301524
-1175.0528126988677
-1168.4607699362302
-1217.3030030449386
-1270.7784329702836
-1321.8875710577956
-1199.1364237175494
-1226.6403593617424
-1364.622064108804
-1239.8514229657276
-1227.7791300150484
-1239.0173027374608
-1178.3289995756131
-1224.0229752560947
-1322.1698259503423
-1334.2432066836154
-1294.742194768083
-1320.5740137178927
-1147.201206627517
-1261.935477586823
-1264.1577955952255
-1241.7724511989531
-1165.728946643807
-1125.4490955723804
-1409.0056307637417
-1144.7211222479104
-1292.2022682377644
-1320.085032651233
-1163.3873470573149
-1302.393590695804
-1179.4579883820793
-1163.826298509877
-1214.6964320735592
-1196.1511829875067
-1283.5332673513776
-1311.80880144204
-1190.980512805314
-1374.8196376315477
-1467.667921513164
-1142.7465826265716
-1157.1082582412587
-1269.4676559982167
-1185.7201630302168
-1151.7124205908408
-1189.7073618781976
-1060.2724393852711
-1263.7279255229162
-1414.7509966602834
-1281.8453565630725
-1358.6406464458273
-1240.7073423233678
-1146.3966879345287
-1202.209227227441
-1264.7614275549304
-1246.91186466287
-1091.8197554204548
-1429.78748656527
-1321.2827125831227
-1332.914416761214
-1460.5205758802692
-1215.3482060741262
-1297.401782106665
-1251.968422269958
-1205.230651254364
-1226.1182452589935
-1192.3484324347687
-1213.2553447684659
-1370.882983311877
-1278.932863190658
-1268.8065921830157
-1299.884833079458
-1088.2192879943966
-1261.9640343425278
-1156.4654191733516
-1224.841263567084
-1181.2610467882055
-1211.6231505806022
-1275.4448902469826
-1272.978668054081
-1276.0268596419671
-1159.1559712741407
-1176.8114799350237
-1236.8565935403044
-1233.948433539534
-1213.8252191535157
-1261.707614251018
-1282.0486402299557
-1217.6062426799801
-1248.6938348556391
-1232.4170659778367
-1278.2886684212117
-1292.3011365868538
-1173.1781287483575
-1347.5095199270138
-1318.5436465729292
-1168.9042366781575
-1334.168799782828
-1219.696368578802
-1285.9574299902672
-1216.5927153694236
-1264.5137261399993
-1315.3798976924134
-1232.5424488864564
-1253.0383328072257
-1265.2378279254035
-1261.6043801327353
-1286.5183961224807
-1311.4266741340975
-1354.089031488886
-1166.4073822572418
-1230.4410205354907
-1309.6210264444908
-1333.2107623818038
-1219.4704350841334
-1216.3282228783075
-1196.5347451688524
-1228.789267125101
-1395.3171789830287
-1165.3898693328142
-1170.4281749046322
-1235.691002084953
-1180.4427129897617
-1206.4949514104644
-1175.3772674254162
-1440.0006278388141
-1249.8972193059121
-1254.4292486859022
-1249.4129699796422
-1342.9936153148788
-1296.4085607054194
-1256.6911843700166
-1296.8115383214836
-1394.13073233637
-1259.1314818863382
-1339.9453616625392
-1154.7701223580004
-1236.7415522778192
-1153.4751538064345
-1209.7424739754642
-1367.8341326260397
-1221.822638974121
-1331.9590231465017
-1414.477497324424
-1017.702026215386
-1257.0985127709926
-1309.2003306858949
-1277.3479634550022
-1197.6483781919096
-1134.1884373638584
-1154.9272100220994
-1140.6477367408913
-1279.0138555593496
-1353.3248296652
-1243.4030536691844
-1152.1789884276848
-1363.8777988735603
-1221.4640271819417
-1243.6597280514875
-1045.2261869198787
-1360.5418094579804
-1341.6480113560747
-1224.6744269323679
-1418.8186625996384
-1156.6262843142974
-1217.7519770449426
-1310.3321406155335
-1244.493461137471
-1182.8963516687163
-1238.953424667209
-1219.963984329668
-1295.7043401496605
-1173.1023712168842
-1162.9596850483601
-1188.0790036889762
-1079.7971265522199
-1291.205057740557
-1301.3289545952603
-1368.0265555823783
-1302.263164373876
-1222.713951694705
-1243.2818239128057
-1250.5483314421222
-1205.8066629353555
-1362.602187687252
-1361.2457963002223
-1138.0030322357509
-1250.534098189658
-1256.1756710597351
-1196.550945869423
-1266.655135052835
-1331.083409558635
-1218.8146922268188
-1219.3552651887787
-1256.2784802144124
-1356.5441588943904
-1351.4944077261216
-1128.7686181338602
-1265.9332974016452
-1219.902452094142
-1244.5108402081732
-1178.731538934129
-1200.1428858196266
-1162.4725850528482
-1174.0200024291582
-1143.8806019392478
-1094.413854957885
-1245.5297361078017
-1227.6754204795639
-1357.102810774699
-1142.8767576039177
-1235.6634005870155
-1262.3933845804297
-1125.6251876908236
-1235.134218364602
-1314.094096649152
-1208.4918119389922
-1316.5075465556365
-1265.8291601026538
-1165.6940913184446
-1370.584624549918
-1291.1526954919063
-1185.8498521120573
-1174.6532519386908
-1248.2391238779735
-1186.1217797670786
-1270.4212933375493
-1213.890959448976
-1299.1553182856615
-1328.2398660736833
-1193.7679807800585
-1222.6697060003776
-1095.721450498738
-1106.8468265712684
-1332.5160466356415
-1174.4681350260455
-1317.3437498537805
-1359.3729922561247
-1404.3824445527364
-1098.0606343905943
-1114.5003690558185
-1236.5343076135366
-1292.2238755904973
-1249.0321301345093
-1301.6603184048518
-1298.4647108029105
-1236.5641492708603
-1291.1747491042809
-1240.3364836082194
-1408.4909642768646
-1187.0800448955986
-1192.2356419627006
-1214.3521573521732
-1231.4791133835997
-1232.3379184655205
-1284.5739640828756
-1287.417240931857
-1244.3169959315237
-1245.279646304215
-1266.347151429379
-1138.2665818492167
-1124.9953053003312
-1271.9924195861404
-1057.419565146439
-1309.5531508844376
-1209.9676046676118
-1194.6139946683845
-1313.2243276853915
-1200.9394501692514
-1417.4677207894445
-1193.5424461564894
-1234.3695474863955
-1251.5190712000408
-1319.0068198825577
-1135.870124867186
-1162.6573482177002
-1236.1126557077166
-1165.4798325587633
-1208.7183304945074
-1206.7570366478355
-1209.215470060491
-1368.4253767490459
-1248.552947921237
-1228.7076589424105
-1143.9067938509709
-1311.701105717679
-1406.4784042427132
-1144.7544677334345
-1219.2523525214688
-1179.4122640292105
-1173.4669464648448
-1162.0511782865906
-1160.4637956152826
-1270.5382449827086
-1216.4606150605605
-1317.9960446268617
-1217.0246389010726
-1275.5965638914977
-1199.786926054543
-1275.8127442261098
-1314.7084622652515
-1226.7957168068697
-1160.460179580172
-1239.8128290115915
-1344.8890208560588
-1194.001024567235
-1215.417978817356
-1094.7298283816688
-1218.4676056841022
-1334.6032193721403
-1238.251978757726
-1332.1885302702121
-1265.111666184018
-1192.0199040812456
-1163.438390149225
-1190.1818035262395
-1204.7365334424317
-1248.8592417501034
-1377.343193108819
-1325.5383205208407
-1130.6541467521786
-1255.5442642027078
-1349.276280314102
-1357.9474267431563
-1234.8765768420312
-1287.8901503176803
-1312.5411903043391
-1119.1765860843368
-1112.75848477658
-1270.7993776520127
-1194.0811239567047
-1154.0452742566295
-1173.0621057048177
-1243.8859485851626
-1168.7766471046596
-1192.4642377541707
-1322.232813212657
-1326.3736594453505
-1134.1449064132933
-1360.7069011516332
-1211.324045244721
-1136.6951090548125
-1333.7356289359986
-1242.6820752056392
-1311.0266434098448
-1364.8948341172093
-1189.366569223071
-1329.9086766582714
-1235.364454748009
-1112.9068284912594
-1249.0672025688182
-1305.8198588603584
-1266.0712058147017
-1252.1341194077295
-1231.4973292352565
-1161.701278321764
-1197.2318445475296
-1208.7565205170147
-1251.1878245863454
-1333.3530924502174
-1306.2210592246847
-1362.8878703946841
-1234.9597387514905
-1346.6087285475844
-1431.3009165432934
-1204.180285139511
-1217.535284110473
-1302.7155388105448
-1279.9287863220127
-1255.5886969832345
-1216.4240073158726
-1275.3872657847307
-1239.1105720731985
-1247.593926310762
-1274.4442140823667
-1400.2654955578146
-1284.354716208589
-1094.1754041709296
-1291.7684680521334
-1298.9113542181608
-1307.261505440229
-1217.8983373385115
-1261.8124194569687
-1312.5985651968213
-1283.4544017599064
-1253.5823518889074
-1295.8169702762598
-1204.0896264190028
-1172.4450485341931
-1270.047493092924

