-5228.105915116197
-7357.389323360655
-7612.994091675709
-4589.330808275691
-6851.192576574619
-5104.342514493907
-4706.889483834088
-7887.653316005064
-8421.829092978429
-6745.313536913466
-2843.618415555999
-3013.210569528756
-2839.8741127608923
-2317.106242286459
-2102.207181112304
-2165.851377627629
-3147.432903687495
-2049.9722164946575
-2083.0908051117485
-2178.3025686874
-2317.4230564348486
-2296.9984602219306
-1976.2649650800295
-2312.2322774992563
-2509.7871543066008
-1923.3561095571033
-2483.376909876615
-2380.7695843788065
-2201.684770296289
-1853.4625091920025
-2297.4682767298227
-2124.9514992949757
-2543.1106232311545
-2183.1226498141814
-1954.0549377787472
-2147.8385277475513
-1966.5326470542095
-2045.631360823751
-2135.0788299752476
-2228.6190715095404
-2137.612239140422
-2079.815903370039
-2166.469704686304
-2391.2161321255435
-2108.8138221790064
-2145.294479611782
-2412.193948324643
-2011.8872122220826
-1983.0389692962183
-2015.7940630852106
-1939.545373693266
-2370.242535659915
-2080.770440399047
-1965.57089292215
-2046.8081208368933
-1906.977261479997
-2216.015697002714
-2206.921033499118
-2085.015910289602
-2169.5287967752006
-2143.022722904515
-1855.1746386176203
-2121.606856066176
-2045.2969722441053
-2165.913891818786
-2245.0781868215213
-2052.4791207838075
-2304.3474177001317
-2096.922488939808
-2078.745878477128
-1873.132916608183
-1746.010940913369
-2135.524356383466
-2191.5544974496283
-2208.3188548024627
-2163.7133719547624
-2256.2269966064605
-2044.6709260044574
-2420.716633489084
-2066.4168178029167
-2001.1044339333455
-2332.1154953197693
-2069.8279372563443
-2064.408222175178
-2135.6958060138045
-2251.262598004953
-1832.7879576999821
-2058.414732197416
-2430.7300561753063
-1968.7625546525007
-2115.2078518259914
-2067.72523179603
-2347.3508831253275
-2009.391385928207
-2064.907377193266
-1734.6702156449526
-2136.6932937595116
-2063.9438507248133
-1955.308404201445
-2077.989356363693
-2063.55126053723
-1946.6140343968086
-2275.5107101874587
-2175.586579487232
-2150.383955794304
-1786.897114566125
-2386.0168009255126
-2242.5922463287843
-1775.0272441280429
-1851.1033534837247
-1932.2086253595069
-2026.833373269497
-2097.9181421158887
-2310.35768873634
-2093.197387797799
-1999.5904414646009
-1951.959372307202
-2053.0987302178614
-2227.652919047487
-2001.397190529351
-1829.3967646013205
-2002.0574434533219
-1848.3740969599837
-1990.1137475970345
-2360.2423543781515
-1852.2940633371616
-2045.1633279592093
-2016.0834611476641
-2080.38418616531
-2060.9544821883887
-2245.8087930873403
-1842.403595680483
-2123.8984771045934
-2179.39999925113
-1894.5962558584388
-2063.249506838686
-2107.1850795310406
-1942.3093932112565
-2186.7775755519706
-2282.572950013604
-2267.02559360838
-2151.3773879641403
-2150.121209135146
-2087.0871211941803
-2136.7272471514593
-1853.8656300554776
-2109.573162085125
-2091.9857814041657
-2040.7102109546715
-2143.416648559979
-2147.605482227794
-1755.6965553997481
-2454.0974395895523
-1898.1411338526957
-2113.5766507005455
-2064.8958815213405
-2099.756639076744
-2403.204189359287
-2090.4022122803394
-1891.099518528422
-2093.976278529955
-2064.4635829992826
-1867.2255196264787
-1653.2889564524478
-1806.6974033787994
-1911.279894105086
-2314.567467261752
-1989.0079311585594
-2476.3626158296433
-1954.4624771641334
-2035.8835447433116
-2154.320173875854
-2071.4899407049156
-1827.0126633058921
-2022.4825533039034
-1869.8456603077718
-1965.4555678745028
-2073.68297313271
-2107.97303218996
-1777.0746018025955
-2166.6708689940674
-2225.960353796006
-1886.9364954873117
-1875.8568427154116
-1909.292663249459
-2169.77404700514
-2058.1231282894096
-1903.3961041128748
-1831.8971534066789
-1977.9829393363466
-2023.3013012121078
-1721.8863531528796
-1969.3517012309437
-2263.9519259243125
-2032.821771391837
-2115.0942409609343
-1713.7966891118006
-2217.8505342805634
-2010.4993984242099
-2076.5388906698777
-1910.4798935123513
-2053.5270741298477
-2023.5203375833703
-1971.1637680241192
-2153.2926721775775
-1826.555951599622
-2048.511917576977
-1963.2687193871989
-1888.0149836708526
-1921.471748023191
-1955.201313762276
-2058.2176890083783
-1869.3734528598138
-1757.2088539922656
-2023.8080604216025
-1914.9069731105794
-1761.3231452146451
-1844.2040200187118
-2203.2765442058294
-1997.8969544837992
-1922.1664782600485
-1592.683799211596
-2218.95992379942
-1968.1323448133444
-2106.8738803048946
-1861.0672169340635
-1867.5912888994103
-1751.598383623526
-1708.0509893086355
-1747.0777632479144
-2262.437830140495
-1837.648501840272
-1937.9953131530774
-2014.1137572494881
-1815.0494670317444
-2154.0813460285185
-1926.1505388641579
-1738.2484325335693
-1945.7266163692161
-2017.6389858086634
-1845.7050817101713
-2197.696275998
-1950.574166762232
-1635.9336808254684
-1923.4557002070248
-1814.0734327288346
-2081.888349946557
-1672.946560923287
-1718.4421715910044
-1959.2089015986496
-2015.0435837592313
-1827.739326749199
-2027.5133548433355
-1947.1916929959584
-2027.450088688563
-1738.0096840790745
-2080.1866387978775
-2018.973149630487
-1884.7405621042906
-1887.702053492207
-1698.2582703166945
-1906.9434318816266
-1845.327328223564
-1756.4450050509868
-1772.409400425541
-2004.4558107369662
-1813.4362221496297
-1822.3004356361644
-2065.631075151716
-2078.5471738299166
-1860.2577542681827
-2123.4331571503285
-1746.848347738183
-1897.9977175810805
-1944.073134622756
-1943.5528006405514
-1685.9885681744167
-2188.959317818142
-1789.9714233311147
-1960.565149927032
-1845.305043026802
-2187.5863218717313
-1741.4942534919705
-1881.2962108385098
-1994.9614632415296
-1814.3534857361021
-1951.3292702098224
-1708.0085959724634
-1703.5488672749225
-1843.7542125256855
-2013.6355678895343
-2000.8730731205003
-1784.116639660868
-2117.27306290867
-1680.2869836815148
-1831.8244647079362
-1776.9557423932658
-2343.012931102579
-2114.6594744599925
-1831.734994613757
-1988.6984504401696
-1817.7027011283014
-2086.9075933728413
-1955.5066633638214
-2149.3116540865417
-2041.0049975755244
-1802.4221128705485
-2146.3422655041227
-1658.947481452699
-1913.8935120158892
-1893.3914477757116
-2078.4997671966426
-1827.3643312672546
-1893.9493881814835
-1884.8364751266458
-2081.3118992501854
-2245.560380050948
-1899.7051895569214
-1980.2095819735898
-1898.1869137024123
-1790.2363803784488
-1888.0232416850727
-1936.308689727272
-1804.915449036833
-2002.8406996634894
-1976.2695462236245
-1742.1941010894443
-1952.9714817650654
-1988.3712063669445
-1942.118762799943
-1851.0290868371785
-1968.2357436550121
-1957.041495509912
-1817.6426421872636
-1763.7171525249973
-2039.175993605627
-2079.9362686395793
-1799.8513785863838
-1834.2270593422538
-1986.3318592043522
-1719.3489149678223
-1751.7792463992469
-1921.3155997410447
-1698.6717447042588
-2051.7917631522046
-1882.1168824525773
-1886.242923377566
-2084.7643752430417
-1751.800513589911
-1855.9400762534333
-1727.3125567490001
-1923.7003755487985
-1976.7586924144705
-2155.7606626070406
-2338.6000288469704
-1768.630688081525
-1895.3516932424936
-2298.6183805447968
-1639.6578363210385
-1873.204856314347
-1888.65521170194
-1921.5211957322826
-1767.4043416659126
-1685.987406440792
-2104.5943381555267
-1891.693685955283
-1700.00514052457
-1874.381766262759
-1833.5681190810776
-2166.504338109989
-1795.396781888404
-1737.1644986780914
-1793.030190322086
-1943.3696016607623
-1902.1240646750803
-2232.0667358205897
-2315.7885954503067
-1805.9480698794218
-2001.7362683253893
-2210.358997477746
-1584.8468153803433
-2191.9575974500285
-1960.6262495447781
-1792.0204290643742
-1743.1784576448374
-1754.7169659529416
-1672.2214205256694
-1841.4038140907242
-2140.4224693161236
-1994.7685629831876
-1784.2761185434886
-1915.8859828085426
-2039.7784475472706
-2021.863124262587
-1963.854443397326
-2264.8442719441823
-1913.0075894740944
-2231.472782354838
-1775.7577857093609
-1893.5296106618596
-1851.3256896631478
-1897.3401800787137
-2027.3389933660326
-2063.2175616551754
-2078.7669825293615
-1975.747711563247
-1968.022093807312
-1780.2015017024917
-2172.4838119884853
-1711.1115796858353
-2177.8804364302646
-1852.7577318695662
-1955.2708853629747
-1918.9616209599571
-1806.9871991976217
-1888.1927947181382
-1848.162171507312
-1860.1128081242425
-1888.5999884463731
-2054.1980523064385
-1776.7592260207539
-1651.6675608402063
-1926.1055990328562
-2067.8727385662323
-2105.9507131010705
-1799.5777320167547
-2146.02589143571
-1919.246214297693
-1880.4984051214894
-1943.4833061677766
-1935.985612962852
-1877.9345216008614
-1919.4166520512997
-1905.7209693905897
-1704.2716987525066
-2010.6284803915141
-2056.340548699102
-1933.880553401333
-1827.03999327493
-1870.6157482220792
-2157.6698284979216
-1987.75005358906
-1841.5425365233982
-1828.6521874110047
-1906.0800289788724
-1757.9695401720367
-1924.0653137711224
-1868.9353134560406
-2144.1824923012196
-1814.234981398398
-2012.0952638801537
-1930.2996787810557
-1815.3571693192484
-1819.734346480083
-1922.455837900866
-1599.4026955727984
-1901.0247193707999
-1682.075866824913
-2081.8325818131652
-2065.358700385102
-2029.088956643396
-1948.9538521145507
-1747.0470883920113
-1676.5187035416106
-1728.6462869101179
-2037.9710251608274
-1599.0698517343583
-1745.9874494197595
-2117.777304469777
-1997.2714208523398
-1940.9662319203826
-1897.8278689432532
-1918.2481074608115
-1831.5790053228354
-1814.8903240572874
-1639.3403565697909
-1688.0797403777494
-1767.3392146003055
-2092.378788124618
-1913.7811190110835
-1875.5878325320637
-1823.2876003283022
-2170.7452627928656
-1998.2591091552263
-1872.5084159210014
-1919.3268523661084
-2051.765985269666
-1548.1888002459182
-1856.4592016376696
-2196.7740586479913
-1895.1318213990887
-2034.6271411349585
-1953.750584896376
-1865.0732220042664
-1926.1632022238753
-1854.657473376302
-2087.91476351122
-1965.9435373995204
-1763.1519145389716
-1800.6694104738513
-1863.050708623685
-1955.0601488887435
-1701.7682315581355
-2069.4131849042465
-2130.311226232948
-2326.222674092696
-1818.9981464126279
-1955.4598436012086
-1769.8321182843047
-2022.490364545554
-1771.1801571878946
-1974.8782376022236
-1744.310587356205
-1846.8726202934984
-1847.2907658914041
-2233.2448872098535
-1923.1327864393636
-2123.2053570477487
-1930.798364887634
-1870.7525880590497
-2033.626110295524
-2474.9248856541826
-1667.339367054537
-1749.899279666509
-1964.7531225218197
-2017.2569260485302
-1874.195560233828
-1808.0096773719672
-1987.3803988920367
-2274.635002381831
-1905.9377869978644
-1819.5853485841844
-1880.120249808922
-1883.044538071651
-1845.2756487068625
-1775.8655412825751
-1759.8572013509406
-2301.727432573971
-1732.9168710291328
-2036.9110976516747
-1943.4942464941312
-2138.314291691055
-1789.6220333096987
-1711.72707329462
-1977.6420549454203
-1855.7087370238805
-1969.647921119058
-2248.7492643684814
-1821.9970799858952
-1930.5690056641215
-1816.0190394044803
-1749.6509147409386
-1868.0379978353146
-1750.503251827882
-2010.5095304478994
-1916.360320271367
-1639.0401860908435
-1894.277732019708
-1956.1267787048812
-1996.4622705094241
-2067.9135819391036
-1832.7516568986484
-1690.7799365082067
-1925.6936546910865
-1928.0024552432797
-1863.5475342124632
-1768.390808023144
-1968.1075460306645
-1986.8433418317832
-1622.7085727255394
-1962.7143130614684
-1876.0196524545859
-1941.3474740867891
-2077.245865411452
-1848.189642773678
-1894.8270521894133
-1631.2810861267794
-1753.3322891594983
-1712.198896264714
-1733.0103728029426
-1757.1920750390748
-1756.501903224063
-1777.911056050981
-1882.945518692435
-1821.6906234981623
-1534.9411245387607
-1834.9149533645843
-2054.158310484235
-1761.3470935227774
-1962.1356254907098
-1931.6213822252646
-2152.8090188698857
-2035.025711063396
-1787.6871717852132
-2000.934038529073
-1957.662129707546
-1720.8678266199788
-1734.8150582138262
-1896.6901434549322
-1789.984587185609
-1832.7553260772786
-1983.9599291006234
-1808.9684432006602
-1767.7306922009188
-1814.4849360133828
-1562.6886830255346
-1824.1810234458806
-1831.9340083571058
-1802.4531347899588
-2128.781709192989
-1851.4929538354802
-1757.1675412611169
-1850.7404249131002
-1920.8860919975455
-1954.9241174308063
-1601.8837662928115
-1889.005115330059
-1912.5892395041003
-1972.2957600767968
-1813.2471830861134
-1860.7160102311216
-1735.9752905146279
-2050.259264006442
-1978.6866525669668
-1826.470567573038
-1851.4960602831009
-2354.4429235510443
-1732.2784596223867
-1813.9934066182059
-1840.5398530266464
-1754.4286526796486
-1852.375905566267
-1834.3937375150076
-1677.6970548357476
-1956.3289359394053
-1794.3032266397051
-1809.8947516156356
-1894.373411402735
-1791.502316820422
-1914.400766369319
-1689.9847235140664
-1779.6263413650106
-1916.1526679523756
-1951.2359270790469
-1577.1713616182076
-1607.8214663882081
-1845.0363389571296
-2116.8268970804047
-1937.1686650106449
-1607.5513927903662
-1793.3442490862503
-1917.5136025165825
-1646.0128910965036
-1637.1654128636817
-1805.6704098363284
-1714.2406940114504
-1800.545255651412
-2101.782254848117
-2045.122134854759
-1800.4961326483187
-1941.3786742945501
-1980.866710657014
-1893.2732382327133
-1917.1091779259168
-2033.106908551811
-1860.516554806685
-1838.1959466875267
-1907.772301600874
-2078.55045744825
-1946.1847523903098
-1927.1678947914531
-1840.263124434533
-1881.2968788544495
-2044.711793331446
-1882.483429092031
-2014.9567324252127
-1870.8601420446412
-1989.4370921833809
-1752.3630103223159
-1846.2452602451888
-1798.9312106133993
-1923.7246105699778
-1800.0037223741292
-1842.7134719114879
-1792.7405114311523
-2150.341305674252
-1887.7859959940579
-1879.46046637871
-2002.9457218030714
-1949.3679973998562
-1914.7118840188095
-1615.5383239837854
-1943.129841375629
-1979.4184694299024
-1907.9622632592568
-1732.5829665397303
-1958.2584254644898
-1844.6252982070457
-1909.165816382166
-1905.6241398932448
-1817.0693332881613
-1744.8949912302387
-1844.1113769003298
-1840.8860242430671
-1840.0140642739557
-1782.1427488645145
-1967.3524642810996
-1614.42916727463
-2104.0106597066992
-1926.7581058128176
-1794.8818776733992
-1890.1199288001644
-1962.121991528345
-1920.5969091477687
-1818.9044930516177
-2103.7786469803823
-1907.991431982662
-1976.9912687365863
-2041.279329969636
-1766.5612256404183
-1706.4086230488015
-1936.0800227353388
-2109.1005980783157
-1960.620082655126
-2038.8494613587577
-1584.4078504339416
-1794.7660169737633
-1888.3226111373997
-2012.579770360865
-1799.6202506997004
-1972.7961668891867
-1616.1092061819572
-1777.4592382082974
-1787.648010803511
-1834.0806832092312
-1992.8532725313812
-1811.6024020728298
-2038.2065038765434
-1693.7240400754602
-1828.3412670642651
-2091.4620744534604
-2377.516020039167
-2002.9846342551264
-1779.8115704932995
-1745.9548525318537
-1920.6767161332546
-1868.6555477677668
-1707.4936814526657
-1756.2848578319104
-1820.4833319794698
-1801.654867166795
-1786.402110114481
-1612.290717021344
-1807.007921901679
-1795.0055431348358
-1698.6170236178937
-1871.9429521686334
-1860.787464720562
-2038.5492148859482
-1959.2970891807968
-1874.7522025205508
-1906.1638704048623
-1985.8893561974608
-1733.6320045664288
-1879.326779966329
-1618.9952000990472
-1765.3299663389364
-2099.956061604284
-1955.6588318822246
-1788.8641960962877
-1783.7654993899994
-2119.008143949757
-1938.4533840078232
-1743.8540508142203
-1925.4675504357506
-1789.022088941417
-1629.3420528815689
-1754.8848361495707
-1857.4363463920777
-1808.5214688322428
-2024.362142685739
-1917.2255129170248
-1962.5326781156912
-1906.263091722515
-1915.2345335583889
-1609.1395819892666
-2015.0672464332213
-1825.8500572859277
-1799.0342541134191
-1755.0763493893346
-1863.4677457596351
-1663.997918189853
-1770.571541857708
-1918.7014530826593
-1628.4809563122774
-1729.092653259646
-1950.1605350158457
-1851.1878760948478
-2014.6528629983973
-1843.8754598346436
-1990.2823740805518
-2075.9543922487255
-1942.1351179935302
-2200.389549550242
-1664.5730767641032
-1982.4041870864583
-1868.795716913482
-1932.3872205914286
-1913.0347432293474
-1725.3571714723898
-1610.9135017038502
-1909.120846932012
-1786.8362888021568
-2263.276022003598
-1773.3284360397947
-1622.0730769850888
-1829.1877125440426
-1876.0003365059565
-1867.7095512496855
-1763.3818824132272
-1904.5752957972666
-1804.9403653964744
-1838.553785888003
-1714.469681278054
-1583.9166934300831
-1969.4381351452957
-1710.2626560799633
-1710.2400154223792
-1853.7478824782122
-1707.312547375361
-1771.9086360672281
-1869.7503773251578
-1758.8805177732288
-1897.2448894662984
-1879.2688135238163
-1944.0608674205378
-1744.095886527481
-1661.81523607528
-1987.5799245504422
-2070.04342373604
-1814.7904096350685
-1828.216320150063
-1899.6655072366345
-1966.293336452432
-1736.1125533008974
-1559.8896299008331
-1807.8170476438977
-1935.538084433381
-1897.8094998823335
-1732.2054508886665
-2065.0095060444
-1834.1481445341255
-1672.2801284697284
-1727.28873348365
-1775.7090309078492
-1752.352980297331
-1744.9962856948437
-1785.861201658088
-1821.1617135125346
-1881.106116919368
-1850.0987797951655
-2197.0940638484976
-1828.48786081591
-2029.2545620781932
-1802.2539535953244
-1954.1080946635432
-1809.8435275658635
-2150.120117879361
-1462.147187440949
-1771.8169013903678
-1795.6087447112184
-1771.6502626221295
-1921.7859833988934
-1920.152796187267
-1762.013374904659
-1651.176450144241
-1846.324261629044
-1695.4578542696318
-1617.6044919472397
-1766.070562459241
-2124.324798909029
-1706.9850882839746
-1820.7230577753344
-1859.3177485467659
-1883.2181982569211
-1840.2055796138452
-1788.3251835896776
-1783.5193819601413
-2169.893125620943
-1827.8341692407948
-1862.57571050891
-1903.8252441465766
-1751.4816324492538
-1902.6417651191107
-1900.721547442571
-1935.2579310699173
-1785.3506891024927
-1952.9058663710111
-1685.808796781423
-1868.9410763443163
-1794.142748548587
-1650.7708439693426
-2224.5366599031877
-1740.096382334805
-1673.503987462494
-1625.8995293315
-2048.6750017873605
-1700.3456458965743
-2069.3656163681494
-1879.3563794962079
-1839.0651404942769
-1737.7794074757946
-1895.261936036576
-1871.8860849853259
-1866.7806915446731
-1851.0487616651883
-1953.7001122983413
-1620.8329147303402
-1799.6600421486394
-1748.684098609927
-2159.134362281617
-1831.2211605345747
-1695.9969551634974
-1805.472826657717
-1716.2800113702942
-1776.0204190295683
-2051.9830177919403
-1716.551349033666
-1698.1393399160838
-2081.790634697354
-1687.2000071433222
-2125.217015900071
-1736.9816960281107
-1881.370654409962
-1814.6887493684546
-1938.113506406918
-1817.0318288601459
-1749.8941189125244
-1723.5730350801673
-1691.7687363254313
-1830.5113781029067
-1849.7282610760253
-1719.7209252254113
-1618.7385169376244
-1583.3916811156205
-1762.9161943155757
-1772.7871899519068
-1637.4567131634333
-1691.0878332570785
-1692.8326063161048
-1826.0802066900994
-1760.2589098739302
-2119.210615623361
-1787.3908237408532
-1792.2828744190222
-2235.545508857793
-1683.990946597963
-2135.7409659632795
-1902.737710446266
-1986.1061919649737
-1777.4699615354764
-1808.4008692641476
-1714.898709329394
-1646.5664233509651
-1967.6374702756984
-1800.2918043145073
-1680.6273417510001
-1687.337655993548
-1826.1646625344226
-1862.6625201152033
-1874.99483281473
-1848.2929634149011
-1657.2961418043924
-1778.1182618036435
-1716.8946023394694
-1817.7782869766384
-1809.5553194194945
-1796.2820787283877
-1942.341527462881
-1825.758489187259
-1997.152890237831
-1781.1901497390313
-1674.9476420165245
-1720.4645041812253
-1969.0466957427902
-1679.876213005943
-1816.579800608575
-1688.181366140466
-2003.1904538256636
-1978.6592100176867
-1744.6410931786218
-2298.5424012482117
-1822.821750363637
-1744.253525875802
-1888.7637762376555
-1769.4938911455126
-1543.2405781649852
-1871.4969184978218
-1997.612675727026
-1674.7541629541022
-1688.625081144816
-1667.684681747415
-1798.0563721881522
-1890.1069083465
-1809.6699630018222
-1651.8464321273898
-2028.5571271272981
-1723.921189950447
-1831.2629761910327
-1713.3773790413593
-1959.804901510414
-1780.4754116726058
-1757.0822097476698
-1867.1625760561174
-1882.0540962219197
-1801.462771253966
-1842.7566652998512
-2196.07869942033
-1754.1893300578415
-1686.7029129123248
-1630.1877248698604
-1873.0222572378527
-1808.0737986176598
-2008.0274609565292
-2051.839822231335
-1911.1075637426227
-1529.7224426186813
-2152.7320782922707
-1743.7062810175546
-1814.8038749564266
-1777.851357758236
-1658.5252780071771
-1858.1389131659366
-1544.2925640701947
-1789.5756470339418
-1754.829757961784
-1697.464604444062
-2101.060874068878
-1769.100313648855
-1786.3677588751711
-1734.5006716391897
-1857.6869245800738
-1759.0511594966044
-2048.5259874812964
-1529.951250262059
-1970.7641322948468
-1851.812245929605
-1821.8411152822762
-2028.6187780173345
-1936.6478886883608
-1707.6597502552897
-1727.7964350304262
-1887.5218586716676
-1796.3817587724052
-1868.4773108072188
-1939.249004230593
-1647.110806415286
-1494.5421226523135
-1882.4323729737941
-1921.3737343926634
-1831.240708496582
-1950.0484979387095
-1883.8849816991724
-1675.2798046726973
-1819.0475656247447
-1712.3507887049223
-1772.673526820476
-1831.1595634421105
-1648.002527998081
-1752.1903541770287
-1701.8576682096468
-1721.4325459143147
-1750.3865519999758
-1799.0095168570813
-1888.6627748791554
-1693.0390838906785
-1890.1625463534897
-1779.792923515272
-1933.7588979352686
-2008.5851411448289
-1695.6049911460825
-1656.6464976895184
-1968.881719394963
-1739.5671948320435
-1460.9425613340775
-1749.4338343078496
-1944.989360540382
-1606.0487232603457
-1744.284210459237
-1652.6192841486027
-1953.6646409552175
-1731.0287999228617
-1841.7800501593858
-1766.0812263771336
-1727.527362097498
-1678.9782413763658
-1568.7683551724338
-2032.514371750595
-1746.1611333893852
-1834.121531951756
-1909.3610346318828
-1743.3282469867981
-1689.3878442407665
-1906.0619561197964
-1731.798885906472
-1775.4521044122544
-1817.094114270965
-1988.6645091485711
-1855.5672749157072
-1843.1711814858056
-1867.758593079402
-2109.1238607992705
-1912.3918140595724
-1878.5172525692042
-1774.669514838703
-1895.7151080808112
-1873.4007310500474
-1617.3131944564186
-1809.3752193610003
-1775.587858085771
-2036.2118984166452
-1793.483833481424
-1772.6258813801976
-1891.6209190516718
-1893.7935575933873
-1799.3833330516807
-1743.972112122017
-1737.764842409214
-1768.3114706401227
-1878.7567446899532
-1738.383454056974
-1489.8594581808866
-1873.9100133147363
-1844.8253829452397
-1859.1420339587555
-1756.8172490241586
-1864.0169956845775
-1766.3417192505024
-1730.065188261199
-1793.3380716786817
-1500.4756968914078
-1756.318313608724
-1716.3699593406766
-1845.0888818791211
-1671.1969995803581
-1795.5961542388325
-1862.5968005713362
-1830.6915329067554
-1799.0597204562405
-1953.9622609308503
-1686.7350089200731
-1815.2650437353172
-1743.5394305207249
-1673.1715775584955
-1650.4407742825047
-1862.3425374475316
-1645.0812174442442
-1753.5304911416463
-1710.7380055109136
-1736.0375221814004
-1647.1721312568156
-1819.800610050325
-1884.0032042132361
-1714.8216523849017
-1796.1538069828268
-1623.3050506001969
-1905.8565873635664
-1935.7815379480242
-1589.1176093828835
-1711.7094464287202
-1834.0889892601913
-1897.927868329929
-1745.6475330214332
-1960.6106032937232
-1738.4565060433401
-1774.7101757667085
-1651.2713295842273
-1822.7586190300824
-1817.991523242442
-1911.3893989460657
-1824.847667616028
-1910.3454965080732
-1817.9065808355672
-1839.2288947109719
-1849.6809155636765
-1664.7816241281419
-1718.7103900102381
-1727.8143011770971
-1637.7158928722633
-1999.6326685222366
-1842.915277648736
-1655.409790965523
-1807.0540462347199
-2061.9626725391327
-1949.5757268964655
-1877.8826294472158
-1704.7171274084826
-1604.0214365963986
-1853.5874999599944
-1680.8110023608992
-1828.3320639716437
-1941.6942761869993
-1768.6689696662056
-1818.5636440678593
-1696.931924203431
-1761.594529331667
-1560.09722167224
-2179.6173555185287
-1886.2516948571183
-2053.9390288248737
-2115.2365828284287
-1564.4245217756168
-1718.837199273616
-1705.6544404952667
-1749.2864616071638
-1967.100408061516
-1869.8004759220487
-1658.0901496611305
-1725.8529851009062
-1733.030294334333
-1979.2429940763539
-1773.6416958360976
-1691.3433462948178
-1981.9596346370165
-1682.0094801366076
-1626.2375826075854
-1648.8926884852717
-1720.331484662697
-1806.9987124298289
-1712.521761243935
-1673.671466181925
-1642.150399355632
-1757.481425517493
-1839.8035724665722
-1987.3536558276114
-1726.1547026190547
-1883.3269663716167
-1822.136992347973
-1821.5510472710757
-2161.8411896110456
-1865.0403380645373
-1632.4664169251282
-1859.5700459179745
-1700.7963368783323
-1819.381348308755
-1949.7076442396244
-1815.5046274763993
-1859.7685261344222
-1820.9078017539287
-1830.5140957996928
-1678.7209603209972
-1631.9538171616816
-1828.5577627925245
-1960.283392540475
-1817.1481928290884
-1875.5598938690412
-1734.529813729841
-1778.730821771649
-1740.3334086946597
-1835.101346998446
-1663.1699652862346
-1871.58050050078
-1724.7258494482178
-1723.5586071812186
-1784.3790949774188
-1902.085835182333
-1768.037463537456
-1726.8547405749614
-2232.447348581753
-1817.1317885925969
-1844.1291198023869
-1807.1968626163468
-1671.0657315703495
-1895.458227509947
-1808.9301290696037
-1662.9471460055945
-1854.9850727019327
-1699.9273865609498
-1735.241070836039
-1666.9460360599448
-2025.4515143743317
-1825.6529214798607
-2108.115488236709
-1832.7428921057256
-1775.9838688758643
-1784.5491535304373
-1838.5384315946526
-1669.5687190663095
-1870.1656627185807
-1708.6302719531068
-1720.961992436877
-1788.7106844041543
-1808.4931419038417
-1923.721607871412
-1631.6012734263556
-1827.9674248309132
-1764.5782728727308
-1714.2184219162912
-1760.5484311391049
-1881.4191198662843
-1659.1505919391007
-1497.0400395803724
-2055.5543312383493
-1876.9770712829654
-1985.0585922239984
-1368.4740219622033
-1787.341722187725
-1611.5516549703711
-1724.3920942764607
-1733.7215013929901
-1581.5847521995943
-1910.302930019816
-1857.0270818514998
-1664.8645951646943
-1736.5411752449622
-1656.269982318
-1698.3132155035862
-1891.0190475904103
-1852.4724256620987
-1924.9671390689346
-1980.5211585528527
-1875.72683309111
-1531.4937648921368
-1775.1157845671048
-1872.4050729870203
-1819.5699004208125
-1737.7738969516172
-1727.3370486891313
-1701.5608531353532
-1492.2956207467473
-1936.5074460956885
-1714.5682528379637
-1753.988778984169
-1845.7692765367851
-1834.3776575018733
-1866.849180912257
-1701.4055093509376
-1707.9158041706858
-1740.955909523045
-1815.9187106904326
-1785.3127973821797
-1808.9161162390126
-2082.272806246912
-1744.484476697464
-1853.0779299863634
-1858.6588704205046
-1932.63945910445
-1899.142327254803
-1709.1422377622825
-1922.535850580667
-1646.3159955960302
-1864.8316369570534
-1848.9671356010078
-1848.5504261243736
-1887.7792581807935
-1962.4054237214762
-1871.468482225823
-1904.908207581647
-1639.3087337639156
-1753.292826771398
-1748.0829136027592
-1671.7204110732962
-1802.4539319086966
-1753.0619971486612
-1727.2460010936377
-1777.4499207975266
-1847.4482704333782
-1547.9721142581927
-1768.5480265814238
-1771.0295752095212
-1647.2509074166633
-1755.2377071883298
-1610.7149215218303
-1542.3654169642311
-2046.2303181351674
-1685.809882331521
-1865.2376509266605
-1975.32799174189
-1544.5934899307906
-1701.5899861657538
-1748.0058520606315
-1864.8076884663137
-1948.949957126358
-1761.135818295575
-1884.4044426559456
-1908.8477695933204
-1668.3250997563744
-1860.4435604685732
-1789.1133905469092
-1661.2542851660037
-1798.5497132499663
-1817.441183449773
-1813.8622382945232
-1753.5603230888942
-1790.9438439624753
-1680.0006944861702
-1792.7782168730066
-1896.405599500773
-1886.9637571975302
-1907.9605296249536
-1959.9170929594457
-1864.1360078691398
-1762.8846468861354
-1789.2121415576728
-1885.388285863398
-1812.1205151639408
-1904.742322118213
-1760.7085481388935
-1978.5207469940005
-1785.8459841544895
-1759.7960615774437
-1785.9687262864709
-1616.2416409726875
-1767.427894983135
-1595.6233400432714
-1895.4334918341742
-1783.6396057576958
-1826.76936322829
-1776.2954737961911
-1839.7115641270423
-1881.5003087750931
-1706.4881286076823
-1594.3573193612945
-1820.3802946800038
-1796.1108926629654
-2018.3750272466152
-1818.0938871982357
-1752.403890598349
-1748.387374679058
-2079.046379583664
-2216.4184478381326
-2020.151926830512
-1640.78183084108
-1810.4914211392115
-1806.6035204723344
-1607.3555652977996
-1485.2081737495462
-1868.3612090522488
-1651.8417177761
-1699.0518911337267
-1833.6237092173549
-1576.043293119673
-1646.309910327994
-1751.8706826251453
-1799.7725548532528
-1972.7758585790523
-1766.428507637194
-1960.2128304326088
-1534.2256147869152
-1881.507094997497
-1826.2442068292694
-1730.1840049461825
-1877.6602255425914
-1875.473062369362
-1800.8990542962217
-1668.713665576461
-1835.0685334816178
-1669.9446792311996
-1862.2068101011735
-1780.2258504599934
-1829.9192621585137
-1822.4834803433585
-1766.5223808467315
-1563.3781545647857
-1955.044914576814
-1608.0704352975135
-2035.6541650253812
-2058.9021782339405
-1956.3551322135108
-1929.2990768771258
-1729.6512684703423
-1640.1583164302763
-1763.65311969314
-1860.1001316883471
-1817.9196937268791
-1769.973054538883
-1663.465509408625
-1908.3479666702142
-1588.7493530839413
-1884.7383919220172
-1684.2636671610821
-1743.4587001322345
-1732.554065166337
-1781.017191823835
-1831.5931456926485
-1743.9988019337638
-1590.7650697958907
-1806.0572921457665
-1733.328600645797
-1801.6866220579602
-2022.6557687631064
-1767.786555648137
-2042.2062827535926
-1764.0675769840961
-1841.6049456463581
-1631.4290025673633
-1659.5777850314985
-1884.6493144578387
-1857.689898612877
-1726.7886612149791
-1833.280044694864
-1751.3025140370685
-1785.227647428927
-2047.3423129247615
-1936.0846326390858
-1630.0403837271945
-2065.6265076646887
-1912.1527143657677
-1572.6309908667622
-1866.5313424846172
-1937.9513049819552
-1708.5661088119286
-1920.899953149553
-1987.9613453909772
-1988.7936675284607
-1796.5564660079115
-1852.5267787871542
-1789.0499617591067
-1656.0627884346825
-1673.9031378768855
-1824.2383750052913
-1758.2594260656333
-1672.2148445951227
-1730.9910067914218
-1764.8662462592604
-1745.7546499171267
-1767.4292006869448
-1698.0862325743842
-2053.0322398808203
-1692.5305572613418
-1784.5536068081049
-1693.3671620893767
-1802.5534364597104
-1923.3584109459
-1877.4401422375674
-1674.5166655493745
-1747.5442030895983
-1697.9665561393958
-1919.5895648748392
-1715.9237684390364
-1738.7529672593673
-1707.3063767598321
-1902.5686215992587
-1893.2320601166218
-1834.1204506993008
-1755.3267990961526
-1947.4387282358418
-1813.5052663386896
-1718.1191840933038
-1682.4733595307437
-2105.749337883876
-2093.58987487811
-1765.421084979335
-1721.5534359909263
-1619.1817439352205
-1655.1330946721887
-1743.2419111730615
-1828.8220309608248
-1592.5457749662899
-1738.6176728901912
-1756.8372383965473
-1779.321069748477
-1825.7205415211483
-1799.343742389055
-1954.125435577469
-1678.3123252336475
-1861.6880056814662
-1800.7072955946867
-1656.214410098119
-1733.635169879117
-1791.7799443087379
-2096.541993777964
-1799.0607830078668
-1715.7945566379715
-1756.5654353324446
-1764.5166140099025
-2100.8132714417457
-1832.8471733875874
-1918.9253457229272
-1615.701223516263
-1809.036389880291
-1883.217310331533
-1797.8033257321933
-1862.2753380633608
-1883.7543120925511
-1789.8981596169785
-1838.7263976070149
-1587.123673788525
-1772.0967636456603
-1668.5525691912171
-1840.7420161838404
-1760.7475745449806
-1688.6246865628357
-1803.4492652644356
-1729.9307460987802
-1558.2937424200468
-1820.8908153584698
-1934.3352281994491
-1907.8858753243892
-1849.6682522890542
-1955.8775711927165
-1751.310660700643
-1902.8357482072067
-1884.0234781596143
-1743.8683152622325
-1780.1076497757192
-1772.5220085623873
-1659.9735560823958
-1711.335608960045
-1838.9553711494568
-1966.3183147934844
-1738.259950996613
-1513.5466956450707
-1790.8939344750754
-1772.184831468763
-1840.8165397688688
-1923.5541964705433
-1550.729216170611
-1715.5457359237596
-1803.7928975178695
-1760.0433827852369
-1934.7070927155396
-1852.6101626712389
-1859.1326426964015
-1687.0608421185434
-1819.4967792849154
-1856.5766706226173
-1729.986745399638
-1773.7543651858468
-1696.0570879149388
-1776.9892725183456
-1660.8349382378296
-1668.9915409581852
-1628.5919384687018
-1796.851756375732
-1594.9443424994424
-1688.2854011345948
-1908.9661296589911
-1794.0924170495537
-1892.5579591691337
-1650.3194595776843
-1797.8399983745728
-2074.6704413403886
-1920.7951181864044
-1661.982563427683
-1733.5433877845787
-1628.2603599260515
-1640.0093687003944
-1711.4223787475053
-1955.4714074525698
-2039.117190271923
-1384.5381339303449
-1615.8630530866444
-1733.710931175364
-1700.5332084051922
-1786.261266226357
-1929.6411712140819
-1992.595147150509
-1812.5329299964217
-1777.2228190458297
-1848.131345860246
-1906.749309183692
-1661.8440400187778
-1636.8429376169456
-1787.7428506911501
-1677.3253206875647
-1462.8442401692232
-1708.5143700518042
-1547.8889159232897
-1903.338824221571
-1687.660203533771
-1665.2187051535282
-1797.215019187434
-1790.2922621410476
-1749.093101856607
-1813.6871632219181
-1851.9309564237474
-1761.5419446023802
-1710.1418191414555
-1690.3857179609327
-1719.9615731874324
-1700.843040564602
-1615.9082525220626
-1849.2336983788864
-1761.2396526530865
-1809.2963216928454
-1513.4274175995483
-1896.1348990928248
-1784.141543877161
-1740.5275239659509
-1866.5267492749283
-1539.5858959184086
-1698.4840861620944
-1661.6884290438163
-1586.1947698170165
-1958.6087963520833
-1951.7545639712473
-1790.1140980572318
-2007.4930652852945
-1738.3925577111706
-1720.8976608782316
-1772.9717668464875
-1957.2772663327864
-1624.7658146890426
-1862.822397526735
-1988.1359841392978
-1687.3600084232025
-1874.8432336667656
-1769.9226381615513
-1687.159244302794
-1775.2744066351815
-1735.1391702202054
-1582.2082572359047
-1675.7753237734473
-1705.3048178095844
-1743.2971555764675
-1965.8398300997999
-1728.1675210931967
-1692.700302391556
-1723.2206888524688
-1634.017639936659
-1843.9630829361406
-1779.4726908005055
-1922.697974463938
-1647.8094868142452
-1863.6525712240373
-1501.919491266116
-1779.077845083896
-1848.740385868441
-1678.5906546486267
-1853.5546102581757
-1937.9983232901195
-1781.2264521170378
-1785.7599712753631
-1684.930292706866
-1877.7834084545223
-1598.6456319640163
-1631.7856695277437
-1711.2440318622141
-1976.6227993250866
-1931.652391549291
-1716.494717482601
-1803.1024172512823
-1892.855166294737
-1707.329264671237
-1665.369398274193
-1671.2000052365693
-1708.0499825538523
-1740.433198067946
-1694.7938959483702
-2019.4121444077514
-1815.2336858857802
-1880.9522531579819
-1891.4213746682578
-1731.4158592367787
-1799.8539630766868
-1980.0363250449825
-1649.5298927907313
-1550.961483068822
-1842.1967044114203
-1833.2786032320557
-1852.13362456613
-1945.943679658206
-1672.5961892240005
-1936.3370440362164
-1646.5404927845493
-1666.3738562388469
-1547.2154126928247
-1752.666510363028
-1818.2843405613721
-1583.4681106344678
-1588.370620911223
-1707.8507046574878
-1679.3005849992314
-1906.272908913546
-1667.8835927744117
-1641.6216995006375
-1747.7224591533027
-1970.2887916362836
-1677.3212954232977
-1765.3058021223046
-1820.2079353006013
-1615.6933072136435
-1752.984474119763
-1952.6898851803664
-1799.7648916779235
-1634.181247006413
-1633.5709434373387
-2022.0640270525266
-2017.787672986701
-1635.7298074564071
-1907.5754158402324
-1855.980038125059
-1778.1842640518184
-1798.2755046021011
-1628.6833382405994
-1734.77393968283
-1668.1616725552065
-1731.1343814784334
-1721.8948694927517
-1815.8268634883198
-1586.4145485916413
-1563.586745001325
-1655.7428925260506
-1711.4898171720238
-1880.6010772815462
-1860.9549959295591
-1726.9672477582892
-1861.555712282308
-1648.16367157951
-1873.9510890379518
-1789.0587990377157
-1802.6925484904566
-1915.27238273871
-1690.1411941339152
-1868.1888632727364
-1716.7678580320032
-1729.3960231158642
-1985.937378388222
-1845.3308362501448
-1622.5246220268268
-1850.4637051061598
-1560.5616165674753
-1669.832743241877
-1740.4916611184822
-1631.2026318023468
-1840.209768697476
-1698.6720173301171
-1675.4874784044
-1557.8278601744703
-1734.0542211328082
-1836.286721003053
-1926.0886794246746
-1778.731895588772
-1816.9731026721777
-1584.782912068567
-1627.2141409255398
-1559.5941797084508
-1707.3296206818336
-1713.247795899252
-1597.8656794500782
-1681.065934052607
-1882.0903950153654
-1788.386701667669
-1819.2426512208738
-1723.3500487056533
-1893.6866383299075
-1857.2982969694995
-1778.691619236829
-1885.9459855901791
-1748.4560463705648
-1727.130829852209
-1872.2249741780724
-1727.8673959235446
-1769.7987272308833
-2150.0271754510677
-1856.4138483261647
-1578.8151554145988
-1877.6381303139121
-1645.4563376639724
-1830.8473456237416
-1880.8421577767017
-1893.3769397535598
-1937.895748236202
-1813.8014436386925
-1783.20807660697
-1623.6121933414763
-1832.2731961066418
-1788.212855247883
-1629.1020781692382
-1627.7383802658967
-2033.982349489226
-1561.22614397325
-1694.2875545798865
-2092.1987270079408
-1798.6985746088537
-1855.3436812751709
-1919.790765242041
-1878.9916778763375
-1834.0649144269203
-1819.3588179249748
-1705.6960521839928
-1916.9897919330028
-1609.2544823492447
-1939.2074005791742
-2010.2384574985379
-1765.8487985985246
-1771.6292920408962
-1686.6286851255534
-1720.4518314196969
-1724.0867118227034
-1846.1031809639771
-1639.8853961487669
-1866.9296152950294
-1884.6615152506647
-1830.5372295764982
-1597.4143401031872
-1700.9775652661597
-1727.098272340839
-1738.043152829226
-1742.8332518386587
-1905.119630257523
-1614.2787138394579
-1687.476995528818
-1753.39209019378
-1720.6057249501057
-1860.9652991508558
-1894.829856212399
-1673.745931511278
-1783.090157553617
-1850.4363400592056
-1675.702390834215
-1860.6710029860521
-1838.0518407446784
-1817.267045017337
-1680.0188619230132
-1680.7156886252008
-1783.9312705524826
-1858.6874522468688
-1635.0960546286724
-1974.0230168889557
-1736.686998628635
-1656.7542874250312
-1737.7461188910186
-1800.6543417516175
-1687.4540777101715
-1678.4163580055704
-1574.1471470445372
-1574.5967786606873
-1629.3367997765617
-1770.7100623028482
-1492.4735121441468
-1844.4403272493516
-1980.7276255409745
-2099.649315311881
-1825.1596490544011
-1600.5551679813202
-1716.0733332548077
-1625.4485898115122
-1677.5331055270974
-1774.475439119175
-1752.9399674692727
-1719.5833827739161
-2113.3118775320136
-1851.1950833495164
-1778.2849630151634
-1751.034773575097
-1757.1206580166786
-1668.120354949815
-1690.0065038728403
-1901.2204586349692
-1893.6513285450424
-1556.668249493329
-1930.8382546204723
-1523.9302535696875
-1876.951103824061
-1899.3588185694243
-1674.8914152625464
-1688.9088674138486
-1672.2586847141017
-1967.0463201887128
-1878.6498609215046
-1717.459102055937
-1715.8674294926245
-1768.1292422047156
-1796.8691281901781
-1727.6699841760912
-1839.4066751856117
-1882.2324951454598
-1972.3893022762777
-1753.0336618923156
-1630.3456354136129
-1703.7365139095593
-1605.6947487572304
-1869.3283619912656
-1682.1994635079723
-1680.204772946981
-1706.1419229525084
-1716.6022558845827
-1464.7959716867836
-2040.4967003353192
-1689.403862033713
-1792.4563065405048
-1800.1669089065301
-1618.6523308285493
-1744.1714154082397
-1836.8632817638863
-1619.2404317992002
-1952.4308081248869
-1806.1901837254863
-1677.961293013779
-1724.8939167324584
-1765.6561987547866
-1853.805686732605
-1781.5510704859757
-1650.2116314572015
-1851.121731953867
-1821.3968728229092
-1595.1319578169519
-1781.5347172143472

