-2457.419923413077
-1812.6334782726426
-2523.449534849991
-2734.6783557932426
-2139.543061668213
-2385.8000279718617
-2496.3218092871766
-2405.372144551166
-1924.7810781608723
-2333.9269787078256
-5695.183753906896
-2216.2141547256756
-1911.8593207686783
-1656.8360117278762
-1459.0222601553414
-1825.2359799565104
-1892.4579425852835
-1866.6554691416864
-1674.8634627141464
-1616.022834424129
-1442.8054223649776
-1501.9788162347354
-1587.1700193355348
-1737.752452836233
-2261.218154958987
-1801.2729537906553
-1369.25578344708
-1519.0114775308457
-1659.9716416606673
-1289.8042801565198
-1809.9631009789014
-1996.8065851265853
-1595.7911619181582
-1553.646586586053
-1503.936877501282
-1431.6180074334522
-1412.6616153200516
-1490.2056695593183
-1548.7076617762862
-1432.4229214977395
-1333.058009575747
-1506.2754917112125
-1422.352392389478
-1414.9444321905517
-1435.860739203912
-1699.1583477195502
-2040.6132653410561
-1306.8328188857722
-1545.2845896820031
-1511.1293818662386
-1404.9141551777338
-1594.8338297315988
-1700.0162047025215
-1477.883981751806
-1354.343285511036
-1334.5434523431531
-1396.2061755424152
-1344.7004823394998
-1495.1117282066616
-1677.1566193895685
-1743.8086866324445
-1398.1121605950968
-1281.3434848763022
-1454.8009428900418
-1543.2796956080035
-1539.4075207919968
-1374.5580589301899
-1265.2920884713394
-1339.1401507216683
-1519.06643971559
-1183.5541940979128
-1622.2603223952456
-1472.036767022697
-1496.4543840128454
-1536.4761458147777
-1353.099408113359
-1374.5116200452449
-1519.2408281565213
-1384.3074162806229
-1251.3738222023937
-1439.7872499827827
-1251.9350416547509
-1419.0145765177456
-1419.1848210799317
-1633.8050065075129
-1687.539583128435
-1422.0456819121473
-1339.9431660185462
-1599.5296415565422
-1518.145415873001
-1391.1989832052832
-1181.6498893731239
-1347.9838810764595
-1646.5846213567086
-1436.6410949579804
-1469.4797248692157
-1287.965187181822
-1372.169230845787
-1345.376151329019
-1398.508006168495
-1254.5308546769465
-1310.2563516547325
-1350.551946325213
-1436.631774987849
-1458.716823762673
-1374.9206419147238
-1421.6531396848154
-1352.3268084935207
-1463.604630675991
-1423.5787818431406
-1506.6900632610777
-1278.3852804239614
-1455.5770430041111
-1350.1164734047884
-1445.6412520792562
-1463.2306390269428
-1327.7380143846967
-1476.7193578299562
-1435.172097148508
-1352.155984504733
-1291.382455612553
-1429.7674189834206
-1404.410388159696
-1464.8106170136853
-1483.9684881899848
-1506.1421728077337
-1178.6479351192986
-1278.2500678567
-1328.3427086016045
-1314.0757116277025
-1440.3345530961387
-1353.3420146123103
-1453.844382536226
-1429.821063190817
-1338.6438245329787
-1379.16770265429
-1286.1856470685316
-1402.4018524210064
-1515.2610716516501
-1633.8477050011525
-1453.798887369856
-1534.6186972476369
-1385.5968923630705
-1397.2598747765614
-1271.7657791978745
-1372.6757559251373
-1171.5539737107235
-1499.5433314317845
-1631.347970624698
-1437.6358067351134
-1166.9514595894975
-1415.8292527141211
-1443.6526153020432
-1208.9001120802318
-1526.043491140651
-1263.027972238258
-1532.1778013554356
-1377.8600879176956
-1235.3630401347434
-1587.5071528532358
-1340.379155995602
-1362.1223548931807
-1262.5558714955382
-1398.4208353079912
-1513.854014577664
-1598.7364015474911
-1419.8115479427015
-1191.1467474648184
-1591.9554311453103
-1301.0454825239385
-1208.2364177385828
-1457.1976903892114
-1348.092811145709
-1289.177968423686
-1254.0218192951372
-1368.6242667015326
-1579.9395571434952
-1378.7913999579098
-1121.605147928866
-1471.7449281527568
-1180.0998868924576
-1291.3409956698624
-1451.6185027673723
-1265.3613253468104
-1430.0301447904108
-1401.396876471675
-1393.0423896715333
-1313.648536618356
-1197.8708697163465
-1279.2985740613688
-1285.8271923281225
-1576.1413902213708
-1444.4371884384332
-1497.2350640827854
-1172.3015667049162
-1328.9124304035952
-1164.9510079016973
-1360.678093806098
-1584.600344538963
-1266.7375160941904
-1303.2891942967008
-1660.3021692352665
-1539.147732916205
-1594.8103644942387
-1525.7178280546375
-1484.8337227689992
-1335.4289860286494
-1462.8094900064625
-1188.9092575962643
-1394.5199433153846
-1381.6698135446143
-1240.5574030238295
-1281.0522128485356
-1279.3389755682656
-1407.0310615774606
-1525.4888984590064
-1229.9360627859523
-1263.0575443699004
-1420.3356560482143
-1302.3215277773324
-1340.358541982473
-1465.3850104138219
-1422.1992597014541
-1447.3119255364745
-1282.415396668829
-1411.2331774252734
-1259.279960570566
-1379.0908268476903
-1214.522408471285
-1249.487953815792
-1317.673419571888
-1381.9275164965818
-1273.448513624376
-1381.1259308614926
-1414.1203180318082
-1391.7669668881617
-1432.9158574330677
-1597.9248739139089
-1743.209276669863
-1474.8297361087161
-1261.7487856549442
-1415.5567162933091
-1210.756436026685
-1284.34052981444
-1234.7262733992766
-1319.8837023319218
-1416.390443169211
-1273.111012930482
-1323.3647431301977
-1257.2570296261592
-1084.1348792518716
-1376.1338001224026
-1264.3385418106313
-1276.4731041424611
-1174.9812885076399
-1189.636488390394
-1344.1795762490724
-1366.3304101846657
-1222.232440331091
-1254.6382199913114
-1138.2725275532348
-1443.4458914829945
-1263.2962386972358
-1205.3239456935635
-1214.4336620139463
-1298.4946842533354
-1342.372760842802
-1333.02228269831
-1422.9063102880577
-1360.745641287806
-1371.0413845378619
-1309.3842623107078
-1380.5411757483957
-1527.4511338139437
-1377.2968911437902
-1388.4122038058213
-1323.7059047151988
-1468.5911267444178
-1187.2799542728064
-1326.9281998936283
-1321.4710139998633
-1281.5113346529552
-1285.8733816104866
-1283.9793471646367
-1288.2946825819056
-1473.9506631325312
-1261.654979341132
-1296.4656571729938
-1481.234026321885
-1349.0395300332889
-1246.7370166289902
-1510.8788646096614
-1256.161939056159
-1268.298036183587
-1188.6381858171246
-1216.7542832544175
-1236.616859731812
-1335.045332890908
-1443.650315984597
-1331.663565226485
-1388.8776529784864
-1242.9450617393516
-1215.5913087818021
-1215.655111124475
-1248.719844573281
-1355.117423714603
-1229.2963828081045
-1344.0152228244365
-1426.9591759144394
-1502.225701993088
-1493.7055039952554
-1325.1898202814962
-1439.8367288969332
-1365.0495686306751
-1360.4976262336804
-1197.5052924127924
-1419.222525601901
-1323.3969523589533
-1227.4262855406052
-1241.2278441439767
-1579.4712131356239
-1210.0474133487346
-1273.185798527147
-1274.708181582468
-1389.6141842634752
-1310.0850040031075
-1379.0946029950992
-1269.8204010931304
-1478.6600832921092
-1381.457218979929
-1330.8291499213908
-1288.1567203240556
-1289.7285805945312
-1376.6442031065599
-1380.5433516010924
-1311.1852820445913
-1272.0327480677338
-1291.2352992300728
-1376.9871743693657
-1381.0370902065958
-1259.8343655215972
-1181.5703979525424
-1232.6128752414124
-1393.946654875774
-1402.0964509971132
-1222.06461790261
-1410.5259374593631
-1343.4081612733949
-1182.455975523257
-1311.432883406382
-1307.522338419314
-1318.4188984312364
-1494.1877097880326
-1282.1055707620071
-1350.2672842163956
-1311.9939826692707
-1327.9558570463828
-1392.3244215875277
-1582.2975734417023
-1413.7952356390992
-1387.9807579027124
-1574.7832583618506
-1349.4909135321727
-1080.400453111317
-1338.9352694258405
-1362.2608542260118
-1263.1364938072234
-1213.4646891929467
-1330.5053621123798
-1441.03424986642
-1302.528596323485
-1199.6235485397665
-1462.657609749556
-1357.0187547686623
-1167.0255324416066
-1239.4812936982696
-1304.2510170371445
-1355.1198842239874
-1267.2875800251468
-1483.6661067970388
-1178.2141183643475
-1439.1773004405975
-1313.285395095726
-1398.9199469800187
-1457.69935372487
-1229.7615424298756
-1442.5935293519287
-1247.3062283878526
-1349.8296826792994
-1357.878637079453
-1338.2110404245227
-1288.651473534046
-1382.986938041834
-1465.1778999515734
-1430.563791130917
-1440.4472139907946
-1283.2472145930049
-1258.4725224999897
-1498.572976602503
-1474.1090355060924
-1252.9533887826606
-1440.892932171887
-1271.4612561932868
-1372.9518252980995
-1179.7114188088383
-1310.8904715635474
-1513.0266551015661
-1338.6161935991122
-1556.8185014601993
-1294.435913866757
-1154.508842806882
-1333.967816604828
-1365.9308711850997
-1334.8869099473893
-1333.212487342897
-1216.6839634741395
-1250.4633990646798
-1314.839608940761
-1343.738493956649
-1328.6628104209756
-1276.6546829314366
-1149.1984624835839
-1351.9236847546886
-1200.6190818003597
-1299.0263007865158
-1419.6728648283276
-1373.9571672941395
-1254.6271201515415
-1380.5638460410412
-1190.0121548437753
-1297.5815580430292
-1172.5954250162222
-1481.2709953739313
-1288.6381571118757
-1124.3145052466386
-1312.2228717047703
-1327.4341446145706
-1229.9113749768067
-1157.858482196846
-1564.3240262249979
-1696.592294453435
-1524.2787502267383
-1503.6425467776658
-1254.9675552792478
-1398.5592525457828
-1316.0161999879138
-1397.320352895492
-1457.3525398690024
-1150.9195902428394
-1281.2436025906763
-1237.4047434597906
-1465.8526179659605
-1203.9502234555853
-1300.9193451592514
-1322.027302292522
-1341.2528188786737
-1363.5093819010754
-1438.4623268249206
-1388.170833789663
-1416.7432098656218
-1332.152364169993
-1227.1007164637458
-1419.1061033548922
-1289.1829148209897
-1406.629075761268
-1444.537516449789
-1302.2106738092755
-1216.8452053900953
-1327.256862996919
-1150.2902435701071
-1188.900476619837
-1400.822782840623
-1275.1623787170936
-1493.9989638707525
-1323.96711701997
-1445.7543301666683
-1342.8310131216085
-1295.5921222183854
-1182.5511397085404
-1494.946601276038
-1330.908112357101
-1462.168520117861
-1267.752285551124
-1493.9146324631727
-1431.3623413130108
-1352.27651556707
-1279.3436247504656
-1304.0583431429031
-1548.119120188564
-1099.3069876047948
-1329.6762033108437
-1322.9027225539476
-1309.7448520682055
-1261.9965487539473
-1388.0919976548162
-1141.283115654107
-1181.390271512854
-1342.519025066445
-1434.3751922191598
-1309.0584477966158
-1230.3791033181678
-1290.946747385032
-1220.5170153704119
-1333.5225942767313
-1247.7600943166813
-1239.0494193054674
-1434.9266648208445
-1289.9497445832858
-1426.7793943713536
-1415.237268061841
-1233.2889913809477
-1190.2800261519126
-1339.697798311367
-1323.0478312886964
-1284.3492913379896
-1414.1154162902478
-1204.6628231071882
-1194.2761802952361
-1268.6710049936005
-1334.1288082946296
-1279.6535821802509
-1341.5149046766028
-1156.9807773783223
-1512.7698422316225
-1339.5020752339701
-1438.1530702965147
-1284.7939636303452
-1269.0824188385811
-1264.1552138425861
-1167.0939871983999
-1328.5877005834175
-1280.9329497610877
-1342.1250687727002
-1335.7433474519967
-1322.5619297670423
-1292.5471371698743
-1274.0292228912115
-1127.918986392372
-1376.6758169337375
-1346.9113685905945
-1442.1163972973625
-1312.4492472641732
-1122.729593527992
-1216.8682821273774
-1538.7379883223834
-1320.763476623619
-1434.4732187278048
-1295.8896181262626
-1279.5379577881763
-1267.5004004436648
-1253.8277982276932
-1240.2907840129762
-1221.7735995674097
-1424.9962019468076
-1352.9314696618187
-1287.146119885756
-1180.879882448892
-1415.737151468978
-1256.1803296037797
-1327.5013429040096
-1255.642415835682
-1162.8139490659555
-1420.4221264579817
-1281.7649588354066
-1200.938709654398
-1519.979829494127
-1460.8937140732198
-1210.0132981764482
-1201.0759836596378
-1261.697882450198
-1444.98856522777
-1140.2239435225993
-1178.1102020686967
-1299.8169245756826
-1280.587989880548
-1194.5278244614826
-1298.1657164720946
-1436.2837174739261
-1422.8176130165637
-1309.974619002115
-1236.82351121048
-1191.054350298134
-1151.3919811307808
-1472.7356701084716
-1503.0062290974163
-1396.619968540066
-1427.4688798096067
-1234.9383530527853
-1252.5863403924877
-1164.768227687909
-1149.78836837704
-1367.4015801605528
-1136.3756029281171
-1351.1448329811396
-1169.9361289098322
-1302.1246846110407
-1159.598340000679
-1284.7794010762732
-1143.6423284130008
-1413.007722473798
-1362.4724400207763
-1381.6309477822133
-1367.6507538941428
-1335.7766956709165
-1157.5805263069421
-1321.1603426307022
-1336.7359997269787
-1310.3195391207041
-1336.953112791348
-1387.2714603439954
-1473.445183248885
-1207.0676445670229
-1254.2633089160163
-1406.7341126369038
-1233.501097497635
-1268.80224902168
-1241.4843289025728
-1087.8990101488246
-1110.1340514765989
-1252.9750798082287
-1257.3846978529875
-1334.159441582504
-1401.3872035272814
-1406.0800268824464
-1348.010353111661
-1210.8844085321732
-1242.8171112301222
-1203.8836117185358
-1264.88822710659
-1370.8398154461838
-1059.174592625383
-1332.0510663603663
-1291.0632118369767
-1386.121618827549
-1455.9582239956953
-1243.3538115683496
-1359.3209011365584
-1296.1057189793485
-1239.708481223001
-1291.2272252118396
-1342.9505209330616
-1219.6507199776295
-1224.2051560130792
-1225.946945056562
-1299.2502074499234
-1377.0102921129576
-1225.4730721287158
-1274.4554438452033
-1247.0765010301338
-1122.3095133659094
-1258.2686263634153
-1241.6104276655353
-1328.2763739178765
-1369.4410462332899
-1194.5476872990494
-1246.4459137619087
-1387.4750180822796
-1305.4113402594749
-1289.6515535316
-1374.8632057238647
-1369.3874749487868
-1407.4228171032485
-1144.7872544967631
-1230.4729924133037
-1381.2334597855122
-1282.1347761371835
-1172.0385693711978
-1338.557412569202
-1258.96219739264
-1343.4119266443167
-1333.165361700871
-1083.80071659091
-1343.352036784776
-1138.0888938717014
-1271.9246935093638
-1157.301113016633
-1261.0748649059879
-1317.5186395026935
-1341.0845998116715
-1182.0636316527555
-1268.4782331885008
-1387.0655167952796
-1161.7224335899386
-1396.0680493387827
-1189.936706429548
-1357.1107649422338
-1454.258920075272
-1215.4039728062546
-1440.0193332249692
-1154.1952750690446
-1085.6336103339759
-1367.6257042940242
-1230.1622003087195
-1227.1110789468532
-1493.0298250811356
-1161.0494193046072
-1277.460232378664
-1277.304132232007
-1243.3895433861358
-1101.9893739912538
-1396.1609841912468
-1220.2167943906645
-1425.152129234386
-1279.1868936992182
-1231.9695827959333
-1615.2092300439624
-1412.6426599729339
-1402.4972723071023
-1276.6166515378052
-1327.482256752976
-1263.5964642953136
-1362.5229166206495
-1278.1307515678618
-1305.7661630929706
-1520.347879547704
-1233.0023440983905
-1409.6359758244043
-1406.0771248081005
-1176.3223009449264
-1421.370400505503
-1284.8120419639026
-1419.6969984023374
-1282.6620081331428
-1354.7937253274395
-1503.6652815173543
-1355.3990677000556
-1353.3417889001873
-1184.201923569574
-1536.1787919423007
-1202.3173667509557
-1077.4539236289806
-1265.500721344764
-1441.8364444648814
-1298.3121850866066
-1236.1679085678884
-1294.2644405405636
-1178.2229860802447
-1383.7341124215777
-1134.5551270471599
-1172.336106306333
-1186.0635206593909
-1312.927644187526
-1448.4179176199605
-1317.18951788984
-1175.0158271143534
-1382.6337627737257
-1417.6887706152115
-1273.2488068723642
-1224.080474383616
-1329.5993675605416
-1282.6678827871858
-1411.1079846363687
-1394.8949059885153
-1474.8460239539127
-1277.769294569264
-1156.2918718673166
-1407.225528839649
-1171.9840855844584
-1245.3405317227011
-1377.5440376860543
-1231.766288392362
-1387.5263029713026
-1290.060732917571
-1229.8337135238783
-1234.5445167018788
-1529.3725970620142
-1296.5580841511317
-1246.336126350317
-1364.7985985224814
-1242.6632270595285
-1176.3753695919704
-1236.7632084650495
-1431.223417945419
-1059.2061327376205
-1422.1173962194061
-1311.8437283325602
-1261.6800555301006
-1425.0745143990425
-1234.1496019861388
-1201.3004171619896
-1147.634780044739
-1276.9929289708841
-1342.5950655623556
-1319.4692646430449
-1090.9772634605888
-1199.2436780126416
-1217.197957157232
-1113.3957189533648
-1261.8945108481748
-1239.0643760373348
-1431.0599257317215
-1304.502084878142
-1268.374488588516
-1356.3818906906115
-1348.331398570669
-1238.3045639111951
-1301.5274395178858
-1155.4172185632015
-1246.1028611165289
-1156.5893891847145
-1450.7633160412609
-1364.46373351496
-1380.8854469224436
-1189.379208814356
-1403.1442386758988
-1318.8012686317516
-1212.4877545474144
-1245.2105625269562
-1256.5652249310315
-1239.9191775749596
-1312.1126556094944
-1251.6756215220469
-1417.2210377046533
-1360.836360727295
-1314.8575663536876
-1273.849025005642
-1319.9232599348106
-1262.484769938059
-1207.3701489131327
-1368.0802434789673
-1356.0006567644425
-1369.0563792905966
-1389.7848615979963
-1403.758570113142
-1399.170734530744
-1192.45963625098
-1371.0550749358026
-1318.5528301884217
-1192.9406345439234
-1309.339490762793
-1277.2864196295086
-1126.5556872911995
-1334.5147374796238
-1337.8138824128494
-1223.2666910757425
-1302.5499630296927
-1157.9201167133544
-1459.0958976648926
-1392.590142816021
-1160.4101417023685
-1429.700368576028
-1220.6926174055907
-1449.0345416071304
-1186.313720225068
-1437.6981786291058
-1470.4606348531179
-1257.0410901631153
-1418.5476784513821
-1318.1481785859996
-1251.5070504633493
-1128.4555979531967
-1224.4808872469348
-1308.8538517769603
-1330.8950339725397
-1271.8615353475916
-1323.275017458918
-1175.1272956556786
-1299.0993095856943
-1253.8055793680485
-1129.6615124791701
-1424.5366323216413
-1225.0645898965445
-1310.4098752742898
-1367.7709533315074
-1273.6507576068143
-1210.8728625431281
-1392.9625169380593
-1161.749558108352
-1207.5714976373326
-1273.6180801028004
-1238.6422559474877
-1221.0536733165989
-1359.5670882019533
-1152.572009188388
-1478.5390030223168
-1218.1723743034893
-1285.0602825896267
-1375.6783509619916
-1204.0675539371011
-1548.8414581153627
-1274.4819596873724
-1393.2234577463987
-1349.5634879376871
-1411.319566236799
-1396.4647006527323
-1180.723350716662
-1216.5665397369303
-1114.1548644716306
-1184.2038472921483
-1086.3201616812914
-1182.81906877943
-1179.463373477813
-1328.657011764576
-1216.7263943693715
-1445.2687749624868
-1247.8896362047208
-1174.3933566874864
-1221.5628179442308
-1286.5382447408122
-1286.0325525256114
-1324.2615566151007
-1346.0097382918045
-1156.3876229978382
-1414.9961583720697
-1436.1196079332537
-1173.4658475850817
-1477.758381330267
-1248.4475310606435
-1296.0267830979424
-1278.0946468925958
-1156.8454304828238
-1251.028414099784
-1109.9536078987228
-1157.6817800719425
-1253.1292153377117
-1320.7054465617575
-1309.8517994733165
-1228.2823805768646
-1308.397675675479
-1268.3520672619925
-1251.592338055627
-1340.6953285752816
-1170.5040685875867
-1381.3948650401007
-1307.554350874047
-1262.8369695096922
-1267.3279005360357
-1464.1767032716286
-1231.4503921122532
-1157.2589467625114
-1187.577504048853
-1186.2072787566556
-1139.9831618735989
-1394.3386296013728
-1122.5109074723596
-1191.4249898888825
-1324.386879845313
-1202.942760364589
-1269.5214886776666
-1317.1690187754216
-1207.2877859146836
-1132.341304848074
-1168.2230237994468
-1382.5501331018825
-1440.0056215047405
-1373.732554613829
-1304.8551049789255
-1107.6682872525803
-1187.6136175632519
-1307.3287224654314
-1238.2437137855893
-1164.7010275624878
-1181.044809949727
-1215.9159898614753
-1217.634810132149
-1474.0642843238188
-1396.3673741691791
-1418.1803743960759
-1307.498325211337
-1359.7955738820704
-1240.5055209285156
-1371.468629236674
-1376.2412154740766
-1245.6095570503385
-1243.6745448404147
-1371.8576752841327
-1279.861011673307
-1421.936380690261
-1133.4113713559964
-1208.0704607072205
-1241.1365031382732
-1229.7289557176464
-1250.29280217703
-1266.6140000494777
-1165.2659144681518
-1312.7951222403774
-1187.9613374122355
-1279.6171216779062
-1100.9848918113971
-1067.2492615212357
-1140.2765862894373
-1193.8462337902645
-1273.7079951960943
-1277.6238232472488
-1255.3365790126693
-1257.267044509501
-1296.7930754973447
-1249.9422413392122
-1287.1073066579056
-1164.9644908927526
-1396.6468558336617
-1219.3223825126674
-1451.6288559223817
-1254.7561789738688
-1292.9493073994843
-1222.9066838369517
-1416.5466001903305
-1370.7649714626064
-1115.1771265969128
-1296.215834453808
-1445.2836437176009
-1283.8236096700882
-1294.1033989998396
-1175.5950516006612
-1307.6834354122934
-1182.5876155314425
-1203.1301046739388
-1269.6782443077261
-1381.1066171474654
-1169.3022512217299
-1255.6899833060204
-1296.927674360718
-1078.3481399583468
-1125.185377654702
-1203.1735337761115
-1263.07396733553
-1144.5502319126506
-1312.7161158034717
-1256.747766366467
-1255.2956446584883
-1284.9514693553247
-1394.4834603842442
-1206.4843077570924
-1288.6826352543212
-1327.8572310657223
-1133.7193955422715
-1212.7994974325964
-1352.2649639434705
-1211.6378664605957
-1262.169179337965
-1258.8138271161552
-1336.7720638264586
-1131.3333671513176
-1235.4266675440883
-1262.7143004336615
-1246.4734914715998
-1351.825448975924
-1225.602493445565
-1106.962560860715
-1195.7900027614905
-1293.2800318671882
-1082.1629431390327
-1198.2904810915265
-1146.055190693669
-1273.2800420199535
-1280.9219214200946
-1263.3492500218763
-1425.2404798430616
-1169.5423148996076
-1143.5919252165165
-1288.1633611568698
-1401.0495229729643
-1334.1544568893287
-1108.8014579005237
-1123.9803814231552
-1208.3950039248634
-1410.0434429051136
-1277.9153886692893
-1314.112128911063
-1046.6470693929175
-1282.4996302671161
-1243.8559700279995
-1293.9465425289836
-1278.9902255074114
-1138.781118310105
-1233.1590149225303
-1191.2434848101752
-1269.842563258136
-1348.074454601434
-1305.7502592560957
-1189.4245689172944
-1295.2850748083042
-1354.119866378954
-1269.0512093811292
-1191.5390693600675
-1358.907819867563
-1292.7647292985123
-1201.5673313454593
-1197.6700602079598
-1329.5719485972672
-1317.7739979192593
-1402.6533708765874
-1249.1229047220097
-1285.8780267194397
-1252.8117192965753
-1398.6586387199616
-1288.3716747570052
-1373.9902526246103
-1220.0443087181973
-1300.162974972459
-1198.0707594065725
-1430.575708863698
-1159.467866221911
-1287.8981680562504
-1155.7235256988833
-1236.191563638995
-1263.609651587194
-1225.7918993584212
-1136.0294809862767
-1252.5964852269794
-1247.5549393219699
-1250.6945303264172
-1166.9048468046449
-1197.598414459758
-1232.4607987254249
-1270.283901318182
-1226.65888499544
-1252.6348634060055
-1272.761727933138
-1244.064956884201
-1325.7518454626095
-1168.9076577715562
-1152.8235821480685
-1253.2235097424655
-1342.079236807534
-1321.2342726601264
-1286.411579960245
-1193.2826066722243
-1300.816883202625
-1266.8576389088971
-1283.3934799348785
-1146.1591517286877
-1230.2331697848338
-1419.372185762754
-1198.8476833153684
-1413.7031801356488
-1273.9056034932366
-1198.5882384542244
-1171.7651047510308
-1174.6128691793745
-1169.3071341034536
-1114.9601958183928
-1259.769918624917
-1320.0559951063865
-1306.9938064151338
-1282.6731768754507
-1141.2368929086742
-1331.5027305331862
-1127.3901355189937
-1329.903193194535
-1214.606051400757
-1124.2234397280351
-1144.8908900716228
-1253.8549718820727
-1205.0491978185644
-1310.9361112571623
-1265.8511769497622
-1107.2871080872112
-1098.4496605959384
-1459.2128005818195
-1323.8360130938727
-1465.7360937604124
-1255.3751953643778
-1220.9408222236557
-1241.6919113028566
-1260.9573337370055
-1231.5079539919009
-1140.2382778147648
-1304.26848867179
-1312.573602436954
-1275.3102041281375
-1151.318497595337
-1413.1375690459313
-1266.8133428548558
-1341.6161203597646
-1418.890364786005
-1347.66228543438
-1257.170610911061
-1047.1900113198717
-1186.4113501155723
-1209.6087178385858
-1209.7359346517512
-1428.64191003189
-1159.3169380050972
-1355.3057706856312
-1291.1419754291899
-1346.389121762004
-1293.0983417637306
-1173.7884831036965
-1396.737546041124
-1225.3767592504348
-1240.4787828228282
-1376.2515691610643
-1348.6538923568933
-1291.856802878544
-1436.9617802886137
-1149.4296021064513
-1318.1359002258123
-1324.293556943302
-1289.9882120014404
-1254.0546944984762
-1153.6794185757906
-1227.040167473242
-1204.4719087449737
-1239.3424648689518
-1148.0042828996652
-1309.023702583554
-1152.6724927675446
-1144.688483977935
-1233.154123564462
-1189.6346695333284
-1172.6085284577534
-1117.6365407036658
-1202.4337051783875
-1380.2078386425658
-1163.7679467314367
-1218.4469753518806
-1262.9184739186626
-1296.330198392233
-1273.1302106612766
-1215.3072579695618
-1282.9865787641556
-1333.9921861764126
-1300.5900585784393
-1264.2577281786978
-1302.8341473069036
-1183.647209418888
-1151.5800830837786
-1298.7155451432475
-1218.151990994909
-1158.3856962909267
-1215.843288758559
-1123.1091490725796
-1154.9477835810721
-1361.881755748608
-1237.6496684876731
-1226.952698816939
-1226.447695505969
-1257.6133814714096
-1416.524143302632
-1393.8941417337926
-1210.766651124243
-1153.4555899372913
-1151.0858309537532
-1215.392740300944
-1295.6101612006364
-1382.8553532505634
-1110.363099295345
-1319.2852544019715
-1207.0039294719545
-1155.6578615185852
-1364.8996866130049
-1274.378763675004
-1360.276876294066
-1142.1301629768175
-1250.0171459112128
-1268.0822429127666
-1355.9511983554971
-1308.1186261945747
-1273.6413134687318
-1203.9921473929019
-1318.0612451216248
-1350.4475604669124
-1339.7452591704007
-1421.1213318791295
-1322.220219154373
-1251.268569169094
-1040.5198101322965
-1309.8651733709332
-1336.454000020087
-1238.821586451407
-1325.064867602449
-1240.0257427514332
-1290.2259160226113
-1319.8357623907248
-1239.3379173752455
-1160.7578951718858
-1237.939500708517
-1204.1606476548823
-1249.5759606379859
-1338.21723561566
-1180.5908643283165
-1304.461530687432
-1195.3249999044072
-1371.2273433957616
-1179.8629921805175
-1145.8200335823049
-1211.4634750581806
-1258.5214750338744
-1347.9782543917006
-1268.1231331694403
-1258.2096646330701
-1177.3517706108653
-1100.5144549771055
-1162.0329922456292
-1190.7943150036535
-1276.947276082688
-1196.0033317871437
-1250.17323175512
-1279.5565627132737
-1275.9071723552097
-1186.3675075516182
-1112.1963066709743
-1355.187899418427
-1450.4925911156483
-1287.089922619161
-1317.8569125969007
-1446.305057302294
-1144.1678504610645
-1321.3002188767757
-1204.5270232111016
-1132.1071187954644
-1189.9920663277244
-1397.5691573062586
-1312.5243070175106
-1333.915824716117
-1290.7269957118788
-1153.5421734487734
-1117.1615781125727
-1211.2453197949585
-1203.6217512472992
-1172.0185848367385
-1228.9448063031682
-1328.8085466209243
-1324.8386028651266
-1138.4493462313396
-1344.6898499233448
-1165.5917790605351
-1217.7090212030796
-1399.656892691206
-1310.819879869003
-1183.3062348911214
-1435.2648202047885
-1317.8365853819278
-1317.505828676488
-1246.8968195994848
-1274.275603614221
-1317.2224342977538
-1314.2434611431374
-1098.9561588086124
-1332.2740999139348
-1166.4289709630818
-1099.2366085561991
-1277.7511871320999
-1206.0350105714688
-1242.542498877973
-1345.4987128265104
-1149.75499196649
-1193.406761603215
-1444.4483428396404
-1158.2606290848448
-1178.7024677262993
-1278.2635229880825
-1365.5495836656453
-1168.701747338813
-1162.3078659247467
-1312.5963468915872
-1101.287456340207
-1207.8333500640135
-1234.8363247849536
-1270.4484061599076
-1319.5061204136687
-1416.7196472598134
-1302.9203169672169
-1163.1314174219856
-1167.3761906184016
-1252.8693174297778
-1176.5701837662143
-1212.4403055602143
-1153.9760574419818
-1113.2806424789148
-1262.492167164588
-1177.4245287395977
-1273.704381304006
-1190.999588517264
-1199.2648171242295
-1205.4027137919948
-1351.4045640195538
-1151.5584241222884
-1278.5896976573322
-1190.2336169160533
-1123.1979868190222
-1166.872656250315
-1362.9915797499916
-1317.3611428516267
-1206.8788976087496
-1286.2669930199988
-1274.9293229188215
-1465.2800390685773
-1265.0643073961908
-1155.069962526666
-1290.5137283824424
-1143.0873120780147
-1246.0718202085438
-1228.5646085397416
-1184.646511955038
-1196.6878840810843
-1287.4501598770248
-1214.8508942253507
-1188.8119711960776
-1185.3961992497204
-1264.097851493682
-1338.334290064482
-1240.2355660616258
-1246.609682331628
-1223.4089367109718
-1211.0158736584233
-1475.4725640329634
-1134.5282953964359
-1131.4915919237042
-1354.0605694701428
-1182.254772989845
-1273.8615979194474
-1186.9457177826441
-1321.563717588897
-1237.8433203328132
-1317.713991364139
-1202.417112783717
-1196.6520876442423
-1566.4569871915164
-1202.3682097381266
-1124.9723267274244
-1195.9078779004758
-1247.138457670685
-1262.1077268913637
-1240.8045328710828
-1237.6955447347955
-1166.4397058929553
-1378.2768800004612
-1202.4113897941431
-1119.9965616453896
-1221.928797835446
-1275.7968488425572
-1295.274589212413
-1277.7268315858998
-1058.1465684409911
-1207.0364070508413
-1210.9365078454964
-1286.072702530997
-1205.0249294778746
-1188.7999308123558
-1187.8128876262751
-1134.6731174002123
-1139.5006247000226
-1224.119744702394
-1334.8223105244213
-1204.7409222026126
-1318.5777361645594
-1168.574137386865
-1262.1661027025668
-1215.1702607057382
-1298.6729328407648
-1263.5689079910871
-1295.2486130842499
-1239.3385006416984
-1192.907637540348
-1178.1082580392201
-1348.6893040081602
-1210.1028100330211
-1292.954341389612
-1197.6701385673582
-1293.2154521088441
-1186.5364408353398
-1324.4721468689154
-1179.8719332611088
-1367.7452959520776
-1334.2085186073502
-1131.6667520649157
-1248.1442630259735
-1394.9833218988335
-1414.195437591772
-1315.6020158272474
-1149.4319261024673
-1175.3473435197857
-1424.7486896922737
-1186.554472715029
-1376.7646033328374
-1239.6082517905809
-1289.2126021634576
-1191.101044808159
-1068.6443212075894
-1217.7179537755917
-1256.2689268103472
-1264.0566934794795
-1251.6428894844864
-1206.785637997762
-1438.2510643617934
-1284.5472314719748
-1304.293684607017
-1251.389792453203
-1196.502780229135
-1258.9086616171217
-1167.2588418415644
-1237.571865356119
-1293.7624796249581
-1335.1731110138571
-1168.1899719766284
-1075.2222617654354
-1256.1028515755613
-1295.758517633882
-1355.8790384570177
-1268.2579587943533
-1354.7513155137992
-1161.8706117528027
-1327.6306353983991
-1270.1449177420309
-1335.2471647966745
-1250.7121097001323
-1291.9622289345562
-1215.1490698035477
-1306.169683112471
-1189.7087902443357
-1168.2790382944738
-1320.2380938868764
-1302.047984338626
-1402.217867287192
-1366.7117197338202
-1160.4324182311068
-1361.870195025896
-1287.1683038709314
-1174.4042269208107
-1184.4686465899501
-1323.4145837680974
-1236.8041597759366
-1217.4955833756662
-1328.648481930758
-1086.2981967075743
-1327.9135390969132
-1266.9805126759607
-1182.8014419016065
-1152.2404493147158
-1194.0404580021884
-1233.5285942108512
-1135.5250441226372
-1138.2079291958096
-1200.7281403448494
-1157.5398682913462
-1234.1345090832706
-1105.1448697447493
-1352.2835303255915
-1257.7349234233432
-1250.4693410112318
-1291.4426612939867
-1226.574909330878
-1217.186365281151
-1118.9144089995832
-1285.658328720534
-1130.3985734063679
-1180.8654928565402
-1131.0513409319071
-1170.6015109023674
-1152.0198450409177
-1135.1709027208167
-1306.0903730126092
-1175.1824703056798
-1267.6656104598715
-1199.0304198170313
-1223.7401623762025
-1338.2032734685492
-1149.411123064444
-1203.1215193760836
-1254.044367511558
-1207.3979226584268
-1170.739663214103
-1195.1273054372573
-1148.2280081278257
-1250.11787012641
-1281.971515904683
-1128.9727116889612
-1298.3981349002795
-1099.3531153926951
-1285.8396293529952
-1064.3635446875423
-1127.6473441129235
-1138.9574272560335
-1145.4776984534144
-1458.8175796383084
-1233.5957346186751
-1154.5200827692975
-1101.147662140156
-1128.6096436294786
-1272.6849845669806
-1291.201138896572
-1087.3975128140341
-1127.540139485084
-1257.4593430374266
-1273.3965095684234
-1167.168645737878
-1333.8381478591343
-1298.6851362101188
-1333.2722764718876
-1096.6590701038392
-1226.9511995642954
-1212.7502997653899
-1233.2309113223764
-1225.154920247346
-1253.395863246753
-1339.5218078504752
-1228.0635785010797
-1225.3343881364965
-1207.629738004439
-1124.5555196262355
-1266.605011635921
-1165.6724009918755
-1199.8097313013611
-1197.760392393922
-1093.2199708582023
-1297.5836915805653
-1191.1349719911843
-1150.5232337403463
-1403.865300920475
-1295.9503759235704
-1318.935194014387
-1300.9427493226246
-1216.0427137847125
-1189.0516256209955
-1259.5415501961788
-1146.0827871461572
-1224.876555779203
-1232.6159381005928
-1201.4499877652247
-1273.058338868762
-1116.884256985041
-1143.3591253610891
-1198.6948266232291
-1261.5285091240025
-1357.4838338113393
-1135.449983736163
-1213.9755769229835
-1264.5815824366591
-1192.0431542788872
-1203.5670199676226
-1196.863289189376
-1239.64820035432
-1137.2913357551304
-1344.0216708777186
-1331.9834985110556
-1293.8305689922468
-1263.4996293944562
-1187.1866807400534
-1377.0882327660033
-1231.4438750939248
-1217.1965158958392
-1143.9572902576808
-1098.746107229529
-1301.5320272000965
-1194.110006206503
-1278.7753063634188
-1343.7140906275454
-1254.075476895495
-1247.0267768968076
-1242.0185820065803
-1208.3674100987687
-1150.0549033594991
-1261.1382568538186
-1188.1177241748633
-1207.2132833267867
-1234.3485110258387
-1299.9001230481117
-1274.550147562114
-1124.95838788034
-1117.523229674255
-1220.9614790298417
-1169.220440755694
-1133.1064892952982
-1142.9119106207088
-1059.243015098328
-1283.805119352818
-1382.442403506611
-1257.0041578462601
-1296.1251659924042
-1287.3491209327233
-1137.096471805637
-1120.0915369888353
-1158.8047910989596
-1278.7844570572981
-1033.9348878982225
-1201.6721310354014
-1364.4226883627498
-1327.5340260097437
-1370.8080610796587
-1173.459232166984
-1261.752125528932
-1266.0117124775934
-1304.8997490411207
-1253.801779179126
-1226.9679376278493
-1210.1388342529115
-1265.418835911007
-1308.5650377635552
-1258.6504742451643
-1208.9685990955866
-1069.9593070550661
-1266.4802578140145
-1224.956956706086
-1238.7963817980938
-1235.3359138109963
-1200.1102906828671
-1266.7828821624887
-1257.2661290806618
-1224.2021435647264
-1195.9184275730343
-1157.2301290495511
-1253.2147026347034
-1387.9992403285821
-1226.0964185565058
-1173.9473040427747
-1285.8632839451843
-1214.9261216533284
-1325.8046418993144
-1241.786159034473
-1240.4208179979119
-1293.6191471693762
-1231.176064084547
-1319.9634898650847
-1434.8169328386916
-1242.8408403364447
-1389.0381299464962
-1131.0596235553899
-1313.065137083383
-1357.9436142911693
-1254.8876161048165
-1267.4627019993713
-1297.9567993563676
-1223.8469844633553
-1349.5187742441572
-1242.2126654805088
-1279.3178072197497
-1419.981426152743
-1361.2770577255121
-1133.0162412187735
-1318.1326835913487
-1346.8040077907135
-1368.9177927924275
-1199.2290636658188
-1209.5299451083433
-1233.7572291439913
-1217.6680330120805
-1413.4445343216112
-1155.3598921424427
-1148.005703136312
-1283.0666386555147
-1255.3456250129632
-1220.1308295918632
-1224.916598364748
-1343.447010363767
-1197.3065185159207
-1199.2235454050399
-1284.1753384669735
-1317.3903512680924
-1141.3564874877002
-1274.300461578253
-1165.2380368245667
-1443.4102443625695
-1233.1563053697364
-1243.2575968626134
-1260.6981798587906
-1241.7709170164521
-1219.5097734127614
-1199.8583974460541
-1301.6109466579037
-1216.006868441132
-1332.5601004298398
-1311.5466658786336
-1058.5518852508565
-1231.6532263192717
-1342.5340414560396
-1289.0467844413251
-1239.463189582964
-1159.1503044734309
-1126.3738224544174
-1296.7771682117552
-1480.2511783105845
-1232.7515378157868
-1193.9074843795577
-1150.87760845735
-1266.4203467360826
-1211.2091283875143
-1236.4156841567547
-1118.6730395943223
-1315.0198595436875
-1336.0668793294772
-1174.1362134183767
-1396.8317503779363
-1209.1024994350678
-1268.8189768463535
-1200.5040447668102
-1201.8335961127686
-1221.453001130629
-1167.7233507956562
-1199.305641464223
-1344.2737991496276
-1144.9032786130663
-1213.3212098994152
-1259.0663577477117
-1116.6939304910177
-1251.4369478536116
-1326.1500857770523
-1347.1891876046948
-1314.877488125463
-1200.233937364142
-1163.7741021859993
-1234.8142277664135
-1217.9701202119606
-1365.0477130111337
-1329.4065869344213
-1219.2738269249191
-1302.6862630476026
-1175.8234976352153
-1204.8260448149676
-1324.5669108794452
-1348.4099521165258
-1220.5816763620282
-1240.1508630191552
-1233.6394783961184
-1327.2441312023898
-1344.4479990594534
-1125.9846455359163
-1235.9635090146394
-1193.6942480302566
-1255.8174168634605
-1212.0246358206184
-1227.4596117419567
-1136.4790081824556
-1215.214515758704
-1154.1727083158537
-1160.5241371512454
-1291.381628844615
-1388.7645212644284
-1335.6371400066353
-1156.404868006836
-1209.3752985366
-1211.300685272978
-1198.7549272922515
-1213.9044225072807
-1312.3532516038872
-1217.612080004292
-1409.7435974321866
-1265.719357290645
-1286.8508203016859
-1411.7278047664222
-1234.2887765317382
-1189.7627083828104
-1230.487640388884
-1269.3666173311153
-1146.2719826276816
-1294.7277744024896
-1274.5935178301174
-1282.9093437951785
-1223.775648506469
-1158.4970646535833
-1268.9506992965273
-1127.724342337283
-1170.4799189086705
-1399.402663092782
-1201.2348566640267
-1257.5791708467289
-1297.0923300961751
-1359.0280886961818
-1154.9885358323424
-1190.733678260961
-1375.996229311927
-1271.8166621021865
-1259.697442877903
-1381.8612081919007
-1213.9858369015915
-1246.9983833815768
-1335.551273627525
-1263.2167869063683
-1415.3422349319096
-1193.1248059341103
-1260.0803316349477
-1270.0986865175953
-1337.7315315111373
-1269.82769843041
-1153.5542050915135
-1275.5860461127354
-1325.8404090900012
-1291.5308512554286
-1291.4407570330475
-1237.084430116113
-1201.7845212252967
-1191.5915816969598
-1202.5081687604434
-1277.0041165357875
-1254.070434095419
-1169.8979367578468
-1264.9465549236163
-1257.6203109438766
-1329.0551899431032
-1253.9931876323571
-1209.113495318589
-1302.756141810174
-1317.2633174736782
-1130.3386708110934
-1208.7807300377415
-1245.320525211825
-1197.24555851726
-1263.0873209412612
-1316.632467767497
-1229.1037705885647
-1357.2750492777816
-1319.9513639365275
-1247.9410726228934
-1290.9370649820048
-1533.6052235631253
-1436.111779836575
-1367.142727903754
-1260.3857691844269
-1170.2968133177405
-1219.932157675257
-1242.9241824900428
-1235.8803785998698
-1295.6685917216346
-1265.058750810601
-1398.5517818157314
-1187.7097620907714
-1138.0689217635888
-1240.2593070596013
-1225.8770971000665
-1286.5906623674637
-1170.9427814290589
-1136.3451094263444
-1303.4865602616812
-1328.299059080795
-1256.4036599088167
-1247.4087765811155
-1109.6183182804778
-1216.981139314085
-1346.2903647443418
-1273.9467008379488
-1333.0675069145996
-1255.9623325644945
-1234.7505206881408
-1139.253779148482
-1133.5482380419114
-1237.4881384802056
-1268.8593180828202
-1336.065978980414
-1325.787827764957
-1107.881520760101
-1241.3631545516328
-1333.5474951818185
-1431.0394697680515
-1242.960432908826
-1221.5808909566676
-1317.2299106823425
-1124.4384848512916
-1127.7309393277944
-1334.4549276139771
-1188.424418698003
-1177.5754468140826
-1124.850931289649
-1327.9146841050162
-1159.5017401267553
-1157.6557608676478
-1356.9678140693277
-1351.6790608678323
-1160.773591161449
-1284.9928441566228
-1327.0200838629032
-1209.0745105775977
-1349.6742753383796
-1160.7015496400743
-1309.5997005497177
-1264.094107496189
-1195.77993043537
-1287.7999803899577
-1261.2509280119584
-1113.708778349028
-1269.8681606193622
-1387.0234909718536
-1277.0909024568646
-1444.2404180479766
-1227.2439548999387
-1380.9472429126508
-1236.1948519455548
-1185.001543451356
-1280.89252408506
-1259.427540373313
-1287.2864930590288
-1343.6649748252642
-1197.2953518795227
-1343.3360346476238
-1555.6839861288765
-1222.2740050582388
-1159.012513376131
-1267.3101131252906
-1186.9401666385486
-1338.2910160868792
-1169.9918020014854
-1272.9727218765386
-1309.7551101486695
-1292.8882219325985
-1228.3306109426878
-1402.2077261496618
-1289.332551635479
-1137.8393555613109
-1292.7235400088487
-1244.8900452842224
-1280.979154872947
-1263.3245715071093
-1224.4550230081895
-1270.5112774240272
-1251.0271047814413
-1170.4505379036682
-1303.7477481145029
-1188.1825265211758
-1226.4065984993272
-1261.3543077663871

