-2642.0537079372384
-2685.088272516212
-3143.446100947673
-2770.3998554000823
-2472.141007743899
-2635.373269529312
-2854.8089455622858
-2755.434516548057
-2673.319969228072
-2941.6801225643344
-1893.5620986119688
-1721.861429163785
-1095.350501822987
-979.5950434519636
-920.854323135145
-971.597817116606
-838.884924538324
-828.0640808558143
-887.8587011152281
-792.5276891309422
-934.3371354297077
-941.5381592842956
-827.42600833712
-970.8158643984585
-969.8518437269319
-808.0139274302253
-659.9248627008385
-999.563825744263
-878.6883504279293
-845.5006762775397
-824.8563491529717
-878.1189372216554
-796.5029727520656
-719.5114900656856
-781.4525297869438
-841.6733350988067
-795.406232419548
-819.1776433374093
-845.6621721287473
-673.1014419334797
-962.7623176661106
-793.4707145599745
-819.8017547862385
-690.864642936282
-817.7981148849207
-998.2013952320045
-770.5910370911273
-770.4431662503592
-799.2999281265885
-787.5804231944967
-813.5506243891018
-850.4511847151116
-674.7699129271958
-890.4523157771348
-744.8873543310319
-920.9510185802582
-830.265018082785
-797.0120517296567
-862.9026967140331
-965.8852157172028
-801.2082493961238
-800.0810834742313
-778.5279970540932
-859.6413997388617
-740.8020261394398
-772.2594903043376
-833.22441299138
-723.773930445628
-814.2683218271565
-770.3471027168307
-869.2218039750011
-780.2384553841523
-793.2070956235029
-773.5515343760935
-769.03919705952
-727.6004006855306
-873.0602908190144
-854.3155603734255
-764.9006933359433
-827.986958596285
-735.3312854728069
-892.1536228706015
-815.6538196824254
-875.335251568296
-817.7268365128724
-675.1407276042823
-689.9819839761567
-788.463382089646
-821.6184474902279
-786.0279674480948
-784.8840811573992
-887.9192107105863
-795.1828288137498
-689.4312469889327
-705.2640323687101
-835.396376519456
-750.7649792395954
-760.4447949498813
-938.6620782531602
-840.0056654351209
-807.6469149787499
-737.2877006775053
-834.6156149534895
-750.4233449062513
-911.7330915151244
-904.6861296955245
-727.0541729568222
-747.7034640699195
-761.338754976835
-801.1100531037346
-828.9590273172325
-858.0376212534061
-782.0005494337415
-734.1012645150585
-683.5885299320248
-861.7870023459059
-819.7725644121706
-776.6382083557955
-908.401768963328
-843.5885718014885
-782.2010240894629
-915.001059679697
-798.8878137109618
-840.5179166810027
-646.3381335828469
-749.9735801163865
-824.1086385203712
-791.6882361150041
-819.854400335074
-934.2141902591401
-840.967536110617
-792.5489893688734
-819.3586032766009
-869.8029548480138
-861.0236717799266
-770.7740994595692
-847.4299820210698
-729.0633297004797
-681.3648841761893
-835.1464612680293
-828.4004308515476
-741.0654096491406
-725.0503409797456
-790.5739035028472
-784.4398678640371
-776.7322615470437
-816.6397519675689
-758.7049753606279
-809.0155952145803
-836.8675957839541
-757.6219486399639
-785.9589185959894
-717.8788673407998
-767.2994588142119
-708.780883300461
-728.6770947626549
-772.147589201915
-737.2431331192164
-859.9530014293427
-748.3252833565957
-750.1271957813174
-786.4764443502745
-665.3793638143111
-744.579385704548
-788.9902437346752
-772.1485521265212
-735.5451884204347
-703.8826710298066
-759.1628422674574
-696.7137654387875
-720.5591796822024
-731.0504018389433
-751.825450131103
-764.8005859499068
-830.5281525914684
-724.46482524661
-776.3055182714393
-753.6613022616752
-709.4037120545254
-903.093322495894
-755.5283452422154
-896.9971125578818
-740.0989948889468
-676.9755904370261
-794.1275103806114
-749.4346613646343
-749.706962111203
-701.6757598855675
-734.526447357914
-778.0538536293619
-711.0271615028183
-738.0507664497621
-777.0818725004597
-696.728377449525
-864.7602827812651
-809.9546800845677
-799.2770123329655
-752.6861240828897
-784.9480923427363
-930.5965948136145
-757.3654774579247
-684.4497146483
-754.7892609117291
-750.2527578915879
-844.4117984080539
-780.3928514348636
-737.3761844462747
-804.8328872011878
-815.9403143780895
-764.4282790258238
-703.5652612779953
-765.0073112484079
-746.0649332761989
-856.9754252087387
-951.8808168950114
-849.0331971254933
-678.3042642823666
-765.4504179286347
-707.0341967552015
-788.5760321046295
-709.8906606822627
-769.3423678773344
-703.9492313160641
-678.6370989704251
-715.2947118272714
-731.8430216948018
-724.9509518040742
-797.4583966310958
-747.7667926099493
-783.5273388422916
-828.4546281112393
-734.0327564787191
-709.6685123917027
-746.6235997735336
-721.2319202131276
-683.8335225620519
-724.1337052312451
-841.3170952380411
-762.3620717430496
-799.4996815806414
-704.4700301320554
-750.6233154762432
-738.9076823330739
-753.373964991424
-799.7499195735908
-786.4922045090437
-712.7462020019698
-645.4018686809248
-870.2643939031798
-872.9105959078014
-868.9650972308464
-871.9765095202898
-774.0710209994993
-773.2728570710171
-916.6336383041959
-876.2966880096856
-776.9167277224377
-797.1287296546597
-756.8792909522396
-731.5114736516102
-777.1343023627664
-764.9042774487992
-782.2269600237028
-840.6111989591215
-759.2918309809493
-793.4042687317435
-825.00006609166
-778.6028905151725
-776.5905661167097
-730.524585181634
-730.9410459177811
-720.4648588749328
-750.1976258332138
-776.9825256345196
-782.7525959026043
-748.4177380813074
-891.4854271329273
-783.1051073777317
-905.7634884526162
-761.1929240681947
-737.6270994284539
-823.7851255242331
-765.8769600022229
-777.1378846930188
-755.5424637903594
-710.9905371165453
-851.976369398066
-755.1232783953697
-721.7696495131406
-748.8719688039448
-739.1322314933581
-765.1869451262986
-760.213685737389
-813.0814584782179
-653.3904541347498
-851.9942557305544
-760.5479233528833
-700.1629765184215
-783.909916061502
-867.8119549437293
-752.6941867477437
-691.4262669013506
-699.3575407837478
-785.9967122081035
-673.5110699537837
-779.1144149373063
-739.569547577645
-784.9511191773644
-734.3611136641703
-776.9342158030272
-758.1600880849013
-808.3306498661284
-688.2142359542055
-788.2932568353684
-823.4475178525522
-705.2678176468739
-862.4778543838917
-727.1517654132972
-773.1973763866349
-709.9810474092961
-780.326625187575
-837.6937856910822
-735.2155681907249
-795.8964597511405
-772.1307692370692
-798.3675464406188
-709.94180305797
-697.5499822885204
-745.1415390616103
-762.9641310475463
-813.1476583855529
-799.3644989362388
-789.1311460454806
-724.9673065611132
-828.3704357278854
-833.3464635489356
-806.728209534695
-680.940732136416
-763.0153971158019
-860.8743368032436
-749.0813601944617
-814.1852570776737
-847.6832591878187
-788.2388698909183
-681.1790155582332
-789.6252907393927
-683.114836970323
-786.2728582099741
-801.6238799962495
-689.1573631894785
-738.723106109278
-823.5768126705985
-792.4182453677811
-740.3632121653676
-741.1305657018362
-749.2315013487712
-787.6047563140125
-848.8152863211137
-719.2440604200783
-743.1857377990294
-853.4307739374137
-754.0662834037671
-755.0648771774943
-670.5067894404713
-723.4434877203812
-739.6206771853716
-705.8794640132692
-714.9403201801443
-717.6477956977186
-686.3624253622011
-668.5650186526416
-738.6402388209436
-696.529711307543
-645.6273279653838
-666.5681136812559
-736.6498268642938
-692.1974484643961
-736.0727942462505
-736.1614094378862
-828.6794300347028
-683.2552628204068
-704.7239544366457
-731.4064080682492
-742.7614203356775
-740.7584864629983
-693.8225225914471
-826.098454649946
-773.0078872861873
-787.1723574475068
-679.6765730503922
-682.2773991099033
-761.2141031393272
-712.5387999246459
-817.002823132213
-830.1762938735831
-849.9673252421012
-866.7241267893058
-805.8015333955084
-681.5962335989141
-713.7849855015669
-733.5276809297765
-718.3072848550261
-717.5011090832336
-731.7289194102136
-734.527524846757
-730.2154721650645
-701.2155566603872
-660.7607144436207
-728.6476963580209
-683.2443156241494
-691.6394006001032
-790.1189591046631
-784.6390951713355
-735.6460139426645
-639.5232268769073
-804.895861060822
-728.6567866628566
-731.4098684139587
-744.4667920415754
-728.9785785938031
-695.8291970203264
-692.9489437108945
-668.8530895647383
-757.933186759483
-697.3931305377173
-809.787132416892
-650.3980032827287
-685.7237662542625
-700.1357700254041
-711.8020997338575
-677.8538361798368
-842.6763285002455
-739.5689648421167
-766.6618578694305
-710.0652894919444
-707.2019066722228
-739.8633093369318
-735.185532375698
-807.7551078887744
-769.8968609503073
-747.6197686859463
-741.3614044147989
-688.0959734735534
-728.9438544651243
-683.3000589886626
-667.8439921150442
-726.3920955485769
-653.0652914704875
-709.5958879802424
-743.3963224826572
-711.4111511133444
-690.5964730835312
-745.1617054459592
-688.5572084466662
-757.6831581628227
-736.6716298134338
-709.1972196218474
-762.9951055892478
-714.4466246622943
-669.7922268080237
-681.3539830729818
-787.1313062437926
-678.9927207958702
-654.5001070673907
-658.6199132229258
-714.8413369741004
-751.579969772326
-735.0241667606333
-670.3437361717633
-685.99675827599
-733.9292097666557
-612.7667947705239
-794.02399890007
-638.8749154762298
-733.6166873546117
-742.0427869100998
-770.5186555342067
-637.7257590926083
-650.215645581745
-710.2418689358092
-701.3927762282816
-765.5361275608975
-704.2439631213903
-818.926054754721
-709.629683694237
-824.1461758349253
-764.4957507764288
-636.0474377286662
-733.5359138861548
-840.0492891638107
-700.7953141836367
-731.2041524275028
-780.5960905641773
-786.2549071875991
-707.8236603398791
-858.2696860947021
-884.6793476564268
-751.706847382296
-760.7341846134738
-677.1500855413738
-771.0083066711522
-644.0309180564064
-701.5373565300761
-685.5072553621849
-747.939990132772
-674.899636802456
-771.5591939730621
-643.5758056239792
-761.8269251936118
-619.9869992197462
-673.3583154012753
-682.3297563533151
-753.4334323294685
-735.3151836217303
-772.2725353016885
-742.0937951049818
-831.3605754980638
-647.6415533648615
-829.3892147843762
-735.5934107237894
-631.2100075787289
-752.3435856597832
-707.5464427218358
-802.4751289437017
-727.2555035015971
-668.1903655771217
-732.7958722958174
-780.1376598504692
-657.8515784511503
-717.7978487658586
-703.5413849666535
-667.7030773497618
-721.0836210299831
-674.870498741543
-722.5789239143483
-716.3977448047792
-723.6670689518137
-764.4695409466905
-810.2701070417844
-726.4269573675829
-722.6539752731234
-775.988882990951
-708.3244608289242
-684.8453639792178
-639.3772770012091
-814.4073776041569
-719.9366975936905
-739.9849210666486
-735.8181492978534
-628.0452370570438
-720.2892664123831
-756.8419733020538
-760.7044107386496
-746.6740711044406
-748.246521801273
-648.3387705816658
-647.4227101010547
-708.891783241565
-672.9001997186897
-800.562030560658
-788.4231717236248
-670.9803048265376
-747.1710427917542
-686.5329706697725
-724.1706441376987
-743.9398783981022
-672.3183953418734
-723.2796886637379
-672.2396081483848
-641.4515889317901
-810.4226801845723
-724.3986470102183
-701.9321441999414
-745.7442929089942
-763.3687309376032
-757.3213782174086
-841.352327966177
-684.298448293448
-694.4179839934536
-679.924856477916
-723.615683307507
-675.4282734156553
-673.5517197192953
-791.2157313748029
-811.0490472787106
-786.6097104189822
-769.3566769374157
-656.8057471508478
-799.0002680213048
-714.6739242337399
-770.121866908345
-710.1431123381258
-647.00669546592
-745.2157506162253
-747.903688569063
-743.386401299555
-610.5120195790588
-739.388578156816
-711.4869468018785
-740.276739398193
-747.0321909898657
-725.6703851135927
-640.7293629014191
-669.0508994150935
-774.6924422856345
-655.5169466570655
-697.0136740317714
-794.356520286514
-773.299028744436
-798.0422698396396
-739.1639640355565
-607.3025918434436
-673.9182792536595
-721.0245486766185
-677.1242645020251
-735.8162166200209
-686.1853736610336
-755.4473607042988
-645.894700616806
-674.8638868246719
-869.375197675489
-619.5579882744239
-698.3582602579356
-714.8045583815499
-736.8261050678757
-723.1568071841943
-771.2020301638539
-686.4203273206408
-726.3644127735593
-717.6036591506868
-762.2243571430486
-706.0276505894926
-744.8024774480891
-678.6110147738686
-695.3615980522488
-692.5274872585952
-733.3780384345719
-746.5565637738833
-676.5521964948439
-809.1744800111427
-642.2629282555082
-660.5242922603616
-711.0188974981061
-670.6599523456016
-663.130936006323
-740.7693430238978
-742.6129014493862
-686.1065667230347
-714.7337726880538
-776.2892119691169
-838.6060643862282
-724.172888283831
-647.215275392899
-758.4915762729017
-735.2598324174568
-817.0956778582422
-706.0355401865348
-743.125341911491
-711.4314846510898
-779.1716437523633
-827.8935447880106
-650.0120555567605
-740.9104352582784
-715.2737243260189
-749.0566002145861
-737.8748109837575
-718.7632488158833
-739.889104258698
-671.1457521746333
-690.3203102117951
-666.1148937555554
-661.1901505503945
-686.883682122057
-697.9149415785582
-685.487394223508
-695.6151582466223
-715.9889803644688
-747.5000318463693
-825.7721992594898
-661.5184285208773
-738.7245936574095
-712.8554622151034
-739.708794508532
-763.7550006580058
-686.9592459397821
-675.219473823935
-753.1379260262942
-745.2277448856271
-687.798416945525
-846.6771971099797
-746.1562191664658
-643.047985268127
-758.6683876105899
-660.0572749506474
-721.2334449449348
-730.8697832165702
-759.445593406529
-645.5225558888146
-692.8092345408405
-718.914280006381
-776.3665804323929
-742.7334811746648
-727.8005878017375
-727.9599215278627
-692.1094226937247
-753.4996453005973
-707.0085330866877
-721.932650606795
-742.2871519849164
-722.0544895053677
-722.655213472809
-626.7171380642344
-725.4170324512927
-815.1297326711328
-685.6060024390163
-720.5371365077451
-773.5045751479629
-734.5851265423838
-611.9445786268277
-700.1904601392231
-746.4967444494949
-660.4469450608572
-717.9526228162567
-659.5987420643098
-640.8584371728305
-717.318234574488
-697.966293657752
-715.0036040581626
-781.0740223136763
-755.2819176703929
-736.064542258375
-866.9961316715583
-740.3885152376902
-725.1990350302799
-640.5476521167609
-710.9182258497137
-688.1586599709483
-605.1826632329256
-687.5003790141276
-822.3150671704248
-751.5191900671693
-779.5911263483895
-718.139751778444
-755.7416078848023
-688.5563636608189
-755.8050830740293
-765.572560781801
-770.5642316464524
-790.1046652219845
-676.4354816994392
-709.7681854854977
-762.3181534401699
-713.2923537449017
-748.9200264231537
-752.1392260269022
-769.2179558500072
-721.3524452353814
-703.6029706483922
-800.3748563806681
-678.2395481785389
-690.0998027668837
-700.968314231146
-692.1044932956083
-745.0172780901005
-739.4911705874456
-786.5213995397344
-677.126931372216
-677.0344054861607
-730.8096060211284
-718.043574773526
-762.2008930304937
-765.2649758852879
-718.6089776879923
-708.469865637857
-702.9929202823148
-690.1896922292512
-764.8477740396834
-739.2011873239748
-743.5985514770042
-742.50518068779
-722.7570615397693
-654.5190658714813
-666.3847168597318
-700.815220681272
-819.5398395768598
-643.7104279457634
-730.5727741451213
-683.2943424780232
-728.2306024545109
-739.0633932922851
-670.5862013852434
-709.1289022271934
-638.3544149911797
-712.6014760168923
-684.6730328051782
-661.3197544191809
-671.4843405389678
-731.0189380306059
-782.2905043750836
-698.9063654153229
-695.4342570470245
-700.3582928802471
-721.7255636214336
-756.573699971351
-776.2317543466623
-731.0133545363685
-795.8094231628614
-773.744571073138
-683.711527740298
-794.5664143813437
-683.0605009448782
-697.4395611585431
-722.0523657876678
-814.5767414133481
-671.3168595875446
-778.2373396337348
-646.7216820348849
-721.8875123750317
-711.1949272488538
-710.4982887648302
-627.2613194317594
-694.1024131328904
-706.2758412080996
-764.8110747230008
-643.9289952086582
-764.9227213340141
-658.9111371248724
-715.5301671252057
-680.698418143259
-656.9653678447189
-700.7802369258629
-627.8265875478282
-721.1532155174597
-759.118534482365
-723.8527738260525
-688.4284565366848
-704.5614960800908
-693.846680466724
-691.3832867134892
-766.2648931809956
-675.7987707093666
-757.9175139352183
-714.9948304741524
-765.2513631766356
-767.5402895963314
-735.8908953331353
-732.6341758548015
-680.6137356816262
-674.034084548282
-715.7617268109944
-629.0138209390153
-767.201812949784
-700.3964611515617
-696.2064541452286
-696.5536091258537
-758.1245972060799
-766.0974077675974
-697.2340553847533
-704.440576349693
-691.434211430404
-669.1651902586186
-772.8596504095912
-708.1218720647943
-648.3591899069353
-719.1142093452975
-713.1779156044996
-677.9883848379147
-694.4244208474627
-719.1369354333453
-746.4849040563353
-714.1259878867504
-601.6064226657505
-767.6237332859521
-774.6571786547581
-654.3517691137441
-746.5601924719243
-638.941779565567
-709.8434959429695
-744.1022324655758
-644.3563426059911
-701.81990215757
-708.124565251047
-719.6462733960461
-703.941317826909
-729.9916579188184
-702.131427502316
-670.7133500422608
-669.8833139601237
-650.136860061269
-733.1381656448845
-748.7243703228208
-682.6875000150012
-764.7959398812999
-688.5348516115359
-721.8873613543358
-666.0278006709252
-709.5368888726846
-651.1837372338846
-691.8135849583942
-741.0658199236082
-633.4263351637252
-758.793205199413
-654.2965139582894
-815.9702846332384
-644.9482072770273
-789.8269106115274
-725.1441929947769
-623.232430729912
-691.6269187690408
-711.9394397589151
-667.0009929442922
-736.5838386369753
-641.9203463674512
-610.2208538044837
-696.0457998092863
-577.4198192982702
-679.2476048826132
-674.8028733312184
-714.1349128814318
-771.0422386481573
-731.0972691173688
-719.6648146857265
-646.3299253192612
-655.5799016245355
-697.3547710961275
-618.3452057870771
-684.8881942275389
-708.4411486136996
-713.4208055346771
-764.925047810973
-733.0253497210961
-759.346850992411
-946.8719321991338
-690.4658171556916
-747.9501207483577
-655.1832922985695
-746.5660517792206
-644.3173442096078
-726.2681019543741
-716.7265346068511
-783.8493659023543
-765.4971357984386
-842.6046967793662
-602.2879509011545
-746.7887242795341
-738.8326017134091
-691.8699022881491
-701.8609620813534
-672.0388487251461
-717.2873098689498
-686.6737360208699
-688.098782154259
-685.2021683803823
-686.0162412014205
-670.4949494833573
-679.6674876995797
-705.688803920295
-696.3572374782377
-766.768618666968
-684.9016397317223
-761.8898348507964
-611.8026316636938
-731.9890389658809
-673.1322167682963
-694.8055783758914
-721.560285363747
-823.0102736755839
-737.2257403737552
-662.6569905306367
-735.5075140435645
-707.648093877737
-719.3227031252815
-800.8542732152761
-736.0011507177632
-691.6061191434852
-629.8171187139033
-741.7207379297217
-804.98906379181
-661.4194522014272
-692.8195427922279
-754.6096872241542
-631.0812604628317
-721.5492077714183
-681.9924755626151
-764.2399641835232
-667.4241573270194
-778.5664791073882
-685.7695734668725
-648.3614406364896
-749.9338168864296
-656.9045684238893
-667.4304953035272
-736.9063333978888
-701.3780390794415
-654.6604297269423
-701.7030064970457
-723.917456603102
-710.7919481395778
-672.3787534171955
-788.885269794799
-709.4160546593357
-674.1125971708146
-656.9936325045302
-674.4970994833058
-719.4113553274601
-721.487770934838
-759.6904548149228
-748.9579701199742
-747.6351300002506
-720.7455890724017
-753.1511917162743
-644.2607242407555
-639.401980483221
-744.6857767341994
-701.4752944459002
-608.502386084508
-658.1602667592506
-638.107877726938
-826.6882046364638
-752.6137412222292
-818.7611412885861
-790.5049207878191
-760.1866678193461
-735.8599219117759
-777.984751232821
-694.7520377744845
-719.9710809187588
-674.1224915658973
-668.2030511949924
-717.8336832403343
-669.5991003476681
-769.5690824311441
-739.9332690270818
-709.0432848548057
-763.7210381856764
-677.1572456170612
-681.3428245755877
-725.4231008077701
-675.0600729462763
-689.7429154976903
-653.6046767344806
-786.5383359453742
-654.344436568126
-786.8936446948502
-745.5868570003204
-740.1625102642596
-643.0593681807572
-571.0454351817426
-774.9364780341143
-749.4640608741955
-673.9009081705095
-734.8820264408396
-765.0280445291851
-637.3081183980062
-728.6878750098872
-595.2668453597653
-738.7267616611756
-757.4816241236351
-712.921129784208
-658.0147874943159
-724.8788371291361
-688.1032575032459
-741.8049686602412
-666.0575686096063
-645.5814316778843
-699.1053129237531
-696.5299904336225
-775.0822702751058
-637.7352388251893
-673.4441498054582
-762.1253490003677
-708.2002450782762
-701.85701874092
-687.0170420059209
-661.3959464771328
-724.4188909504621
-664.9931228208804
-624.1239061352137
-711.6654925430314
-671.6731033580286
-772.6887884624466
-857.4041040931721
-748.7763966878207
-714.5611512244201
-682.4116460450905
-723.0363265295848
-609.291190763622
-733.193327062637
-627.1707812315185
-774.9214874648279
-709.4759087492545
-661.361544918675
-743.1965535452966
-675.6141022025681
-712.1808038599679
-659.7397058302943
-732.0390966127966
-691.0993021565175
-675.1595884405959
-691.1914031833451
-691.4188634687551
-651.4110346396201
-740.1286137516919
-768.0736118018076
-695.4954238057672
-660.7453118932174
-699.8439660026183
-703.0905721184912
-703.5904110280707
-734.9413917969603
-674.8064825366203
-681.6894810539858
-758.8827660972297
-720.6074711116937
-698.1310736879091
-693.0580744544645
-652.2348706720599
-737.707038826538
-683.1368509073437
-743.6021541372152
-753.7819935011637
-797.0007113399467
-775.4053890826663
-746.7315903871566
-698.6046763490731
-678.2941726524579
-676.1482967539398
-662.5681581696854
-740.7300445319713
-692.8848777581775
-682.4050353378141
-745.3085015873635
-662.6765154599461
-621.8520962133297
-768.5864121981521
-665.0089467810095
-765.9932593903383
-697.0696232711545
-687.9034875751826
-653.3258383121163
-689.8104646129332
-768.5631504366497
-668.9745272617397
-693.2211510547802
-636.363376655402
-740.5698829502045
-683.3685753057472
-677.3593538831858
-742.947422537582
-662.103265811206
-733.0162483329511
-741.9137184307118
-707.2655190126219
-651.3685707320122
-714.8149933494715
-663.304005664509
-756.0090562580754
-648.5031992338787
-706.6921949020839
-694.2580384475991
-743.935462614858
-672.3624468652024
-635.8956411982465
-731.3294644395683
-783.4764526612983
-734.7934681558382
-768.9518112193141
-806.842639249026
-670.2622056707595
-698.8972888661946
-629.0305167939995
-692.9586586516593
-657.4652922014841
-721.5317090324058
-677.6846182669777
-584.7072087737798
-743.9681747265331
-687.7894439775431
-783.4254904645587
-702.1872551596939
-662.3284124165447
-680.8247087550502
-683.2323563955345
-683.7939105345449
-728.1536632884319
-711.6240589904377
-645.3961875558094
-749.3458387130578
-718.1735114239667
-626.0342217534835
-656.5897723020371
-712.9217473541778
-694.5156003289925
-690.3785913292736
-654.72727418682
-635.70508362892
-687.9237265572333
-686.7790900985306
-634.8362317326786
-713.9598188505993
-715.4785824617098
-695.4220210037734
-616.5830558503466
-696.6276842801141
-656.723715399577
-780.4487122064579
-758.5207441469042
-689.3847671592271
-663.7426449288423
-730.4492643748018
-709.7983392649065
-730.5837134185385
-741.5624733201003
-687.7294909813584
-704.9338331550093
-768.412422843338
-722.82896430502
-638.134094972222
-626.3455492959129
-651.9161273078279
-656.3389864364076
-679.9732426993331
-697.5003864272003
-723.544511733085
-804.369975141845
-700.072210638699
-625.1618843492606
-689.581856270444
-700.4622743902717
-659.4359089391203
-712.5284193758831
-582.142828013565
-673.4068087219617
-694.4693800074361
-632.324917271727
-671.7721199183541
-618.4525489733331
-706.8050374091965
-680.1042074197026
-716.3558500346915
-630.0823778080862
-684.3734828241213
-722.5747874921582
-740.9825784214866
-673.5056979445827
-821.2944957244162
-727.370759419
-688.096724912501
-729.3940296067169
-652.6237409158448
-733.5020984389095
-728.9346537350324
-700.9130401001553
-758.879952168572
-698.9104979268604
-729.9066144950149
-720.7949601202749
-688.1446019928039
-644.9098473225085
-708.4547570430847
-699.4139373813377
-755.8354525242895
-706.4040673852048
-653.7982436878524
-734.6415175509387
-705.108633580397
-745.4427313928275
-729.3823694684261
-698.0080084130395
-748.9272405338061
-822.3672139779046
-676.1489131403364
-721.5657700977215
-619.2698883545104
-640.4174681678332
-625.9364703342715
-649.370693613344
-633.2817527901939
-767.9530341774105
-657.8376461477615
-680.231290756011
-727.3829937222432
-706.7294151615998
-679.9963900000482
-654.482951063077
-744.8964758746847
-669.5691474853863
-664.4483908084028
-716.2143410619965
-634.272309814445
-724.6978925756375
-718.3021245961991
-648.7285707361871
-709.0164382553706
-712.1738547616027
-763.0592934476565
-759.0948156222132
-720.8346112229744
-730.987124273543
-683.5057581560269
-692.4635265427275
-745.1058181688844
-629.2376099800554
-708.6259619034371
-667.5447952102523
-665.1782067101028
-711.4144933389593
-630.8720242253661
-614.2541568863295
-658.9517528912365
-655.1176908078268
-673.0568765173437
-768.5531617621235
-705.2130486538849
-783.539815666043
-775.2230864413191
-685.4637093847718
-689.8985786440791
-580.5667384309295
-666.2478587606803
-605.8818785788978
-652.3622502341818
-699.996615565544
-683.6341783838598
-742.6532144769244
-657.9855363026634
-655.0815761627292
-718.171794730956
-659.2949022597652
-638.0345943461688
-698.2651509366759
-619.2586538749724
-756.1349486827222
-701.7159285827039
-650.9290488594434
-698.9372859177221
-689.3626262677285
-752.231560003228
-698.1756033272356
-712.3783107486961
-753.839250775356
-716.0685558198461
-738.9108855575197
-661.3664481039638
-631.1206692214264
-636.9845167434864
-699.7795459260647
-765.6636357244832
-655.4584016163947
-709.6414068544113
-706.4234215958263
-646.1250224490614
-702.2183021155128
-740.5312315232618
-685.4310074878855
-656.9512679930131
-779.313273300776
-699.5553034291465
-727.3215666780754
-670.5344942306182
-720.6486797330842
-683.4879264219257
-714.1308845941447
-656.9553828708098
-680.3621318691708
-717.4561109437941
-616.5040623144209
-665.2516625963749
-648.2087882496058
-681.8848863351172
-741.3695067813132
-729.2589562047377
-586.3541063108701
-685.482103351222
-690.7408523127909
-644.4885416661764
-616.3451157855833
-713.7679363176517
-680.4999494513783
-669.7189464763621
-700.6984005940453
-736.2592427596023
-758.2931558348326
-678.232486259169
-714.0804517786486
-688.9414641792833
-713.9955675377226
-657.1794248656586
-684.8417906152941
-700.273248917868
-647.9922816273538
-689.8041076409695
-658.2576826645142
-701.4939470892464
-631.7224191850804
-636.4648346876627
-652.2975428326317
-701.1119218242427
-612.5251183425746
-707.1777643733207
-617.8773796345176
-631.8020445067858
-622.3329673611979
-726.9371386934602
-748.3593401425237
-664.5359259116985
-640.1521447804381
-743.9869495151793
-626.4645829677844
-578.5121093568573
-665.9088664752838
-723.6736466082132
-687.7005785247402
-687.0562326719242
-709.1092804730229
-802.001796559257
-668.1040442088752
-687.7988813071133
-693.5407701703729
-655.6533067446745
-663.9467291908927
-624.8099786097268
-729.2660649756942
-658.6929257299736
-686.1884376917527
-698.4370234203916
-665.5217201651296
-672.4828773148975
-628.7624666416241
-744.5170670281699
-679.0537869800139
-669.7155425360341
-747.1325253483823
-684.2874891892379
-705.8084030993322
-803.5685013559315
-687.6265470264066
-723.5265814454319
-674.7530048567952
-645.2461805599722
-687.1636184983844
-705.271335726055
-662.6926190083841
-687.926368386012
-744.112910255361
-722.1851841605979
-741.2132139958811
-713.1587958291607
-717.2524615103677
-685.8127744785402
-721.1215369781648
-677.6644318416743
-724.3620795849356
-738.4069640981814
-681.7889787373583
-662.4695654304467
-709.9396207279685
-676.7039763764506
-650.1163826828124
-662.6689604853585
-661.4612393199455
-672.2427780118926
-671.8179686387431
-618.2519285974444
-662.5421548357358
-597.208601697482
-650.3664666259004
-709.6076478113625
-663.475453751782
-647.0248489752753
-657.911031672391
-686.0223162025055
-733.5995606267331
-664.7589325330973
-644.5581394103237
-678.8331578126669
-728.2748333587015
-630.2157698725703
-630.216260651853
-783.0466615507589
-634.5916591522396
-713.3282277540751
-742.7998735558698
-634.5593467776505
-737.9806548930724
-745.1218573377748
-806.9060481051783
-668.7049149962644
-760.5099115026374
-697.1600664971463
-652.7755766296964
-678.5742600857357
-698.0596686372545
-692.1181489710067
-671.4479137283173
-673.8018834563686
-700.879114283635
-717.7376115499721
-712.7982076356525
-754.0273869326734
-674.7373549999477
-749.2532707035018
-659.210935320317
-747.1640019877603
-686.7426360089053
-672.2003940617142
-646.0001292345672
-634.5223188196519
-660.9343025089324
-684.5349176877005
-683.5334080221605
-693.2916562609798
-704.9781519395274
-658.563047698176
-717.4715283941811
-679.8075651216282
-707.0789687176066
-674.7230006738105
-696.9865162916317
-680.7642221752562
-637.9224525817997
-826.1476010194292
-730.3307551052822
-705.503544862712
-668.4341977625605
-699.5019089219466
-649.7391185886751
-691.9633997006856
-703.0909388280697
-691.4109469608835
-676.3233534985834
-697.9208098285984
-669.2895301341579
-596.6247044659758
-691.6968844075037
-696.6563483341953
-650.5294251292989
-639.55938502543
-626.4805634093664
-625.9776067561961
-634.8366702707877
-759.2619020832553
-701.3600373621052
-674.6425532391726
-643.6824974074783
-647.2377808559953
-731.1010302537788
-671.4348382343125
-772.5367045049115
-719.6941483453094
-693.2739845120303
-725.7706749968345
-778.8554970935455
-774.6360456061899
-650.5205878842377
-696.3658107141894
-722.4417447145297
-732.7983613917987
-690.7806451788883
-636.1355781590526
-728.4922427054089
-736.9024774512628
-696.8602108655741
-685.1575790254121
-697.20075305626
-666.7753583077758
-668.0801181575025
-674.5905290388428
-629.1302468542041
-664.8046254285168
-667.234787386734
-685.5319982044143
-741.3616260077506
-692.9288609975004
-604.6890578118291
-684.5016721708412
-676.0395652929544
-689.2192787838342
-664.76297116867
-679.7087486393903
-632.6287087263286
-701.0641786834276
-682.3440922608881
-684.5070133594443
-708.5927649107849
-720.3160732330575
-709.4398247225278
-652.7558778002592
-679.5784382339249
-697.3630630836159
-654.4607778568835
-675.4060629046203
-743.553967577257
-719.6018638383216
-716.0798066845381
-623.2964693574957
-713.5605987630832
-711.0257741126849
-661.3196397173588
-748.4352362743057
-667.1493900128111
-698.4491814115746
-643.0492505252104
-688.6184547137948
-677.8647828060741
-657.5468511195437
-708.6098914274061
-677.0518685027537
-727.0086534559044
-686.8238883864153
-781.2147395606403
-741.9435884561251
-877.9965315436901
-631.5497863186081
-682.5380792083943
-795.9442068850893
-703.4648135003746
-697.0854670041717
-649.2563705921245
-671.7796454706083
-765.546907680804
-700.2442886830233
-751.496808883731
-696.8287245420465
-706.0916127342927
-716.6341239795705
-681.7238564142373
-669.4961049582157
-678.659738720367
-663.0609951983342
-718.1933066816487
-776.4780898184063
-762.7003875835884
-737.9256903256636
-655.9138629740258
-614.8915274409546
-688.8993380445094
-655.5625478153655
-710.7725759217732
-676.2428535179899
-722.351022310497
-674.3590968621794
-755.1512012911729
-706.7010951264925
-776.6415393907014
-652.9026259811592
-737.5385564006431
-667.4063333644796
-836.2191218368515
-697.4384283938285
-730.5421354033929
-806.0211051892792
-678.5298727009708
-626.9157736563216
-666.3028654820353
-702.4936937609199
-649.1175335422644
-677.5364543461046
-768.7093803458578
-739.9120379167186
-623.6298102697617
-695.7625489792786
-706.635010998696
-697.5679827849104
-673.41841745556
-713.3397016764576
-743.1258955137574
-678.1061121863349
-752.554141323796
-676.4445277876848
-676.0613854124605
-688.6871852904937
-609.55949384243
-760.176078841776
-730.1662567136577
-784.1692760952594
-727.9981564394257
-691.8676760118149
-732.4467639989003
-730.2790253546036
-681.3365207141699
-712.8846121867147
-696.9765691793616
-633.5130290942475
-658.8433414106402
-715.1976500770664
-655.7473836640182
-748.9046575533188
-682.2076771020974
-728.1731694110772
-651.4730403968351
-697.9909522238631
-631.8504285674815
-681.5415918179372
-710.3362851934772
-700.3026280281996
-702.5272576783127
-654.2757620989837
-763.4266072578959
-638.5482546740927
-674.2233667596772
-782.2841491738993
-702.6541079946778
-634.809860057121
-653.1781318205199
-650.7235781574692
-673.9888832027715
-710.0177199709309
-686.0959823505841
-721.1060522265009
-754.07458046998
-678.37493408581
-709.2515017928724
-656.963987708079
-666.953573216937
-693.1781184509898
-676.820384507507
-702.4174973538006
-675.6326904965811
-675.6727735692258
-677.6922788175607
-653.6266075251701
-796.319218320403
-623.9181731984734
-702.9089012195169
-643.5051982144985
-625.5336250462194
-653.7135687455103
-652.1266149933223
-732.1883670620415
-706.1777512435181
-595.8600542806779
-697.8900152841496
-664.6992054266868
-613.0341805962781
-700.9910158997548
-767.289611236337
-657.8285726074379
-646.2190554773074
-640.0369076616141
-591.4334308529029
-707.1132701356081
-647.6310715311772
-679.7032123410072
-637.4629148642866
-683.5183829385232
-725.6292519388637
-692.8485070380448
-704.4622183756042
-613.9605716628987
-733.8400734717202
-691.7960519700617
-668.594236023751
-751.0597427761342
-681.509198144063
-672.6719758519899
-689.032823713004
-663.1581182364304
-737.9640617325208
-610.1285247306752
-667.0139737992421
-703.543627980353
-655.9673769320493
-669.3095921039933
-676.9901400117942
-759.7626013689572
-737.7438117218194
-687.8112755439158
-682.5191982913157
-649.3336793975936
-686.9450047101432
-593.6517106820744
-612.2530890289407
-704.9002807870543
-633.3306576936353
-695.976173466605
-723.6556360439964
-643.879975819978
-751.6317527125642
-707.0064535534682
-673.6874446271739
-641.1297483999201
-695.3911545868003
-703.9901493668805
-666.7329243903368
-661.8925287335495
-630.7398030403034
-729.241561526997
-687.9818509727247
-712.8179661220518
-692.5294071383496
-672.0276333032742
-766.9466133039493
-661.633996819245
-638.2424895839713
-648.116857833961
-721.4696088751762
-661.0359985998219
-662.1835600313531
-760.0032549886291
-713.8093029516881
-580.377793553181
-706.13531673182
-609.6356735737594
-724.7303211466665
-668.3757097830636
-684.6004317421465
-630.8170948320053
-642.1257337715572
-705.3234233681646
-644.1823203957249
-686.7960789878177
-721.6182297810427
-618.9709025532358
-810.3262559713404
-691.544382382023
-727.0859440968147
-779.8029424215661
-620.3099517912835
-685.9077483792339
-712.9711555381529
-714.4047663007569
-670.0864474327782
-698.9505494870596
-675.8710206576528
-689.2352169738938
-628.3694728582227
-646.757991216532
-724.0138812829858
-745.7451153164293
-744.8968710997362
-701.2980765829672
-674.8536105515705
-794.4840287886477
-708.0269171943223
-681.7527167380622
-640.6159596443174
-663.4687100046624
-681.7355332184989
-715.4918522776131
-651.8523226271286
-688.1435088461496
-652.9184008040774
-737.7369128735938
-641.6077374678837
-612.9172828168962
-651.8728093261329
-671.0174430117569
-637.8365440248042
-658.4900080722111
-777.3287678773222
-640.2737975125672
-713.1760640548193
-720.6214913624975
-703.0344626833165
-639.7343440948432
-681.33063498444
-682.0122267638436
-774.9377106367415
-697.262004344682
-710.4890396273493
-642.3291445998099
-723.5326958943965
-673.5824922977326
-728.4229866095334
-638.5175980503336
-675.4924053179818
-747.3543633109244
-758.176298367966
-710.1766082504153
-680.634143817032
-591.5472466122499
-742.4344543540046
-766.4223245812004
-749.1571290314296
-622.6629720171213
-665.2036105741291
-687.3577534733188
-645.2930770686477
-688.8211232499857
-755.2522822011182
-691.7449611563394
-679.2032919382815
-713.0115071757515
-762.9327148558955
-673.5413064212275
-685.9145535283019
-646.7525802823221
-660.226124711289
-715.5798714271801
-655.4173126600826
-721.206270647928
-669.2618960525201
-690.712558313542
-740.2447977175825
-643.2491746594733
-751.4669874771313
-640.5085517618153
-658.7993805057283
-740.875437123229
-783.1182088457882
-683.3817047473113
-642.7932299711618
-655.303944105305
-737.3074016107921
-666.8533967208124
-667.4146905534349
-659.3639218779717
-763.6316250712898
-762.4331705604322
-733.3274218876594
-636.8868760203012
-670.55874960799
-597.5910825603189
-718.0686270918225
-653.8861941458658
-743.1325258894764
-658.7577818374427
-613.7604606481472
-662.2315128343669
-747.9052092646283
-733.5634715210514
-698.9220394421043
-717.2962882680737
-671.6968618908779
-713.9682236599859
-697.1733056294871
-722.2970922171288
-673.4215070218133
-690.0483776284136
-701.6386183380864
-766.787233262352
-673.2903731620306
-715.5525276930551
-707.9307567441941
-703.7415919981872
-694.779927480959
-691.6912451134185
-701.2498815507214
-684.5460252425216
-627.8499381418028
-638.9539585919217
-671.2576118384425
-676.7431382173281
-696.8734478239955
-687.4505795732174
-688.6864265737033
-683.91246768791
-731.6958683096481
-756.2959099551941
-778.0803192843101
-708.2467841283972
-646.3947213745578
-704.6608057393987
-674.7442526684539
-683.7702745041348
-700.0864704153973
-643.8295072661265
-757.8779910513186
-692.0260692223069
-671.672990942558
-713.7072749272486
-618.6861354792017
-706.6158525211981
-719.056209216983
-769.0182804150502
-697.6298038798041
-735.5328899373927
-613.0984878263934
-638.724555075427
-683.9973585374153
-647.66979106639
-684.6868980459773
-744.942074522988
-643.8550582779021
-615.4525609676706
-609.7481666518865
-599.614779461548
-704.1993027826672
-668.2224697977244
-648.0111213167968
-699.4449252538659
-676.6976626748915
-759.222918378589
-688.3784525001213
-729.8934923383025
-707.5747717264603
-795.0123418832886
-656.0322410347401
-620.4894131919518
-704.8282960664674
-680.9807385546505
-749.375284345678
-723.9867158528779
-715.8329322028115
-712.1459064447498
-764.8991306173818
-664.7215946463963
-680.6217286164931
-660.4860323652813

