-2448.173802484072
-1764.73080637174
-2951.790683646136
-2589.052551175727
-2066.401813440512
-2875.234905009908
-2246.0168257890896
-3168.9460842329795
-1904.2561713477162
-2565.653628258791
-3423.158785930113
-2360.58927176884
-1709.9911368244568
-1854.908686397614
-1662.7362554024764
-1790.8618421915444
-1712.3746493426288
-1748.0219266417128
-1711.6337674290514
-1320.9215285440337
-1439.7447801270373
-1504.624206946567
-1829.5213749558473
-1443.109387324567
-1706.9533280133896
-1535.0805445743279
-1474.2587474465952
-1412.452685385726
-1485.095693746077
-1308.4560655703772
-1682.793948617119
-1558.3659407306632
-1584.4373193766762
-1440.092046200478
-1436.7291815509348
-1561.8064785441466
-1326.6471418961587
-1331.1431726527728
-1353.0675242827604
-1573.9005315116726
-1609.374707361522
-1366.5014960790515
-1478.9486466595927
-1416.5472813933231
-1491.4560116951159
-1596.845796657096
-1592.8526502024351
-1337.2824744439254
-1346.2860056912448
-1496.584350450406
-1324.7152399420074
-1394.7955532906335
-1715.869497683946
-1362.2278765166277
-1522.0987704235972
-1370.079092784238
-1447.8270545593166
-1440.729561577903
-1457.8466535962166
-1449.5785987497927
-1568.4991709643612
-1398.3958436014454
-1228.614966114097
-1566.8214648623612
-1273.5891676803249
-1657.7575507862612
-1569.3955937397677
-1368.6693727096072
-1273.7234839637285
-1361.1204928017744
-1182.1904067593068
-1419.095592920319
-1387.9921254552316
-1307.160907620768
-1414.552805110059
-1470.4714441788803
-1464.1321002247782
-1336.621157154194
-1428.9883899363879
-1287.0341525101587
-1327.0366780893255
-1325.196117490636
-1373.1632914067054
-1331.2048447014568
-1613.4749535171861
-1420.773690811389
-1267.913295261257
-1224.8463259524558
-1386.9870343683624
-1375.345114930289
-1520.2277170139942
-1273.2113524664599
-1723.2694161324748
-1385.6930956806616
-1582.7242599464084
-1515.1225420954136
-1423.7595167237978
-1309.6885973196095
-1363.8006608844648
-1357.664324779184
-1400.3144826982273
-1309.4690804978768
-1466.8373982793482
-1559.4162314034506
-1364.2928187837072
-1252.6087920878153
-1309.2424497722984
-1428.9953073021957
-1519.1281441644996
-1474.6721427617922
-1343.5672896028118
-1308.434109668629
-1340.011900430724
-1345.922378653031
-1361.4761162889354
-1549.5651395332434
-1263.9186980005843
-1513.2078481370281
-1365.207902336461
-1359.82029813334
-1456.063193563371
-1340.3084104858208
-1548.0273492682265
-1568.5110066167035
-1296.3652878777066
-1358.8571883740358
-1281.4640694273203
-1399.4126813535788
-1352.4064073381355
-1388.6586741005758
-1322.3627553616423
-1445.7597858360966
-1315.14911409234
-1384.6183022011228
-1224.0191013440408
-1287.5851171761271
-1406.351041191312
-1337.2647871747495
-1231.732580044817
-1425.2437916330452
-1383.7709742046475
-1433.6247742218386
-1301.124001187017
-1256.4631506741416
-1259.524168249114
-1346.7101639132131
-1270.595552845083
-1468.4126766916606
-1605.9795901124476
-1328.5426358525601
-1272.229198134759
-1385.9867300010633
-1407.516610266125
-1185.7556787501146
-1300.904623594179
-1217.5782957558554
-1288.4456134351808
-1309.583107832801
-1229.5924333440908
-1360.333426692083
-1436.225989965039
-1465.745702787079
-1263.2688083693356
-1411.6087812747253
-1356.3959116160804
-1384.9219076321344
-1346.4432201637583
-1234.951188975869
-1704.9449580821508
-1451.0834879857478
-1250.511053664789
-1358.5650273601793
-1278.9270648623224
-1238.4025570506637
-1364.6775143818622
-1338.758282609203
-1336.5707879938873
-1369.232128513235
-1196.9741770986582
-1358.7492963096925
-1366.4841720017785
-1321.0116720794742
-1330.6855616770918
-1175.291592381597
-1252.5979151231354
-1272.2810533893185
-1259.8948838366023
-1433.58010990966
-1225.323640027423
-1294.1344950413813
-1285.837235423066
-1330.6753759863705
-1417.4318684803604
-1414.4597660663244
-1564.285500387863
-1255.9358764171657
-1281.3793669510103
-1285.5463405033754
-1432.1199209701754
-1380.8606026778743
-1175.3846702190842
-1638.0309940020536
-1463.2086043059935
-1357.5356791492095
-1261.0515676806406
-1322.1155053409495
-1389.354744818503
-1599.214648425568
-1304.535237886009
-1214.2932791902977
-1299.5649210736158
-1204.2819346124409
-1387.229871189572
-1358.8464246154153
-1291.8771571060724
-1560.73344023982
-1256.2605193004931
-1241.9288941416999
-1280.6108139269002
-1308.6398178044747
-1275.5650217510965
-1223.5280786033254
-1414.2928278739064
-1292.124508834373
-1266.0667893270238
-1466.4955471245678
-1419.7873050044846
-1338.4488853948706
-1248.6823271236462
-1356.376659936578
-1140.9128003449503
-1272.087719359557
-1397.5417686039054
-1481.3651031817699
-1434.866070052718
-1354.2190882750049
-1332.7251477769228
-1429.755872386
-1494.6207490833258
-1367.6298281136992
-1279.9668989962959
-1383.8308699084362
-1252.7062565793633
-1352.4831957154638
-1171.7155735079955
-1249.0195156539494
-1423.4100445636382
-1275.0228104503267
-1333.5626001361143
-1279.023743735329
-1152.3737060046649
-1252.827090648118
-1206.1054829031125
-1246.031144099864
-1139.7000478154341
-1230.2311982043502
-1328.2580268277716
-1323.9252207662023
-1187.1186299523997
-1262.3270603976716
-1136.3569881508
-1339.5955884277046
-1209.9216018876493
-1177.0881962989924
-1212.9369045761969
-1332.5745425078255
-1315.236022780421
-1171.2070611281815
-1353.859844527072
-1397.3620367562826
-1299.3112733965065
-1288.1168659374957
-1249.9300998732078
-1393.404017898331
-1332.9294042042334
-1298.4845057423709
-1425.870759465531
-1426.0411389461206
-1106.0591142045166
-1292.3682974791075
-1297.8825051489828
-1217.0965910129953
-1200.9802506757183
-1312.0941255570503
-1251.1999817629649
-1318.53428710892
-1248.8221837698395
-1323.9725300521468
-1260.575540560014
-1277.9548991977656
-1157.5931855345905
-1412.4557815513408
-1252.3441626888687
-1152.5710116528714
-1091.9991979082201
-1142.296417927723
-1190.8816331213716
-1315.6000765408235
-1169.32574525621
-1369.2538538302988
-1210.9558130262326
-1161.1396006182285
-1257.279793374824
-1246.3562388672578
-1515.866090162641
-1331.2371667743373
-1167.582795863799
-1324.4722078573552
-1252.373555760043
-1405.3772360190887
-1324.4739573301194
-1237.9480014842954
-1443.4780094114374
-1340.7586962023252
-1338.1038553771264
-1204.377724846391
-1352.416521955609
-1377.6281548542574
-1164.2471870630864
-1324.3496866280982
-1450.7160434381265
-1191.2625577669953
-1441.3890673261205
-1320.632999320526
-1323.9836607494226
-1269.1430865290686
-1324.8339734996785
-1211.643415578646
-1391.4519320925042
-1339.600998273676
-1330.1116993646278
-1287.5541756410066
-1140.4558252872978
-1359.2146619344874
-1429.8222837645717
-1284.9401216995655
-1250.2304559289398
-1298.834596142101
-1288.8679137025215
-1428.745280199601
-1233.644040191856
-1163.1123859466811
-1272.18339632861
-1232.1337597545041
-1229.7295556153163
-1302.3454102865508
-1331.2817410289163
-1325.6185437018312
-1168.672135735008
-1315.1653866438423
-1310.567920424154
-1297.2592760071616
-1495.4686454316272
-1310.1418746590361
-1302.5837641060523
-1366.7560752550428
-1391.569710759216
-1298.9405818348898
-1667.2480993513739
-1493.3784768240857
-1279.6433271852786
-1469.014184058934
-1278.6302230304486
-1054.2406149861222
-1343.8188193597643
-1334.185728724825
-1285.8190788172913
-1206.37920896999
-1307.641618652227
-1335.0149888581216
-1281.6147037553628
-1127.4795422616232
-1335.5683367181223
-1267.756909636107
-1223.9543981876077
-1147.2301790279857
-1298.1409942507726
-1407.362848942531
-1262.7198950174131
-1258.738230430767
-1233.7797667218447
-1365.7229099253057
-1339.052249366283
-1265.6021655022234
-1355.216407693055
-1244.2559759979722
-1450.5554257792792
-1270.245896981074
-1244.4572598907625
-1300.0838871542194
-1278.9526128121786
-1398.601058626931
-1395.648736742913
-1346.2497764701448
-1364.612236979668
-1187.2447253103535
-1268.9623413812524
-1260.745828459737
-1370.9528662007463
-1394.4555548507108
-1177.1421129188805
-1328.2561943398287
-1238.2550117194824
-1290.9065269402722
-1186.0471556077916
-1236.1542007099627
-1255.8421175941178
-1212.242988085094
-1328.2197159067014
-1238.2790628218404
-1302.7676576716703
-1264.018050718821
-1468.8944018345267
-1303.0926612727799
-1244.011053549959
-1194.4355905147904
-1158.9244845327855
-1352.0161041775482
-1228.2331723310895
-1283.1487352065983
-1221.411922053113
-1151.9700667962577
-1282.3762712711423
-1275.5395695491893
-1374.120186730282
-1329.5090655586469
-1402.2539919032397
-1231.1521600743072
-1301.5265791261063
-1173.4556338574343
-1196.1244730518217
-1159.2245816194618
-1480.4256408052606
-1261.227115516738
-1116.5830236951886
-1190.9716916590014
-1318.215806763178
-1204.0699164838763
-1260.5272413435941
-1312.8059395119963
-1506.1580076005557
-1265.6676968654326
-1364.7320841299504
-1291.6873191066552
-1309.8785109864232
-1201.0495698843972
-1267.8502870473537
-1389.7222815479154
-1139.042874519431
-1289.860815065874
-1303.6467184500834
-1386.3607082763874
-1090.16221226514
-1235.1231042526645
-1214.056405743133
-1339.220638761417
-1243.528149868066
-1343.609810749188
-1376.790770678027
-1286.9762768041282
-1244.9285433249574
-1159.261174457684
-1307.9931869297448
-1245.7701098351715
-1259.1862713638236
-1348.4246156874372
-1317.866041452221
-1138.43639989583
-1389.6824890233447
-1093.247021573792
-1158.3252496488449
-1321.911147738184
-1263.560045629264
-1389.2032437515236
-1286.5292659531294
-1385.941933252084
-1339.275379547405
-1367.1957472571546
-1205.731242859338
-1415.893237581329
-1245.9654696845819
-1358.280687974133
-1210.3805164263829
-1297.3733028708857
-1374.7342421612432
-1188.551828861917
-1143.8740934713624
-1230.1710232557753
-1374.372124058893
-1152.0708407850389
-1236.7361701195064
-1228.1694678498875
-1369.0132760345568
-1314.747042598251
-1288.4658515590218
-1134.6020490312526
-1164.7185697018608
-1343.6893939350027
-1281.78736752237
-1342.9930882214278
-1216.5618897798677
-1196.0757263524956
-1233.8505611453936
-1331.9105457649725
-1318.9989611204828
-1245.823228406778
-1496.3594242429574
-1234.1323700414541
-1297.727353216008
-1434.3081563430069
-1261.8634909811078
-1171.7219650091427
-1197.4420433965504
-1180.944734309221
-1282.0183245960527
-1172.3846541821424
-1265.8666099890063
-1178.9784899874746
-1168.2211197524066
-1175.756170907514
-1328.120039446367
-1295.2090709346887
-1173.011170399383
-1414.0243057798916
-1378.2609240973356
-1262.0824448714566
-1252.3779374954215
-1199.762291205962
-1302.1820479308903
-1128.354820364649
-1320.5390521166037
-1207.215867241364
-1268.0054625502366
-1322.8572101906784
-1222.7784249263286
-1209.4828550928962
-1250.7237493122966
-1132.4784249513295
-1207.0536251612168
-1290.048601422786
-1368.989081173435
-1162.911974203172
-1203.136678613953
-1175.6524558682365
-1367.6232852567575
-1320.0294478974358
-1332.337329956417
-1271.8648851334772
-1211.1568317009494
-1228.9271357980854
-1185.899439773093
-1163.9176623748597
-1263.8794395046962
-1235.4280547300239
-1347.10300297911
-1298.0049539951592
-1148.6318060847295
-1253.5036606968583
-1222.0097954360665
-1370.6059573889115
-1261.8848081550432
-1217.3390898593864
-1379.9320560013493
-1329.3485895625956
-1215.336069025504
-1284.0995196868603
-1391.3039537299624
-1233.004299425259
-1188.2448801352773
-1286.4072151675487
-1280.8767760598762
-1162.25937278191
-1182.1582798892516
-1301.7858261622437
-1216.489760700077
-1242.8379429522013
-1322.477112085043
-1379.6151612106219
-1367.5026596116468
-1226.2414281883919
-1151.9294131029653
-1132.82083226009
-1117.4543048733744
-1263.251740388573
-1391.6755008015164
-1293.1615305217058
-1467.190653881973
-1209.9939214232136
-1296.4787729204693
-1199.5468715214208
-1224.0126567626287
-1203.8342241035093
-1143.5976064806725
-1340.7993870639757
-1318.5290973819829
-1340.9128430562932
-1111.3560655313563
-1157.4624728123752
-1171.4374926043809
-1406.6216205727608
-1384.415408663881
-1424.177315189745
-1371.431712037506
-1326.9911734450197
-1213.992934001563
-1284.8662530787246
-1304.9308474302134
-1301.3902255283274
-1342.3375884484146
-1288.419064563198
-1353.923358026289
-1127.0647965227447
-1183.0117351439758
-1268.024692889516
-1140.3551674204552
-1188.8132487519777
-1194.3228697307286
-1149.5729335360454
-1104.1048135724084
-1231.3621122126685
-1234.616484191661
-1369.573715024826
-1261.2927135843738
-1318.621878689531
-1268.1193824155043
-1249.2090189970477
-1223.1190761650105
-1264.5758123723087
-1236.139204447285
-1352.7936716686984
-1037.4610968187233
-1242.1500473284104
-1246.3028682595332
-1270.2680598078118
-1329.5808211132035
-1208.2985835701008
-1289.6872052402077
-1210.2729060496133
-1254.854824547714
-1246.3776803888122
-1375.9500329674545
-1160.0627011929055
-1224.2092860211042
-1203.7363098703345
-1260.453677837556
-1233.505555410525
-1256.4009985927607
-1282.2398237982768
-1207.5400844331396
-1170.85778178371
-1265.861915543722
-1224.5050296228412
-1193.9527667703828
-1347.8356510677684
-1146.947638987019
-1167.1074634973559
-1360.266958473958
-1206.4976383167402
-1243.2126839464822
-1360.1474909101896
-1325.1635486463656
-1296.4970975176846
-1094.3962552806186
-1171.4463078656024
-1331.3777172245004
-1190.5548849280847
-1181.9232309028337
-1311.362964911369
-1273.7825935712601
-1317.1551143322088
-1300.9850871217056
-1070.8103379731458
-1388.545059334403
-1156.5431268160742
-1278.1058892560104
-1235.4774844511933
-1247.72818258543
-1185.1492268228517
-1343.911011371255
-1244.1032902025793
-1192.8573760754323
-1370.9846772652354
-1185.9697485775994
-1625.4188288425316
-1168.8011220663527
-1290.9119644778687
-1264.4564249687833
-1144.2631251430691
-1397.9041614542625
-1024.8042373290339
-1067.5750148332427
-1387.7442407209182
-1225.1117339186555
-1195.0892922548699
-1377.387991620245
-1132.7028244300654
-1274.1949236557111
-1267.4869885964472
-1250.9955249986913
-1150.0046708824054
-1243.0318658387291
-1251.8592090394602
-1289.0344608720816
-1273.9104480552896
-1220.6078413516059
-1301.3149891086114
-1306.811791434051
-1325.4349054710053
-1207.5033284267627
-1230.7303187165862
-1266.1612353354765
-1245.5988133959645
-1172.2404252070105
-1321.3401550617148
-1331.4384343182692
-1263.0363357514461
-1303.323074983706
-1211.471234401149
-1158.4037115551746
-1281.5543759709426
-1302.7293438304544
-1274.725542409158
-1266.0187492039768
-1258.338977588424
-1227.2665774362204
-1252.3528784764335
-1184.1131813121362
-1168.0942622375176
-1367.9639373139141
-1213.9394940226437
-1190.5871831081565
-1247.7585045789424
-1376.9541414707455
-1267.163226830738
-1223.5746607744547
-1118.6408506236676
-1145.4271466391053
-1344.6133312062127
-1265.1662969158333
-1218.0014345216487
-1170.7388134070632
-1225.1948505937216
-1328.7455193462679
-1179.3366075184592
-1177.948498118653
-1254.048629395152
-1358.2792477531052
-1176.1531539572477
-1236.022077188475
-1367.4780703336394
-1251.6571124347383
-1287.010370569159
-1289.4737101972887
-1457.4843055288388
-1254.3392154042585
-1172.5367067726893
-1352.4133985489027
-1117.1733659681672
-1267.298936111634
-1366.7528780643702
-1209.140780287354
-1320.7422544256115
-1229.3117322626058
-1281.4983546744902
-1192.0333841124532
-1551.7373584434056
-1246.7142342031025
-1244.4855772340834
-1225.534368636108
-1147.8649047396912
-1156.5490073101557
-1347.7551722815524
-1398.9746824087324
-1085.4430875207554
-1323.4864026550176
-1212.6843681647008
-1311.396249858736
-1215.8601184301908
-1280.1053728437441
-1264.6117745693832
-1104.035643398977
-1304.4035705130132
-1145.2478119491268
-1148.434458144955
-1082.4517799597604
-1185.4371631078104
-1223.2688938350852
-1054.1944637492077
-1362.709861772517
-1176.2997346499103
-1412.6281831339938
-1233.466789504769
-1246.2022963031768
-1326.983543374793
-1333.4285731943276
-1167.1217775656996
-1303.959574542981
-1202.7906719614361
-1246.1487463261485
-1087.9419114353602
-1414.8589363648844
-1401.9326387810388
-1331.7758428626496
-1123.1472652612465
-1355.1564240838013
-1235.4035364291244
-1175.1959693434364
-1203.448159270751
-1282.2659877677497
-1226.7794173553848
-1335.5207813918894
-1228.7216193317472
-1396.720511478487
-1271.6586922256065
-1197.5854269790666
-1197.8389280539338
-1201.5402590590265
-1187.189961902678
-1242.447420469804
-1198.606549800959
-1289.8193772848663
-1224.9751650716871
-1228.402884522974
-1425.211102187579
-1333.279799623198
-1250.5915688234036
-1302.5769359961228
-1260.3170475001912
-1234.6987882173607
-1241.1411331707695
-1245.8974085389013
-1122.8751610316838
-1284.1916480575658
-1282.1385320183508
-1237.3022919075647
-1215.9872184253154
-1222.9756247203802
-1265.9284621452014
-1195.5462715320423
-1133.6682078757187
-1257.1089613041213
-1251.433405512419
-1413.6475725382081
-1178.907949077064
-1374.4478716615556
-1360.079338893264
-1295.8811510793755
-1312.922949692581
-1178.7543892104313
-1235.1033945832805
-1106.7446306893157
-1207.1532048206043
-1349.234117676466
-1207.9115774642748
-1234.2367243688868
-1267.3493742886849
-1201.165235456839
-1262.8099577689775
-1170.0427880900525
-1268.2512254669139
-1263.9585137357826
-1203.5209064325163
-1320.8148969732586
-1224.5215618583936
-1285.7917416077062
-1253.4762071420564
-1326.509130526381
-1323.6553969744261
-1241.0579415057716
-1213.334480354908
-1231.3687576221255
-1215.3344694917412
-1310.14182858829
-1194.1184264656615
-1265.4208438618589
-1237.734674274972
-1234.9360655621363
-1288.2327130397653
-1177.9197629949667
-1490.0672090547007
-1237.9408748134588
-1315.789634291008
-1326.2854558938081
-1247.9788485869813
-1380.2673525186826
-1178.4029701992945
-1189.9820591128919
-1240.618452979514
-1144.778326406152
-1184.4564104652306
-1253.1066318386734
-1214.4345431507038
-1307.0357051835867
-1348.07062673604
-1345.0558142955108
-1309.9937060289294
-1134.0413275550184
-1324.707114484565
-1274.0482706909802
-1322.7773954230206
-1288.7999344533064
-1330.8150096132395
-1187.6198943285283
-1286.7854010314395
-1324.2250676595277
-1269.45721239656
-1306.234603742175
-1240.8519123238796
-1307.9714958024833
-1233.2415372737728
-1136.1573220577964
-1120.2621360830842
-1142.008936219899
-1193.395165792326
-1174.783129744032
-1238.1003876216027
-1121.6020067816892
-1224.3994680264955
-1238.5121541259198
-1301.8878757901414
-1303.6147046390179
-1390.488251601688
-1233.8023259170777
-1387.9502295978107
-1286.6532747476135
-1208.3379004492128
-1256.4046373026003
-1418.9736795946965
-1244.8419091326164
-1113.3941414636563
-1203.9707235110081
-1277.8280606846806
-1136.964487692316
-1259.389894780533
-1253.5805644985505
-1114.1677251743286
-1252.509737990128
-1183.2450165164948
-1249.162382541013
-1301.0997160683328
-1220.5159289417954
-1154.2310509544882
-1275.970485965151
-1352.6322486911213
-1341.5449040847252
-1396.9666791357115
-1346.9874322666824
-1137.743265890546
-1096.3565638155135
-1206.231684024728
-1238.8165352824744
-1114.1983207478552
-1124.4383457115
-1219.7745087504677
-1204.255457392521
-1339.0770001547369
-1398.8745755660325
-1398.1894103747231
-1290.382497244987
-1311.3329826078061
-1116.9061784840314
-1271.3661601009824
-1294.8004485875563
-1209.8899397273483
-1221.1553611849656
-1281.961571001651
-1191.9049736803754
-1278.5809606991131
-1048.9985326475269
-1201.9722006583652
-1165.1053258271259
-1314.5046695312594
-1232.8956681836742
-1202.1218923594736
-1098.0317958862795
-1246.1870209628203
-1127.990625372823
-1200.4420057985976
-1101.0488203742025
-1066.1734612533899
-1175.5099991816721
-1218.6906484952437
-1260.0416550470773
-1272.7116302263778
-1225.3094943095837
-1220.846558700153
-1238.9267466185547
-1158.5545677418484
-1249.0171478519417
-1185.5075968840474
-1183.5497719185905
-1211.7077284287477
-1403.265486211496
-1138.872959244448
-1229.3181229627228
-1177.5977381050657
-1337.2678070873576
-1286.7429836880326
-1078.8949618947493
-1214.276379402214
-1276.0512416913118
-1323.6110295189796
-1239.6613265030642
-1142.6920618749211
-1153.6285481433547
-1190.6731610494764
-1228.8568015852798
-1226.7943633520654
-1281.6056908077126
-1112.6166797191406
-1194.4910326714642
-1307.3590706413343
-1088.8671789966147
-1186.0131103901535
-1188.9711969593886
-1177.9262974540607
-1128.193116682487
-1216.3496136279161
-1294.7844912108285
-1233.2137382098992
-1388.4797974780345
-1236.5062418695225
-1141.4885416557015
-1254.9955085437825
-1470.9133395378662
-1133.954906579205
-1254.8251731868677
-1226.9319601591667
-1148.467709522673
-1236.986274934552
-1297.2359802722012
-1249.4139609957801
-1143.7601744897283
-1195.9066089212856
-1261.5468359734111
-1314.9684973854216
-1268.795843518256
-1225.0886979509542
-1088.8297739985026
-1234.6111325805243
-1244.4390029967492
-1039.233856637525
-1168.3227231998792
-1071.265156728161
-1266.0931999964655
-1300.2746606696599
-1257.7525869043989
-1207.4631561415088
-1189.6447926703547
-1185.4741766311015
-1185.98923457983
-1289.0337996750425
-1199.767316601476
-1122.722619857836
-1090.2837120965303
-1244.1941002080862
-1214.629029097942
-1266.993606193486
-1219.9670426698992
-1024.751319667232
-1261.0807266537272
-1140.3479754449756
-1360.215932062322
-1300.074523068214
-1131.6542495173114
-1210.8960025221738
-1355.7646116345575
-1219.8709255906479
-1356.6727857203637
-1299.7011852538626
-1128.2001440279864
-1261.4144715689147
-1228.4466677112075
-1262.8740096930246
-1197.2757626357259
-1299.075150172508
-1342.5788256914514
-1196.4786879566643
-1221.794830494068
-1257.1204127266856
-1348.3472762042734
-1292.2172505466995
-1172.1780318888223
-1171.6193601599848
-1144.367579582544
-1297.3805581123534
-1327.6384376077456
-1278.3221795462468
-1210.7014266750389
-1214.343016067663
-1226.6976281054808
-1252.0282859680485
-1164.7849466005064
-1238.571120726051
-1172.4556346304298
-1270.1526354721213
-1253.3119540591972
-1197.8731036046145
-1146.2931143639394
-1204.252986050765
-1199.1843418925132
-1194.4053246320723
-1096.0698320688273
-1192.2995859644982
-1166.3775614975423
-1288.751071300972
-1325.675683582469
-1233.4668490758663
-1264.7494655133494
-1251.0531928042988
-1272.1550250222163
-1188.75874850187
-1154.0671538333602
-1250.1448285411384
-1249.0465886817856
-1258.5662415303439
-1322.6383453669475
-1222.582082077285
-1219.5625183467735
-1157.0412298195379
-1194.9266161982084
-1131.4297989363051
-1169.4842912256797
-1307.975719242554
-1110.8747555703872
-1309.1174813459745
-1159.419681668435
-1241.5889070132193
-1085.9933151904345
-1208.8720695095826
-1163.245956919962
-1071.74670223727
-1253.3458733887792
-1337.177492245858
-1256.155546006247
-1226.9792740554856
-1138.9716790456664
-1271.2847198798918
-1176.0692551924058
-1180.7451144091633
-1115.9550379111245
-1116.3007956794409
-1116.7456704959247
-1187.8739339809233
-1112.643907372543
-1235.5955404204824
-1209.697421974355
-1082.3338825662831
-1102.8817532381292
-1243.2327653199882
-1304.8766005444495
-1336.4727283114073
-1172.1675325283677
-1239.9832823116094
-1360.1910657458388
-1324.6328258506378
-1192.9822433062782
-1049.528136658288
-1336.8886872611972
-1249.8534966853522
-1286.7685052410495
-1280.0138920700542
-1300.5816927541255
-1243.8779646030127
-1291.555237519222
-1266.3652769566434
-1300.8061732780925
-1296.1794337834767
-981.6943581756825
-1225.5997380356464
-1205.2007943619785
-1205.1200247587221
-1293.1696383458093
-1151.9335551934994
-1474.2143534582226
-1212.3940038415828
-1329.0359160644587
-1279.9714391815935
-1093.1443914548074
-1297.891858096898
-1197.0633890747986
-1239.0716324515863
-1185.1419172626984
-1247.6739090042595
-1273.877340417436
-1398.5834991429704
-1119.1571203349858
-1243.3594364464998
-1389.444790791386
-1367.3747940472947
-1262.5376628253393
-1169.5826599868121
-1186.1832253041068
-1192.3588854583984
-1290.4599625775854
-1230.267961365761
-1203.5165807524606
-1157.1453929135553
-1180.4958121473494
-1140.3548358910712
-1231.5661477075894
-1051.0239917716929
-1103.6744450506585
-1199.815134898701
-1297.9784148690344
-1117.3702020309909
-1196.5083760828227
-1256.9571041313757
-1297.831354521425
-1242.8469271698114
-1193.9231640322655
-1126.2057959393428
-1266.923370016284
-1275.7713739967917
-1272.9254936922628
-1283.7183225499448
-1260.7382763600972
-1146.0943336131147
-1413.0928078964107
-1188.0883296875484
-1157.7398889651504
-1148.6241453475866
-1083.89563948697
-1110.313017710362
-1252.2167607017432
-1237.3637719353646
-1331.659541863457
-1252.8884241607232
-1265.2491430924706
-1346.6985301884604
-1335.4622840559434
-1192.7518647018976
-1196.3839293522265
-1078.664793428738
-1217.32287040867
-1214.902975101396
-1287.1483698558186
-1142.0085020770684
-1306.8794120273772
-1192.8408766126863
-1091.628273941207
-1293.1279959093947
-1336.7778397491861
-1301.3940467308316
-1176.0379424494731
-1279.6037061717952
-1180.7519041142764
-1251.4026964336463
-1264.845171411013
-1273.5818076917278
-1163.1298018034563
-1280.9213215749946
-1357.8669567753434
-1253.6460286445445
-1433.5900718342623
-1170.2394946821905
-1160.2311695416845
-1058.8581952838085
-1330.5082837184777
-1201.457421863417
-1172.2496976652546
-1228.9552725852463
-1220.961032054568
-1278.197087387631
-1267.247849332925
-1274.5487814200828
-1123.8936140259527
-1249.714574522301
-1238.0551061464603
-1256.2612348972411
-1273.3083994128503
-1146.7104828126253
-1240.0405293655067
-1110.820067354978
-1197.6508266519647
-1264.2423707825826
-1188.063709302604
-1165.0817787818182
-1120.911984452247
-1276.74655653501
-1276.3112256923487
-1302.2900752169126
-1216.8284320334876
-1179.6253944868397
-1209.2598173283866
-1110.437601559282
-1158.7328822139225
-1166.947980728167
-1210.40116351756
-1209.7400600363342
-1222.4868410632334
-1170.4623176431248
-1171.7047318752504
-1325.0344327930761
-1347.392240755524
-1112.3661251558492
-1220.3283458618705
-1294.3642459595565
-1112.1978672597145
-1264.8569985895842
-1158.6481018677648
-1140.1592937407042
-1206.8430010267616
-1310.4411926952048
-1328.5378428112617
-1234.1120852873173
-1196.836989046789
-1137.5729663738769
-1119.5819951181932
-1179.398001017258
-1178.2978776073694
-1190.8662258825595
-1215.6854900123587
-1228.46563015869
-1283.9760958291063
-1094.1871219215889
-1226.252719773366
-1108.066532522949
-1145.7398910149402
-1330.795397551858
-1351.6252889206792
-1212.241662990682
-1355.0573474385815
-1336.1700664335062
-1250.9029909980004
-1204.1552516395825
-1214.1036548860525
-1305.1875871713746
-1124.943699374402
-1231.7776658472942
-1230.245888636954
-1234.6490393620816
-1142.9665129130292
-1289.7491516525624
-1144.804308556964
-1158.1706402192513
-1307.5571471995854
-1262.0058637486188
-1121.86575697266
-1378.3241283218076
-1122.4277017735003
-1120.4818722417804
-1222.842009453131
-1339.5979437138842
-1167.1442660000328
-1284.442315993769
-1217.931753535189
-1088.0100463609301
-1191.080289897205
-1257.2378298882695
-1146.7198742903204
-1220.1609380237858
-1228.0308357093363
-1270.7597097119146
-1164.5471727602758
-1124.823953262411
-1204.2451011938915
-1178.6299052445631
-1195.6974427378557
-1217.237009626718
-1107.5677959652085
-1274.305035947301
-1199.9522522827347
-1281.88442449924
-1181.827494175516
-1134.6114424583598
-1183.8605944325147
-1287.749196322505
-1115.1028138743336
-1379.6841617883354
-1237.4985753351316
-1081.2828221627085
-1114.0175227933457
-1287.8851031295735
-1323.870313535393
-1209.9490500356048
-1181.7296350079248
-1202.8496238302141
-1358.6185834066491
-1299.582122162953
-1093.180003935551
-1243.294671981642
-1084.4391780374606
-1269.5883095256365
-1285.9479292835645
-1282.7165370194036
-1283.2663862378784
-1216.2831824266148
-1262.027670474071
-1259.4934565452904
-1113.5649549495372
-1210.9027070105753
-1319.1801711473863
-1350.2486807568994
-1298.2912933084751
-1213.601493944732
-1171.9372432269388
-1361.8268420702211
-1103.9802493127133
-1095.2482240774834
-1429.5316143625785
-1148.8271466328076
-1350.4533247488343
-1218.3267895179888
-1313.0950609858119
-1220.9353073755074
-1235.4133790469928
-1249.1249910995684
-1108.27762796707
-1429.1599939534299
-1201.9365609471427
-1173.2828866401462
-1216.779683956899
-1163.6553112541021
-1225.120722110997
-1224.2420045996787
-1197.5531402113213
-1169.1542119545502
-1306.6662084414766
-1144.791696241433
-1116.5670813203094
-1234.1669419534883
-1219.389952579696
-1248.5744791923057
-1328.2718360939516
-1063.5541921589893
-1208.139868768117
-1157.1839829921569
-1309.5248361839203
-1147.219549041512
-1160.9842938184809
-1223.2125431261472
-1094.1520197528496
-1167.5400679243135
-1239.2299874514836
-1341.1310431194377
-1221.0236412191762
-1343.6833963792387
-1160.4098444379067
-1260.5537224942955
-1151.8506147219698
-1146.2624190178224
-1208.0343379314472
-1303.2750009891115
-1160.2996113297033
-1245.1357722165587
-1142.187435681207
-1350.677420871531
-1166.2949168239913
-1195.6600957529274
-1130.3475017340386
-1199.3818224166548
-1183.2190485509468
-1275.9461753682906
-1162.2090738320392
-1333.3667907297743
-1222.0683047830491
-1153.2536767363033
-1279.2047186431134
-1411.9670336389054
-1300.674791976743
-1327.321072425353
-1187.5244138886314
-1114.1013716426016
-1319.8163840154111
-1227.4141238868012
-1335.777466796829
-1199.042420402393
-1328.2632289550018
-1185.9676190151692
-1056.6853410875756
-1267.6769233448952
-1220.80853527795
-1240.5640058344977
-1257.8444569654757
-1214.6159789641615
-1296.7818651337366
-1321.2160530070007
-1278.6039321221294
-1128.883629492985
-1205.1707715201328
-1272.1432105541835
-1153.8934356156587
-1219.4634218404326
-1202.170558293944
-1361.6650273079722
-1134.2227400000663
-1075.913732212243
-1223.7984067838868
-1299.7266338039187
-1307.8941714853015
-1221.8079901779863
-1315.1647449539514
-1136.9831396703257
-1251.7847915053958
-1265.239566443117
-1307.5564619631157
-1229.1885127574178
-1326.4085301093935
-1210.5539209932676
-1305.5852176573567
-1192.9806667246667
-1102.4275856961458
-1240.3922317100185
-1291.6775033221252
-1257.0245281228654
-1226.24662470967
-1128.258079288963
-1242.364131230101
-1224.054988153014
-1161.2777173853767
-1185.8676573862926
-1261.5916462750467
-1143.2624254881068
-1153.367609372021
-1277.5595624853552
-1083.1770857892081
-1307.7146237646489
-1209.9748919524561
-1137.0726981328005
-1089.5038745760605
-1195.570517513591
-1209.789144897744
-1157.613297295556
-1135.9627551482677
-1112.6199122007863
-1150.4199887963803
-1208.337228938897
-1045.1843093903833
-1277.1457529106215
-1221.662060543091
-1225.4795612621333
-1275.2713465328493
-1213.786072040951
-1211.8004734291435
-1235.2561802712337
-1441.13571010686
-1150.2624465374465
-1178.1842335651208
-1133.6942771367567
-1154.2841586707393
-1212.858207250932
-1176.3906721635817
-1329.9775015116936
-1275.6204605767748
-1352.7142985986468
-1149.7208291563309
-1258.5006644177165
-1364.7997334212994
-1113.1056802644878
-1190.8890495616633
-1262.9715310428305
-1204.0323039031969
-1119.0758946382666
-1191.8034315106183
-1133.5189801833214
-1168.2717076773963
-1199.5820446100543
-1085.2826137665877
-1254.5913158497078
-1107.3218656721397
-1253.324618520132
-1008.1700545152679
-1168.3431089431565
-1143.830742380523
-1118.9014877044144
-1340.7000667178336
-1321.2424314064979
-1154.5283727217093
-1136.647229422794
-1154.7177058923996
-1222.5755546003718
-1307.5548355138687
-1048.0824540038602
-1128.4377249068577
-1287.6949291923092
-1333.9056622476326
-1208.4737742532973
-1358.2340097021054
-1247.5993756298105
-1352.0489906149928
-1145.9420482264932
-1184.7499406269803
-1258.652047644097
-1226.0557548421034
-1222.2387041319353
-1248.9322564231106
-1320.330616469727
-1219.0063024734507
-1230.690265947832
-1174.3316125700828
-1071.2071045610537
-1285.7977798903476
-1220.7497746533786
-1197.7787520600023
-1236.3794575761938
-1069.8805461035854
-1296.1558888099257
-1206.9240433181355
-1161.6184965378686
-1353.3323442975616
-1247.582589400451
-1194.2789497965434
-1310.9422364882341
-1137.1291249045387
-1139.6944944200734
-1224.7913846664394
-1092.4974272877087
-1273.6875138747255
-1192.944275576843
-1138.87204178408
-1239.091103075294
-1136.4947834984293
-1105.1023154709608
-1167.9373107161446
-1243.217954857424
-1303.8777806302694
-1127.9782984662745
-1202.406514401355
-1245.346995866802
-1163.3965136492923
-1242.6990540455256
-1167.2985475776165
-1196.278056837944
-1147.7623237917137
-1184.1281378673596
-1310.017704537971
-1205.1435054204255
-1273.770691319457
-1147.2697582169385
-1299.5691293695813
-1273.4213109537022
-1189.5577543157451
-1192.260170718068
-1066.3287466887782
-1292.553008169333
-1171.8482544506599
-1208.308300609058
-1273.4265088875597
-1207.7424876042794
-1281.186986503187
-1211.05859079428
-1187.374083118635
-1075.9058909706064
-1212.535006023145
-1181.8829223920773
-1218.2617058491833
-1181.4017029441234
-1270.273123182391
-1301.8538370883812
-1160.9096072868076
-1058.9600185273366
-1220.8549347485769
-1107.797642382844
-1177.0329566231255
-1151.9713572642513
-1053.87054134281
-1325.2974771209895
-1380.8225389998402
-1291.8148486278183
-1306.0981448605812
-1218.007084670939
-1097.8592353506494
-1139.399363894188
-1140.4406908531298
-1199.3832544780169
-1037.6898248753575
-1181.3985307504172
-1299.311798356187
-1310.2892915704251
-1409.175239431155
-1178.7085511559694
-1247.4888248252807
-1302.6460264621517
-1181.6746168822326
-1195.3694072050994
-1196.1159943695043
-1246.7437867616727
-1254.9508772047693
-1314.365908456496
-1280.1509961228232
-1222.9952869657943
-1005.1915722824684
-1258.2002426192748
-1159.789201345776
-1200.4096377647897
-1172.5282586704668
-1267.9076455049094
-1208.6844043112374
-1233.9079228474923
-1239.5421693457117
-1116.7525578135944
-1191.5138586876928
-1204.5801800166578
-1226.5036688603152
-1239.2430720486873
-1214.811618874062
-1321.1288625759203
-1198.1562235517451
-1272.1008259291882
-1264.182384439587
-1175.4146063306175
-1270.471341190747
-1228.9109208215232
-1226.4560241181644
-1321.797976956643
-1110.9670100089352
-1353.9529320347033
-1146.9021862468164
-1275.8522127550289
-1161.200210993386
-1207.6332405125243
-1284.9335603006048
-1238.0351836616903
-1256.4865413744583
-1367.8060781817376
-1158.8538522606857
-1213.5714683705316
-1224.637278500102
-1280.060979617743
-1081.9302419671822
-1223.6953258963222
-1308.856310133324
-1351.7920295293954
-1173.256178969086
-1179.9461917590916
-1210.5275045668639
-1147.9941733257597
-1364.103864505038
-1122.5202255915826
-1214.4686053700827
-1219.379369114308
-1217.5435875898254
-1188.410064255251
-1139.6664096266295
-1269.145842765645
-1188.322528891814
-1211.356476970036
-1198.675473660325
-1297.2883991772712
-1171.4212055961364
-1201.4457140647908
-1210.603056499564
-1324.7547684647318
-1171.3772576736542
-1224.2191149379548
-1218.8313137494833
-1298.3311809728484
-1173.371645842568
-1215.3175849388092
-1322.2024161333031
-1172.4730590754932
-1238.3106812836072
-1319.6007583523242
-1008.917788188593
-1177.7583292555537
-1295.2892596996699
-1232.898214428131
-1195.2958213089437
-1093.9502110383728
-1093.2044607787884
-1131.1242523877665
-1261.9782258451
-1208.4365808123478
-1227.3706080557492
-1086.9758053923424
-1254.1085078765127
-1186.661109795436
-1195.163079290836
-1014.6533493943102
-1316.8791946860474
-1365.831010937267
-1195.2873266976326
-1354.345878511729
-1197.652703085553
-1150.019124216689
-1176.6292161492627
-1176.2817141623452
-1224.0277794996407
-1261.7378647133623
-1143.3250756182338
-1238.9908972997066
-1188.8607611541333
-1166.767471155953
-1220.5896761059025
-1086.6477578064544
-1258.7595070061416
-1307.2789539687083
-1307.5701792739837
-1254.513482368588
-1161.718255331985
-1178.4875326375256
-1220.4115134339015
-1157.3759750237473
-1344.9191048991306
-1278.3055608177374
-1177.3704674003736
-1224.704564024784
-1172.6823161070677
-1225.7912036693824
-1257.5280397443985
-1310.6954756281232
-1232.5692550508759
-1224.2594753922563
-1198.402516616994
-1313.618493335441
-1370.164606618201
-1117.8554419759812
-1262.3522015725339
-1154.1256003726592
-1225.2745444437546
-1145.7271797089084
-1192.2974827969085
-1142.7560786205192
-1201.3844945276558
-1107.9275569929748
-1049.6048476175338
-1178.276138568673
-1196.4297992069573
-1231.0836323663084
-1117.0582110398177
-1232.8552744313997
-1233.1721261652956
-1118.2548929709938
-1239.1774295340492
-1296.9261331839587
-1173.122247963781
-1339.795847289175
-1322.1173941957697
-1212.4564608694575
-1313.7862055203686
-1199.254136350328
-1250.4117278320018
-1140.9987391571626
-1281.1612419461924
-1161.2309983107202
-1227.1534251879734
-1278.8213699853666
-1266.4444174479122
-1306.1481154437656
-1167.8508155363286
-1261.0933483870222
-1103.889976408322
-1171.839376842038
-1289.5203411750183
-1162.1815840714255
-1288.7665792848616
-1156.3592051658718
-1378.632633535478
-1112.1550744900928
-1095.5317507156453
-1289.4072849390204
-1314.566557074969
-1263.3460157884047
-1296.985293961623
-1290.488677886336
-1239.5945049216643
-1292.2306440517414
-1277.5534890454373
-1364.6859096936078
-1200.1731184516575
-1176.625426376167
-1160.3965631587446
-1228.0344534043816
-1254.878411809899
-1120.1313059874344
-1229.6098865482365
-1217.9129731789055
-1248.0823194312543
-1269.0938931149258
-1123.3371798364763
-1208.3737297125735
-1258.7134596285875
-1038.9790831566288
-1240.9808373271044
-1276.136561701154
-1143.362746834635
-1259.8973235824467
-1287.9835136155853
-1326.0564531723478
-1225.8119448244802
-1228.5470099034958
-1261.0426555451086
-1295.1492378920855
-1150.711228169346
-1174.9112607680952
-1235.2607602623866
-1189.151600216911
-1229.589846615377
-1191.224648307754
-1211.0649371285376
-1322.6420818320287
-1218.5129265379844
-1239.3776400339798
-1155.989480140134
-1364.6354669616294
-1336.8339025569267
-1209.1383907322368
-1159.5190132825603
-1237.2664850034478
-1264.3806414001865
-1216.8055913030091
-1263.9690726253548
-1244.3288703321984
-1198.0731076731638
-1355.019901875356
-1212.8429975569882
-1172.2063108111324
-1186.182093275727
-1172.1268170465369
-1280.7438676751078
-1128.8810790491418
-1175.5790832697926
-1202.5466091407634
-1271.5711123123697
-1153.3374205133214
-1267.780770005871
-1148.0224835976712
-1183.1025460126
-1342.3609615169757
-1231.5855205427688
-1365.4769290155293
-1215.6809644035482
-1207.7192505165083
-1147.6341133158746
-1159.9652373859685
-1177.8002384147167
-1247.9917922105528
-1355.0259568355377
-1282.3864551607921
-1138.6094592623208
-1224.1065805166356
-1315.6550229912855
-1398.8498098262205
-1282.2888541026348
-1295.2269656037079
-1302.2076726000669
-1149.895607361425
-1042.3894649470253
-1267.3226822491674
-1124.885672846409
-1117.5491295886086
-1148.9212163558925
-1338.1860140817414
-1121.171885639832
-1168.834183171014
-1252.2093187582232
-1324.242023351052
-1176.1035737708933
-1236.379657319959
-1224.0419711045563
-1103.626799935994
-1328.0618676296085
-1172.0913385792373
-1277.6332490394998
-1191.3497005626664
-1150.647547181076
-1208.4201215112469
-1215.1098195718548
-1083.8964813969496
-1263.7711198136265
-1373.685234616914
-1304.9489197767189
-1247.4180368159577
-1202.612185399057
-1252.5819511903092
-1275.794647181589
-1166.0309411458372
-1219.0101466104638
-1297.0911368643137
-1310.9366694755442
-1319.214207366311
-1283.5600097112278
-1303.433090769273
-1379.686664371201
-1163.196821635206
-1177.4399686093134
-1276.4196226735155
-1230.1485004200053
-1236.8524878451872
-1105.3221767137845
-1291.0373856703507
-1237.5985770787747
-1240.1325856227268
-1193.54145225066
-1379.6512049308394
-1320.2846399001182
-1107.3798718442292
-1377.6934521577614
-1320.1221804054921
-1355.836172335584
-1239.374367970846
-1235.8670429975343
-1295.2337629467102
-1233.0900022693768
-1154.2745838608175
-1231.508824618937
-1185.2151822267786
-1229.728776037197
-1205.0969149195773

