-1989.2756147704154
-1716.82430374618
-2003.3878212801258
-2016.4146591792398
-1933.879577382947
-2034.687710085208
-2319.5829366703438
-1901.4318063338708
-2188.078100305229
-2407.0276539299257
-4576.9077097126465
-2093.5729465536665
-1852.9819709421608
-1940.515594573445
-1742.9096964596372
-1661.944458233824
-1859.609992536221
-1898.746645456971
-2179.731562096259
-1729.3424218144223
-1458.0905623631354
-1708.7917416336081
-2011.2066148424658
-1589.8936359710144
-1978.0278624302252
-1962.4555651885485
-1348.2373944867659
-1667.8230724618431
-1916.7264123212926
-1907.2570248125157
-1719.9280827122464
-1774.0859897552589
-1527.5859250919316
-1695.8565815491736
-1744.3051720815727
-1805.3753940437484
-1605.7490000551368
-1555.3543617808439
-1433.6275869923447
-1777.9518006419623
-1684.8529648479437
-1683.5528798741732
-1700.22578948358
-1629.4237783335952
-1642.0954407590439
-1645.0904809722758
-1572.3649502138906
-1566.301688579376
-1763.4847440091257
-1673.2728350673322
-1701.7528156981311
-1705.1243753461977
-1755.9273949062647
-1638.7976787434704
-1799.9278203308354
-1689.742967947316
-1597.4854412523348
-1610.971964913552
-1739.1615595294934
-1923.915531332429
-1962.8529873681864
-1735.229511050214
-1581.6820020804757
-1967.9136593988153
-1575.4223299137293
-1466.0674492881237
-1684.6266614095482
-1578.4087571488722
-1590.1710254566367
-1913.113353973193
-1492.364191160592
-1658.4385667286551
-1697.397044015773
-1689.4934011803593
-1847.0997110687194
-1873.3957840885773
-1636.1025636716824
-1358.1203776623038
-1859.8619784505543
-1436.6565393589917
-1625.6806566144853
-1866.8743593524468
-1573.9345779228636
-1719.4873228675963
-1901.3412345767094
-1703.900649163603
-1569.8190452942017
-1316.6698132255763
-1642.2216516335134
-1790.7059247831548
-1539.4304223199604
-1395.4218509883392
-1644.7555574657572
-1671.8956833265356
-1545.6004873685865
-1526.3335607202657
-1722.3541072427029
-1676.908839346254
-1512.0401484825834
-1386.4964848689665
-1628.584875202234
-1632.89474486926
-1517.7804719538428
-1711.8763708008935
-1760.902869299843
-1500.0859603660542
-1387.8760320124827
-1491.8411953064542
-1869.0458130392794
-1495.6775950801245
-1535.1632645162736
-1665.048132522205
-1708.5750900630878
-1562.6949501624692
-1561.349925733159
-1699.956851505284
-1570.7370184683464
-1784.435008425441
-1683.1885607846318
-1559.936618402849
-1653.9906459851263
-1641.7449577886175
-1725.2093914085835
-1660.3391965635205
-1659.6257984205022
-1726.749992930366
-1554.6941991516485
-1568.7646450521718
-1650.8005259552112
-1589.7012093427572
-1633.989719893204
-1715.2405698934056
-1999.872956669656
-1705.215193283698
-1458.1626067761351
-1508.391993189953
-1661.409978186607
-1655.8270392775366
-1539.0686063262995
-1641.9686923520317
-1617.8427758577243
-1715.1193750651669
-1714.2303867908363
-1714.7791881135622
-1428.6029787456043
-1659.906942674821
-1602.618277622761
-1657.0283179491503
-1851.9135237284813
-1813.300328902497
-1600.0328625197826
-1572.4417159159825
-1493.4435612230993
-1389.5663751527468
-1684.573601969645
-1619.7408258104094
-1649.9835950202241
-1657.4310494842541
-1572.4518996703357
-1699.3887542290306
-1796.2844113943158
-1632.444403654003
-1514.3916713367423
-1862.0865618715347
-1816.6470951048786
-1571.6503992365183
-1584.4444381040948
-1405.8883612319785
-1861.6148211779393
-1483.828747094356
-1339.6210731492479
-1507.940129496506
-1691.6859873012806
-1586.738395445504
-1619.9817327867618
-1510.7972529915546
-1502.2491676500383
-1465.3675923738267
-1563.7573789714515
-1519.1030430210685
-1508.759287927534
-1600.087144469223
-1598.6205351682595
-1448.6625783906522
-1789.653974031821
-1488.7848220484564
-1533.804084470031
-1735.2838066825343
-1449.599900114691
-1598.050976215412
-1599.5000454217288
-1489.1357774346163
-1627.5642000297569
-1708.521280264756
-1464.157497459586
-1520.0764748910606
-1450.8221635318728
-1565.7896207480517
-1689.4292243826203
-1641.0956802197904
-1343.6947513823623
-1743.7360203377086
-1633.238295508047
-1677.6076774675191
-1578.761796341751
-1545.0888104834944
-1488.1814745010577
-1787.972666659763
-1451.8583822287455
-1563.5440586637424
-1521.4290057917362
-1433.3598402776736
-1623.8229480658956
-1564.7278089629526
-1474.502807601887
-1602.4593252580207
-1458.2994637198135
-1545.2439043376378
-1693.1164605343747
-1535.584841559924
-1523.150130223095
-1471.1019396411148
-1576.4417206269636
-1555.1546060941605
-1627.1675608869834
-1573.8837822274138
-1524.5265568691207
-1557.1455548090858
-1723.5473810751
-1643.223582404159
-1365.6998839404582
-1521.3788173765352
-1553.0128888183667
-1729.9678860271856
-1799.419047914508
-1597.2954607607358
-1820.4558687923702
-1975.112703719933
-1945.725488815402
-1602.2920220310682
-1592.9115835390796
-1534.9556547079744
-1297.1122369807883
-1527.284375715906
-1486.5152565005733
-1405.7437875379253
-1532.9697755242694
-1729.5546401091865
-1821.988621167487
-1428.2346335794398
-1431.0553885531924
-1515.172793630496
-1673.9507737354415
-1551.1197001254984
-1453.4126621880982
-1479.3924661169171
-1676.0007182780164
-1570.5741592957736
-1389.298539999299
-1514.7750010339585
-1340.7199267651677
-1831.511721960793
-1588.411203584208
-1662.3796899406914
-1465.0281914567408
-1555.1271794884228
-1657.1751250379236
-1540.9632667533026
-1562.103664346728
-1698.8368075710014
-1474.0032452481796
-1434.7616195542585
-1442.1896927759487
-1914.0338993947948
-1610.412392905439
-1689.851048499852
-1666.7073522284104
-1721.8260410873245
-1434.4913531304815
-1764.4874736808306
-1706.525604665869
-1836.1282525738695
-1460.2105777957956
-1576.832718967567
-1424.657115800514
-1650.4315145972075
-1555.9793634161524
-1555.0237135917146
-1782.33581966976
-1517.6864077557227
-1382.434689582401
-1605.719245674883
-1400.0108254452014
-1341.7152358982414
-1500.7337437248427
-1381.3822280663258
-1483.8694909889468
-1653.672622974972
-1397.2688972237556
-1561.2182164196415
-1531.7669529398856
-1333.7985013739308
-1515.3320153187035
-1605.4259856627798
-1547.738712394787
-1590.2301666030075
-1472.280874642283
-1654.9064150578781
-1556.320022829499
-1715.326031680056
-1577.6398478125113
-1544.650803342683
-1773.0621507260564
-1742.9478848429346
-1505.432506667539
-1380.586391322637
-1723.6155397178916
-1706.8695345863168
-1465.6670756388075
-1556.3039547264927
-1790.1607820632087
-1503.3912289866587
-1608.665950829162
-1659.4067259229776
-1525.8647098901079
-1507.1662269421622
-1589.7975840607603
-1549.7943116833637
-1945.814837246911
-1893.127954654842
-1618.0669376396982
-1534.1462808760411
-1376.474775430225
-1636.5470184973176
-1506.6615260113053
-1503.4350640454613
-1532.2172061561146
-1699.1373773725606
-1616.8631472439868
-1643.1831798735539
-1536.7566779085294
-1488.0548274771447
-1680.9473449866907
-1550.317360649032
-1470.3617225573214
-1465.0192345525345
-1519.7384437445403
-1492.2307459627177
-1424.0519507123317
-1522.100668737217
-1458.0458163779977
-1598.9297803482905
-1931.2722053049763
-1500.1951813790135
-1534.2703026675304
-1610.0645569248354
-1675.3577256007327
-1514.638912477463
-1675.6800740012773
-1669.0028616918128
-1627.2922609948464
-1603.1723203283434
-1747.9362432565879
-1376.817320381984
-1686.935587819423
-1628.2049573153308
-1436.0523884396061
-1492.4086361397804
-1937.8569106095624
-1606.4818249456678
-1436.5752822524496
-1381.1656149014127
-1539.16279325315
-1539.761001834532
-1531.0651536234052
-1425.9002448158926
-1827.1413800206628
-1650.5759377718598
-1442.7243645955473
-1442.23321623527
-1437.4463499740689
-1527.9379543136765
-1461.3675211926027
-1544.644085419918
-1533.4758859903277
-1380.1112331806066
-1677.1114391821434
-1539.9191739377388
-1483.746532915746
-1495.4650356922814
-1600.4489314134617
-1467.8623900373434
-1620.608674491625
-1509.1389927578361
-1721.4909599317223
-1455.8307529021986
-1545.8104923997414
-1555.155146712388
-1584.1913646230976
-1591.104213727785
-1583.1955329786874
-1577.0870381982638
-1422.9886960334688
-1644.9887746472962
-1320.07773848945
-1588.5100530798509
-1415.0831355630191
-1400.6751442381033
-1490.1467696288214
-1473.5246783454163
-1515.74655492886
-1352.750419755704
-1533.4530848209379
-1572.2198574977042
-1586.546782480719
-1476.4247555984139
-1478.209567498432
-1551.3828066907904
-1506.2806330591263
-1481.6391919518444
-1473.2307572841296
-1413.4146579733851
-1366.2735295344262
-1504.9379618474559
-1553.7805869494648
-1667.3190056514547
-1674.867877260277
-1627.1891002918665
-1502.217036907473
-1374.0840834111125
-1490.8488863874022
-1546.4325869206455
-1726.8306557306391
-1652.78063591443
-1461.4544850411885
-1378.9318848903304
-1498.00234021094
-1518.8125882694826
-1615.5847570164897
-1529.3885088640175
-1686.6265856963623
-1551.3137246388737
-1589.843343541375
-1462.218772763395
-1513.7317665341989
-1518.8074246401322
-1583.8484186954763
-1664.9530189236161
-1354.921997362804
-1566.0248642661622
-1456.5761182846165
-1745.6534066503955
-1212.2779151397153
-1402.7443777760725
-1568.0693226061248
-1550.4197402018272
-1652.5691115337238
-1605.8943664732883
-1569.9475701799818
-1625.7689703198637
-1582.3539391787308
-1513.7416440512714
-1657.1111972016001
-1448.9541384572435
-1466.4347825569282
-1694.0935522630614
-1546.5493241072486
-1476.9708782595878
-1593.9004543298265
-1335.7036589106272
-1337.507911799038
-1645.0424874424064
-1524.4207399167838
-1610.468163280823
-1586.9328692157583
-1616.8735803823183
-1482.6497341588927
-1478.2784134099704
-1434.0569305065435
-1852.3544260079498
-1485.1209409736862
-1568.6038872731717
-1401.4586366803203
-1557.409896136241
-1539.7016599413416
-1518.6835150832019
-1372.9517025168855
-1578.4386687807785
-1644.907915052861
-1525.6031709971717
-1496.5952904204291
-1519.5556460439611
-1456.4136436495796
-1417.666170696149
-1509.4528013086112
-1384.042424516079
-1346.1767810891881
-1529.2051939091352
-1399.2036381682294
-1567.3432797183902
-1372.7103090711219
-1452.7748985348967
-1475.8274854897122
-1658.2987212499804
-1561.9522848487718
-1425.9673241154776
-1739.3594328831819
-1554.829443935741
-1700.0916172587574
-1593.1680979640098
-1557.7369980195815
-1491.8786702717623
-1465.9112081033154
-1346.2117748185249
-1407.0422380135635
-1499.5025231888076
-1453.7935055307541
-1329.4321460828025
-1399.2940901233437
-1309.5899194874912
-1656.2497205842865
-1521.4622499055636
-1408.1438893261902
-1745.810611259155
-1514.4990667668308
-1498.750907125793
-1689.153031707428
-1563.4785086045576
-1604.8180252311
-1469.4898500965098
-1536.3826058977556
-1430.7287767544237
-1540.9916963383098
-1865.9704905644362
-1519.6115468926325
-1526.4566441011739
-1562.4143555460332
-1312.376979049053
-1500.928310522607
-1526.843580735635
-1548.9430354996393
-1486.4000686636803
-1320.8981494207821
-1551.3179689805465
-1695.0370982250788
-1491.1928704735633
-1475.2781810840504
-1466.3567356025553
-1476.2976212220635
-1405.2545939161942
-1484.9690458630362
-1438.5528697091745
-1349.3624159296266
-1423.6462444156048
-1539.183182001139
-1557.2882971879237
-1443.3278692836993
-1647.4884012339105
-1595.38966084997
-1641.0646123509175
-1517.0709932128243
-1435.8330011391574
-1532.2460309964197
-1545.0109513632697
-1520.631811493645
-1562.7159784319565
-1686.5284095119189
-1517.033241555281
-1439.5408400556769
-1710.602211980691
-1536.3258397736927
-1489.7027017655516
-1431.1024399389953
-1631.0287899044936
-1325.4507361864137
-1537.9623360213425
-1556.0997262191415
-1561.1017613456997
-1554.1950855038733
-1531.1019023595727
-1368.9995217807075
-1412.7972806773048
-1215.922885617619
-1454.8181103459144
-1650.373809599604
-1436.7000182035197
-1785.711819569476
-1465.5598867762294
-1560.6971864217985
-1455.8298675707858
-1333.4229238548623
-1508.7522781617222
-1287.141292291716
-1654.067810845858
-1510.776056171845
-1552.6146101524782
-1390.1438417676432
-1268.3160062614756
-1352.0742619369737
-1657.9025387772128
-1448.997500777026
-1642.3967991660486
-1576.490326682368
-1588.4242822931583
-1365.485061593305
-1476.5613330228746
-1634.6079445836197
-1580.757665495692
-1460.8568901653884
-1465.2575031876768
-1542.1559435165861
-1286.8083678438022
-1386.642197345581
-1615.771588605552
-1361.0015956625746
-1436.5258389397115
-1491.8079999735912
-1285.4327180649746
-1243.9516844462494
-1448.8651133046396
-1500.6028805840845
-1556.1583679129471
-1436.6342956070935
-1610.4584451887376
-1622.1164030420232
-1555.9432402076934
-1467.3971973538403
-1463.009480262846
-1481.087831243948
-1591.3576426506515
-1313.5610523642563
-1628.5979043864245
-1506.1302118078195
-1457.7600647241652
-1347.6560929529069
-1511.511116480266
-1617.2689796325137
-1611.7474579793013
-1559.2590241006353
-1504.274089423514
-1503.3003723941167
-1342.4889278590033
-1523.2175346455517
-1383.5286034974058
-1531.532810543993
-1471.7983675743124
-1433.6349634102448
-1495.423161684002
-1446.045423962764
-1377.0675205845396
-1407.3865020234507
-1487.783975002083
-1448.0813628208487
-1544.6775788416671
-1363.0738533390165
-1448.3671307847158
-1653.7433213482188
-1524.917688523658
-1475.933833121735
-1514.47364369209
-1570.6736966377186
-1653.3498578415101
-1402.1512531924286
-1419.1786937071663
-1664.48960711018
-1429.6572667848202
-1475.6958223717716
-1507.3208745817744
-1557.261770117335
-1558.5227885317026
-1582.8993976194142
-1367.5381080330408
-1526.58665351463
-1419.9245514392853
-1437.5683860073473
-1348.199132095133
-1522.1723290742507
-1560.3907528169593
-1628.1850260460794
-1393.599404271846
-1551.2816652852437
-1691.813699797307
-1368.9355138017547
-1784.5726751884445
-1398.1574276915933
-1510.3391139721075
-1499.4245385665288
-1453.7914688330775
-1597.101189924663
-1410.3669154894487
-1384.3893467028315
-1523.67989128605
-1505.1568421203215
-1490.861708455651
-1590.747319749252
-1334.7775665894233
-1522.0650744592713
-1592.6579466992134
-1463.6304280078452
-1400.5762125099973
-1456.5850112614216
-1368.9100834055205
-1590.5931571182605
-1538.7705233051465
-1535.1862453315928
-1682.1756267620813
-1556.7769414194483
-1706.089933222845
-1407.01553033339
-1437.8500383735734
-1579.0709059915616
-1630.5288115767507
-1432.8661289546096
-1548.7886820789508
-1680.9573363283357
-1484.1990081322263
-1413.164712463354
-1417.4271715776308
-1454.3065732498296
-1494.4050396055093
-1361.219873247214
-1736.1042417956367
-1538.2445387875712
-1610.1792614645224
-1506.4250890906196
-1573.8701158717843
-1515.1073908296582
-1358.7092154077864
-1688.7745114021704
-1633.2345603325928
-1303.8066563054833
-1369.8679843649984
-1678.2093393686034
-1576.892441407277
-1521.618384056303
-1469.0579187688654
-1466.8345915915108
-1626.9663711212042
-1413.9251082980743
-1347.6815482867246
-1513.9992793737185
-1415.960938676353
-1599.9965008435045
-1497.927722189773
-1567.9390832367633
-1614.0434821343604
-1597.4255687090176
-1456.0364763705572
-1438.5843233925286
-1580.0603626433324
-1449.7587826551853
-1393.267064921787
-1467.7568726382935
-1744.143364682148
-1411.387038702469
-1384.33488934356
-1622.065403191984
-1290.2695907549657
-1624.8205291921238
-1552.0299132952412
-1510.2977986572794
-1650.593395629065
-1471.5031637359152
-1461.7382992358441
-1388.8241065243758
-1703.4066163934742
-1463.8423871879586
-1399.58406393366
-1499.4742751060974
-1325.8901485873364
-1286.256191322457
-1478.9318815795198
-1554.46025272498
-1207.3424525065439
-1493.6268234537192
-1506.4661322697439
-1507.7139701677675
-1537.5331330247059
-1532.8582873638854
-1624.4031215683615
-1236.4348213139044
-1502.1951675576645
-1402.249326972332
-1552.6854056007408
-1358.8821180366253
-1486.2057930240321
-1553.9839376769485
-1248.803860038434
-1490.4493040022146
-1379.697636920828
-1458.2041420878888
-1485.8691097141163
-1367.5690574631903
-1509.7999521086608
-1535.2399981704677
-1336.8313405996546
-1459.3354988911146
-1389.6704460539004
-1496.525953578081
-1305.472617252445
-1621.1433595592057
-1622.0734128761092
-1613.823257651066
-1466.3028383813535
-1675.7372580825584
-1486.9709823607834
-1522.0049355255169
-1405.4878072005476
-1461.5644106192578
-1476.6472172793794
-1596.8002919275675
-1526.232069502335
-1700.8940838786393
-1630.8659229342718
-1460.76307325311
-1477.2380914591224
-1667.1545519662932
-1539.9933949039166
-1624.7814569021477
-1480.8257140795629
-1465.5248455903302
-1563.8352593175568
-1516.8183502798672
-1696.1305604292425
-1481.732863597002
-1483.8293829388656
-1479.685043365872
-1427.7630592480887
-1431.7710506054732
-1689.7010503199813
-1483.0062853158952
-1448.9077068966765
-1536.5495755702011
-1615.4113935336168
-1576.23024720381
-1458.126930084597
-1287.868893792012
-1492.2591306670297
-1436.6082733488636
-1376.6260281890034
-1541.6332213503586
-1516.0627642377747
-1602.469485613011
-1378.2614134882037
-1632.2731923260683
-1701.4145234083396
-1545.6707090406435
-1462.511431102203
-1441.285912772163
-1470.0005276355676
-1253.9699809972524
-1483.56650006759
-1472.2319209261912
-1505.4316234988323
-1691.4034234928886
-1520.9589169766969
-1323.04376511705
-1393.6058483179456
-1410.4457208222766
-1363.783184575499
-1524.3169589949377
-1403.158215420867
-1475.4942540079644
-1474.2721719083218
-1506.6589440083546
-1369.5695717439105
-1598.7573577572848
-1378.8751150529074
-1335.2326461845162
-1391.4398264980193
-1415.63530529236
-1390.5701410419097
-1733.0089393958021
-1415.8856611269812
-1552.883169631187
-1525.8627551638
-1477.3289500238536
-1691.4588293369675
-1434.5123450812885
-1670.9791507108584
-1483.8511779006299
-1562.4077378933732
-1570.4637517694898
-1484.1547015136548
-1515.1455557958056
-1378.9278531080458
-1399.8681554596992
-1248.3198438145976
-1290.6847830496017
-1294.9081773934606
-1626.1823899330634
-1407.1923047097366
-1566.1390888266799
-1494.0692935098323
-1592.5942926652276
-1381.5793467114036
-1413.7232839555854
-1328.3151668207142
-1595.3338701782131
-1556.0089839935522
-1564.0625065524519
-1567.1937463771771
-1425.9214936332264
-1615.9634961626557
-1621.589945514878
-1416.0038798050364
-1576.1367111561174
-1684.6641767860872
-1522.7769260837258
-1430.064222901004
-1424.0174571288142
-1526.2582484978145
-1323.6249108005811
-1394.954190997611
-1524.6605391181106
-1416.8109883371671
-1363.484865672474
-1436.7075469279139
-1526.431903989677
-1450.6123649819815
-1579.252119018323
-1676.7753473872012
-1545.1572801812522
-1539.0212279333186
-1508.7674085773745
-1490.8862384418558
-1537.0081761309086
-1582.5944903988582
-1583.156898054134
-1270.8526712071657
-1470.1200145122714
-1427.2067777442792
-1436.3598652646056
-1364.3633999170438
-1405.4275623492276
-1530.1058697798899
-1654.7375482603034
-1453.522360704699
-1433.5622760355154
-1680.713607631447
-1473.6988128015878
-1395.1539332445564
-1383.0265540659593
-1488.514960002653
-1557.7550857605274
-1653.7150167311695
-1580.2839162830712
-1323.2536760171904
-1413.9296887935739
-1386.74969234602
-1413.6052145807575
-1392.428556899282
-1247.272410287747
-1396.7614195619753
-1455.653652341816
-1578.9875614408359
-1593.1230342905747
-1414.5434193391466
-1490.9771407500298
-1520.2244039852433
-1334.6587751030952
-1530.5809915341238
-1596.6403512234554
-1378.4825433722722
-1475.0975793403752
-1601.709168221763
-1432.9849692227926
-1450.3657446760576
-1320.0401322131222
-1346.829558414031
-1372.1860197182855
-1362.7239688507905
-1497.658793160362
-1487.555741754525
-1346.8777864892097
-1506.7798720243106
-1366.2244512697848
-1448.0082235886462
-1512.827914935133
-1280.8578002285196
-1439.4620853826568
-1490.2170778589348
-1487.782159412923
-1424.3407152053628
-1472.966935492557
-1476.621788752968
-1460.6850255141321
-1410.0378437748711
-1389.8108419349899
-1458.4503487211157
-1456.7506760725921
-1562.0140090841965
-1719.2633348120378
-1501.8581825492531
-1335.1835287925094
-1295.7499703676615
-1646.3783404369487
-1622.0804626830595
-1173.1379334273793
-1623.8786234727606
-1655.5205575509033
-1532.3400377658265
-1458.7920521844635
-1344.8114228782426
-1404.1498381375268
-1477.9854769251926
-1371.2651831115356
-1519.47491265309
-1566.5472120652526
-1312.3833726195376
-1460.7033755173868
-1524.9730223913837
-1321.1386061641947
-1438.2730753806202
-1452.0353754994967
-1396.8959337294837
-1387.7182029639246
-1424.4531622252186
-1431.020982964945
-1502.532057322734
-1475.666159976393
-1487.25542585552
-1489.503041715155
-1470.8940611119674
-1563.4167578054894
-1328.8031736991682
-1453.2188464974356
-1521.4304685138925
-1488.6503085266393
-1534.587456203621
-1435.7925904815752
-1473.588215678643
-1447.2890572121555
-1512.1400071158532
-1550.2404090526156
-1555.118989552151
-1508.9833148047974
-1314.5897230067646
-1367.4163924580819
-1413.1969862788897
-1441.2306654248302
-1285.382082869404
-1383.01474711416
-1388.1791044118422
-1502.271673784272
-1643.8522382863111
-1570.410088472965
-1415.6441955582966
-1436.6526615155194
-1358.3548497407241
-1338.0022435473434
-1552.8403904948395
-1385.896053459431
-1345.7454828170023
-1303.8349584119574
-1449.398443747281
-1367.8608718239623
-1350.9143553137608
-1495.5097407414748
-1273.4618371500408
-1381.4644918829163
-1385.1464125758591
-1545.961176850608
-1434.6962796401288
-1395.9833028479572
-1401.9882739891302
-1430.5587014932937
-1512.9133663918699
-1500.7430932160548
-1517.8299875480943
-1387.0352446702634
-1551.816702575217
-1533.2645188319088
-1542.7271067339054
-1366.3394187465847
-1452.1809171293478
-1633.1047026179917
-1403.3298376020925
-1410.2938502316617
-1470.827115073752
-1521.9340419930309
-1662.9527513649339
-1398.8264442858804
-1315.41070858642
-1357.8133336269075
-1597.3466783333558
-1523.6464929686229
-1594.3569020148175
-1414.5402656918186
-1506.4127142511798
-1517.2330109930328
-1588.5593989239792
-1410.3117708812695
-1445.60933568319
-1375.425522417474
-1502.531987036606
-1387.2389961053102
-1418.267895639628
-1407.1420965302566
-1458.9633499253127
-1327.1808306580022
-1721.4996059267628
-1336.8303718977309
-1394.270341461504
-1647.2347030331375
-1519.2900506457406
-1548.713024800972
-1540.112086797911
-1619.8486127827473
-1556.1536175590277
-1453.5820730673559
-1372.7276196964347
-1395.947033285232
-1452.088106655642
-1519.075809900414
-1498.9251889947923
-1591.8297560537471
-1565.2465601767742
-1543.510462281779
-1409.8488883414234
-1355.993843011116
-1411.473505916909
-1363.6330755111996
-1494.900036136661
-1345.7203052847788
-1523.046968657824
-1583.7536992248297
-1376.8616049043274
-1374.3248127380944
-1563.357536734226
-1531.1543278085328
-1320.3246882817618
-1571.8545787974028
-1629.132854729823
-1390.8038919495652
-1412.7994973004138
-1419.7543541963755
-1669.1012480969803
-1641.6436692091115
-1458.5732541904408
-1424.494182928845
-1416.8949090330057
-1458.1863280913196
-1414.4220483887818
-1388.8563355709607
-1476.6122139043177
-1510.2618338524494
-1309.9214960003947
-1275.904713647594
-1438.9809488938618
-1476.0210397142002
-1710.0795097735634
-1481.0862558803433
-1609.543859978895
-1407.0906018200692
-1495.774944952252
-1472.6153499278585
-1317.439928048882
-1554.9361810535652
-1471.8714757460862
-1527.6859443750375
-1359.342613788506
-1773.7864187130972
-1455.4857775994526
-1486.6168610871628
-1575.3392480945915
-1527.7250584997446
-1547.7936378014585
-1140.7593877075033
-1470.0814384031003
-1379.4218259657202
-1421.8071879426343
-1606.1094117317266
-1534.0792953226228
-1560.1549735548347
-1386.0465452877988
-1538.5123470496246
-1528.3538203603016
-1294.4257415191698
-1555.8781699679512
-1481.4213823830676
-1461.970758815379
-1396.3513939069412
-1440.6764779853527
-1604.840414469503
-1715.6658595843953
-1380.132868405428
-1378.25514016855
-1631.5302004624482
-1530.5211378649974
-1461.9099006993606
-1442.7180160166215
-1461.8848264233418
-1338.1909868915827
-1487.624055417175
-1431.3104493424598
-1416.384196307691
-1341.1067241857447
-1371.8457122025284
-1551.1769805143242
-1381.8681583147631
-1299.7726787662657
-1299.661066818629
-1505.8283793842643
-1476.5424990116144
-1325.6224077343757
-1534.4095338567997
-1433.2163050704323
-1617.970679546484
-1636.1686017573352
-1441.126419777792
-1405.4009927710963
-1559.1747621713257
-1619.3386710997502
-1523.4877647513747
-1465.3766799180983
-1535.4315690327048
-1350.4515756495557
-1681.0467008211167
-1441.4717197586706
-1480.5673915246218
-1441.7982025345943
-1372.37487168284
-1342.0217066094954
-1513.0581145539006
-1498.5886864731149
-1460.996885632433
-1494.9127155499511
-1508.2438390486263
-1691.2920640532689
-1572.9190275348844
-1418.5624718897695
-1367.6241211775148
-1418.7098953400923
-1386.9054673790458
-1313.4011552100674
-1496.3174312359554
-1396.5429814916101
-1582.4460859586168
-1492.4307494128982
-1366.9596818380573
-1554.926211431939
-1532.8986454491007
-1556.231529463299
-1391.4039404203781
-1480.8383021151171
-1392.3591006744998
-1489.2191096627262
-1477.8803725460466
-1532.2530682935342
-1479.690623320332
-1592.4226024882598
-1504.819918111769
-1471.3531911214757
-1655.2129736931165
-1474.729887104398
-1393.1368711918465
-1302.6167789560293
-1577.1052268908345
-1415.0710644062435
-1397.6820222775714
-1464.8860874323268
-1429.5464604899432
-1473.1668470169332
-1516.185118208571
-1397.5632210421459
-1300.040539184119
-1450.7951160605612
-1531.1380217976462
-1595.8072016771814
-1614.950597466111
-1419.9678172430279
-1471.6415710576143
-1332.9915083762712
-1478.6668885752956
-1432.1593804447282
-1343.5473395617248
-1460.923904875716
-1412.0446324629681
-1507.9602172074308
-1618.9905335554479
-1419.776637365635
-1349.2253983462895
-1366.66707908093
-1394.7603855515965
-1477.7271258910378
-1404.2390103631603
-1487.9884748715517
-1468.6052564977895
-1414.3310016802113
-1569.4981257699974
-1429.2460439729982
-1379.9715849377442
-1639.1431571869414
-1572.861905182539
-1336.0986926765254
-1577.3874765514518
-1414.7691223202287
-1509.6634428510852
-1537.3602417816485
-1326.4736976201011
-1350.1793393245516
-1430.9098734388488
-1568.115221837173
-1667.8156704930145
-1392.1794946946827
-1303.1787905740173
-1308.9177958318717
-1287.324831375049
-1399.6778760222585
-1519.1625386231385
-1442.3345564065005
-1536.8639556934845
-1589.5691559095012
-1671.1425171824224
-1352.352326583118
-1511.1604919124068
-1387.2761655543352
-1454.5476934887772
-1578.9016144072957
-1484.4093035635567
-1432.422068607307
-1594.722345731418
-1500.3745021403754
-1477.1905786731784
-1480.8818593841804
-1491.382180187202
-1657.3541830423912
-1409.855229832456
-1385.6587649051705
-1616.6670205560558
-1410.9353319860325
-1463.5877932241065
-1545.651638346568
-1421.581284084299
-1390.0885101243614
-1445.1733958279917
-1389.6515928759418
-1418.992050133929
-1625.498848667692
-1307.939263549315
-1364.0954346425829
-1476.392598927076
-1502.887679327749
-1409.584743846933
-1421.2950173743145
-1538.706380451152
-1391.4251723700409
-1446.495921572938
-1579.4888415256735
-1440.593706026812
-1374.187887306131
-1618.1969749106283
-1428.000270474928
-1383.8947426617951
-1325.0432542096216
-1437.4505710447695
-1457.7338545176142
-1522.781898766538
-1267.7478612283264
-1388.542201737363
-1474.5598204410267
-1464.4126413165145
-1492.2237285752713
-1404.9208329737712
-1354.074246337467
-1462.892782077928
-1541.9762541861887
-1363.6322974550178
-1791.1488401270742
-1552.6731949041489
-1321.345076872876
-1353.8482077535996
-1537.173789858878
-1733.7568541421576
-1513.9473095386597
-1516.1437942109726
-1485.0288780466199
-1554.803628094846
-1478.4407059953476
-1478.6663782029418
-1477.8809591918885
-1403.3227946302136
-1511.0200184033515
-1448.7543705906135
-1493.9736231003587
-1576.9098455107128
-1486.7717943872883
-1524.53627658964
-1363.240151797892
-1462.5361136235033
-1459.9242266486667
-1603.5184180862914
-1449.7343126761825
-1586.136965996286
-1629.7958473654137
-1487.8128050714172
-1561.7256708213115
-1316.192762895395
-1342.519342807783
-1666.7342841385682
-1391.1889001117606
-1512.371329428163
-1411.944222350649
-1682.9158148463434
-1459.4391932226306
-1469.8766401548346
-1472.3743896823419
-1422.7391588230437
-1664.0526294124152
-1388.8709059963192
-1310.1193459793978
-1454.57363751351
-1397.1184547444755
-1406.0149126903746
-1568.8880410322117
-1398.3511359988468
-1357.130561201713
-1556.6359571797352
-1425.844618667204
-1355.421151745914
-1542.5112384603447
-1352.8598527499207
-1544.2660243005969
-1525.7279745706521
-1421.517661672221
-1468.4978016221805
-1351.4844911809955
-1439.0467311227592
-1384.8784071225532
-1484.5338152162274
-1478.1295138997025
-1319.4801298768452
-1330.1957237167696
-1442.1057478851776
-1623.4317586495938
-1488.7712297390551
-1513.555199864045
-1393.9510928974782
-1528.2812492929459
-1385.7974053691432
-1402.5991656880228
-1442.7021052756945
-1594.4596871468223
-1431.7528312684287
-1433.367964517271
-1346.6776857339096
-1634.5624676937173
-1491.3583094882217
-1438.3583908007954
-1316.0118763051607
-1424.4415223088954
-1452.5813587483294
-1556.2396922736093
-1455.1191259741204
-1542.1111828771795
-1570.1005665706223
-1466.7539039448454
-1500.8162563514018
-1694.1162335684426
-1553.315302265463
-1603.4404314802077
-1325.8083338151273
-1418.3904385742464
-1463.8458951237453
-1392.5287965442953
-1776.6413281839134
-1402.58294593707
-1549.1215732280396
-1508.3618312491299
-1299.7130057438399
-1584.7823701797324
-1452.421951596722
-1475.1295039065174
-1529.480771959963
-1463.2385489976468
-1647.7860867377422
-1540.045741789122
-1417.7287739150604
-1405.472865612092
-1485.3696220360534
-1431.4825134325406
-1365.1156892037995
-1344.6619429962416
-1431.058448388709
-1583.6286237871695
-1482.3366815973393
-1321.3659963699188
-1562.6480019670862
-1546.2277193421014
-1559.790717754554
-1541.9419675368276
-1653.8717482186892
-1500.3203675446164
-1498.4014834345382
-1583.5420709641176
-1524.8972513170856
-1509.2768391303728
-1661.0364670913896
-1511.4345669707411
-1671.9088436591062
-1423.493224448718
-1296.9305887548392
-1470.4733629367631
-1450.6431749585247
-1617.2131828014215
-1549.4686210242746
-1328.4461507935455
-1524.7525675462089
-1482.9839291427354
-1328.5748237434063
-1408.647030141093
-1581.6838503527129
-1311.6643013208848
-1374.2694601336618
-1461.1926941618196
-1414.800365250977
-1607.8640235313185
-1468.2899652277265
-1386.5209475980803
-1363.7533776073744
-1382.8155408029052
-1381.3226224648138
-1374.69625089493
-1516.4513855384469
-1339.8094923237495
-1411.3426412407089
-1379.4180494179752
-1256.2692651701134
-1508.9859453719123
-1530.585390553204
-1479.2599432517568
-1470.799901986962
-1575.000055630104
-1492.6157164767958
-1356.9190522918473
-1550.2830454323016
-1365.0428098751286
-1229.0781061524426
-1310.2468366221274
-1383.8737807319137
-1540.265660350338
-1335.533122825113
-1422.7498074122075
-1380.7851403423342
-1449.940610981805
-1447.9279543682408
-1525.7583506005244
-1572.2032988988317
-1424.6467103970147
-1468.9052640923126
-1487.3385068477928
-1406.4887506451962
-1341.4660529795026
-1378.559919156296
-1346.1015933104215
-1591.7585399948143
-1377.7625628879746
-1280.493901788812
-1426.1404946756857
-1338.0285174424005
-1577.2053493526505
-1154.0535234690424
-1410.5408530706538
-1338.5979858948804
-1354.9387063988413
-1546.1080697785123
-1470.3959363858423
-1276.5946442193842
-1399.1513930678386
-1328.6977567785998
-1474.8972715820557
-1504.7475031797471
-1289.2069777040126
-1355.9337382519714
-1615.5843858273663
-1492.2801116144115
-1378.8759755898118
-1475.225144730245
-1434.227919867782
-1485.4132815903947
-1388.0954066979448
-1542.2386388063398
-1455.599465596401
-1366.727390076569
-1542.4983866706737
-1453.5816410542839
-1735.4730328048336
-1397.3574550580647
-1426.5722051990656
-1415.8357734459105
-1257.9411870987115
-1529.2740197820094
-1455.6405371844028
-1445.8615461413192
-1488.378240069705
-1307.0208901132821
-1538.2646148148845
-1445.648419505808
-1382.8971082919293
-1670.3597822075126
-1605.2244607580776
-1558.2681613108957
-1539.0644820687205
-1397.7246848472812
-1348.4081526365392
-1443.3716889160796
-1327.8173020731583
-1531.6610168340321
-1468.4154062472044
-1375.0627754498125
-1596.992161531051
-1404.6325250364923
-1392.8117215823534
-1424.3659332565858
-1490.3710269433814
-1484.9083583825548
-1444.1346369966543
-1515.8629117890018
-1595.216324077017
-1472.5838638031842
-1369.4979672879435
-1422.0672910881465
-1414.364487920873
-1409.4079455779818
-1512.2105101215184
-1500.9010188406494
-1494.7801550315005
-1472.8911754367189
-1388.4451464149006
-1504.975704618353
-1389.4953861270747
-1516.9924257471364
-1348.7847993871274
-1353.9309838571166
-1618.5067526644114
-1316.455866259665
-1381.748371922609
-1525.4473168095503
-1314.9496554085526
-1579.2468893911637
-1510.965435429046
-1425.8384516245142
-1387.6916434891584
-1409.8032643522668
-1297.8637198159886
-1434.6900808572595
-1374.9029645061466
-1443.2116658622624
-1657.4885689033567
-1367.3597894743482
-1345.6927844586069
-1504.6044665928277
-1343.456894179685
-1381.5622613742125
-1393.0752050558874
-1335.7848958299774
-1425.662220463962
-1475.932558692052
-1506.4081089239473
-1409.5551523419915
-1504.8146328751684
-1430.7501309749794
-1333.7414496350164
-1460.0271593026505
-1377.8870522455277
-1239.291122223301
-1438.0757519959327
-1429.500472883464
-1542.9683017334003
-1626.6964679779253
-1346.5868771353228
-1477.4949937412734
-1549.1638469924467
-1315.9358574865569
-1518.8873962024786
-1353.8838171103678
-1457.0870078953117
-1444.1910603865028
-1471.808191616831
-1546.547196112793
-1466.6643209570439
-1242.7178720133663
-1479.9557915918354
-1442.2902237173453
-1455.6121718559623
-1417.6791506335326
-1521.0594380423865
-1525.2267590278482
-1399.6226807225478
-1516.8955120890123
-1412.7697380061672
-1441.9284231615256
-1485.5275892369705
-1421.4182681847428
-1434.742488238454
-1369.2039578524773
-1574.1440945394122
-1511.5055365114813
-1534.2382759136326
-1613.5285451932523
-1451.9131844986548
-1478.5166758954094
-1429.7955869343307
-1509.6368192032999
-1610.5770833329152
-1332.0249839681223
-1684.7146177924756
-1465.2305577049697
-1679.5582463078108
-1464.9190471943812
-1422.085594855806
-1464.6597792732812
-1569.7044094205735
-1494.1458506714177
-1662.7890597629168
-1414.0406757671412
-1416.4148138413736
-1513.5376727289872
-1529.112652831276
-1394.790335621252
-1573.8914724541703
-1621.5241543004115
-1585.9556048309153
-1410.2390863683072
-1457.9198832200086
-1476.8249873115744
-1331.3904876284932
-1796.7641750209943
-1375.0816818763851
-1280.7990984366925
-1446.5502882744179
-1393.4412173333535
-1356.3196139560055
-1439.6325197365968
-1550.0262636784803
-1463.0181838731837
-1486.271161044247
-1527.8729799133735
-1473.2626525019834
-1372.3286249917105
-1421.660743210711
-1675.7596247974477
-1576.3593420545549
-1384.1936858353372
-1606.6053941322643
-1520.630339518974
-1488.4202340827578
-1484.521221154459
-1505.9735882715204
-1538.4192472304649
-1388.7425688022593
-1594.6082835948337
-1649.7008064261893
-1248.3274258695444
-1418.6017250992902
-1573.6302908903879
-1482.2079201712363
-1450.5917322190312
-1259.9548171945275
-1314.5906674115365
-1446.1592826529304
-1558.1589717898191
-1413.2335170775311
-1432.395189134321
-1287.9246516188598
-1603.0265260778176
-1492.3148575638675
-1432.729314582026
-1326.2791117721313
-1485.276262174128
-1634.9487342218417
-1438.615666195951
-1551.757215157731
-1399.3713723907176
-1427.8622839181246
-1467.3482426998369
-1474.308467836721
-1405.4891385578433
-1413.2405618077426
-1350.0598178632176
-1549.4271356641773
-1502.9471994809678
-1388.8808596375982
-1524.7468208568455
-1279.216029254019
-1527.8399828708891
-1486.557169096065
-1609.706056801451
-1519.3700609780983
-1358.4187713074882
-1430.0621121156007
-1413.762470515069
-1434.3753109241522
-1540.0746805210179
-1576.424694322125
-1478.2794014788835
-1493.771174846217
-1383.9625277439068
-1394.832611508535
-1448.741955239626
-1557.4711928853094
-1420.041021166629
-1412.4973887339543
-1398.3164776160368
-1523.0248529256994
-1707.2914524149987
-1434.6244702858503
-1438.0775204322997
-1421.47287066859
-1443.1414858865526
-1378.3735813289745
-1438.7760580000886
-1358.4916837807127
-1454.2084009108596
-1271.1727964517422
-1219.6674719405582
-1577.9554556459689
-1523.7607752939548
-1452.208563031133
-1451.2310914439543
-1395.0123826485901
-1461.7783597202374
-1349.5928407438391
-1397.8689959803799
-1526.229841085004
-1514.9401369622033
-1638.809143512417
-1483.7858518408739
-1411.8587598347879
-1645.321002061532
-1428.3714765785862
-1492.6252254675933
-1486.7656494498362
-1524.6763958807117
-1419.1576975809337
-1547.2448776065548
-1531.493794502362
-1394.6272721632445
-1512.7692345627586
-1463.9972126710798
-1426.3255774972604
-1391.4517188344664
-1331.1324389073134
-1475.5322358695214
-1277.5436443522303
-1581.5297846071558
-1342.7838626505168
-1595.3372420746673
-1339.4892991216766
-1363.2229941271335
-1477.426397285765
-1636.3322998216254
-1386.3134164318556
-1623.943955126264
-1561.1390112372276
-1445.3712966556368
-1524.7276814190454
-1484.7961413600246
-1584.8318806142322
-1393.1718830782108
-1430.3590514540858
-1459.3448652815105
-1509.4487609896553
-1457.3984124788162
-1346.67013964896
-1622.5570552753145
-1435.0219020170885
-1428.8219332207786
-1473.7705660315175
-1428.8729611894255
-1333.0345770757135
-1368.0806334641127
-1246.1888287789914
-1493.1495605260473
-1347.236029592121
-1348.4964145660572
-1455.4630476109992
-1388.4952705571664
-1617.3483566854927
-1476.7461144559522
-1491.4687510343176
-1481.838490548205
-1564.476984241878
-1299.191326411541
-1370.3888129679942
-1516.3526035854175
-1314.698809012567
-1393.194488976016
-1434.917563226694
-1425.4131604790548
-1659.0046995826688
-1457.1497372593685
-1505.8875309349817
-1390.4681509140821
-1567.500048017892
-1558.8260608397106
-1402.8458654280496
-1383.6082265968073
-1447.04617567107
-1336.4924680008758
-1514.0242481710252
-1392.180559496406
-1628.8993801420318
-1439.8978587583188
-1599.9255184726705
-1408.2504411754655
-1444.0391701518952
-1509.270122879899
-1471.2918057375189
-1413.6575691416695
-1382.893432451144
-1400.0540757249712
-1354.586048148722
-1449.8383092494032
-1406.3316475810987
-1416.3046471350397
-1387.9358776272195
-1439.7984317472963
-1654.8548638405032
-1417.193506420323
-1587.1514414310307
-1379.5591701268504
-1626.685279825586
-1386.5884361978328
-1456.1481858305488
-1346.6504472855233
-1411.7833595813897
-1597.7536591063888
-1547.6549761212113
-1328.8482898724485
-1451.3679591417917
-1623.7012217560625
-1670.5080307442486
-1493.437039529483
-1505.6732268395385
-1521.4894722032652
-1304.7727005472952
-1371.2001167783653
-1504.9500761459717
-1388.01258791878
-1337.9818540311096
-1326.9663298028017
-1539.5627267811917
-1305.5449238777258
-1431.3495516684045
-1592.86569374362
-1593.5125093834604
-1383.9445725380833
-1456.9538304254356
-1414.4064932428523
-1323.040414235131
-1601.9646691027472
-1502.8837527045164
-1496.087142162562
-1555.4533658116713
-1369.4698733961075
-1409.689581613864
-1442.1408250756306
-1406.468111979
-1545.4390256532263
-1578.6030098588255
-1517.2547799710073
-1518.3454574666778
-1507.7241993566474
-1282.836169769969
-1507.3927201200856
-1551.7087923485217
-1558.4538024519513
-1399.209627610641
-1583.4756465498413
-1631.8687732882008
-1489.2933364890475
-1617.1831405671278
-1685.2789962413106
-1445.432672325882
-1417.9230459675687
-1459.916263377651
-1445.5112149130778
-1448.5927187053464
-1387.9147419650023
-1449.27839383073
-1378.7421937008303
-1461.7490498600864
-1428.2287849543618
-1774.7331416837064
-1558.4186981729636
-1361.0357449507217
-1455.0405156488366
-1448.2282348246063
-1570.158816955958
-1470.7526171647305
-1508.8782646232062
-1517.9865081897167
-1468.894841552146
-1314.832468429089
-1522.0569476928797
-1515.7718657333864
-1349.0069545108556
-1422.3523276288413

