-2457.7000479752173
-5293.675225716613
-5047.778378670143
-2931.23588415374
-2100.9574068198876
-2276.1444292501415
-2661.9420667814074
-4537.113854978478
-3921.6289378714073
-4611.3260628060225
-2824.926447433789
-2117.851751947086
-2354.9212098529824
-2263.6636997480305
-1868.5800028195279
-2008.9450202309008
-1732.8487372057866
-2088.6944500831546
-2030.5446275052152
-1829.2589405511408
-1815.0977478534069
-1892.43928137868
-2067.550063986065
-2022.2664567986703
-2283.9039022626794
-2073.209885390696
-2199.8944437050436
-1880.666283994559
-1784.4517378873252
-1969.7423300664798
-2023.46271748375
-1985.102204149959
-1978.9116763109917
-1927.1507041013715
-1770.3110927557475
-1715.1443314381245
-2199.634572470694
-1818.2206101567256
-1639.309784917677
-1656.841525505636
-1807.7288827674022
-1629.9394627279307
-1853.1690269894543
-1999.4187258388433
-1967.1102091857497
-1879.029726627418
-2108.066349039275
-1690.9466008753855
-1726.7861988002512
-1803.869668490412
-1906.6771347423723
-1906.3477921498263
-1801.5455150256735
-2087.383498420268
-1834.3509531625473
-2022.2336472182142
-1894.111248822642
-1921.846905214436
-1816.0403646188115
-1774.1119752039458
-1693.0731493907933
-1853.260951086244
-2105.8441066031187
-1943.3828485589738
-1776.293969054462
-1590.4684792903338
-2033.5636874656234
-1808.3758800842697
-2000.622678541717
-1699.7810292513848
-1842.4416001494385
-1914.8467549046104
-1928.7043327687984
-1598.0129175950728
-1963.0257803492254
-1617.6156607722908
-1896.5367554685936
-1916.5188254088964
-2006.684485786318
-1862.1406781814676
-2232.3984594708345
-1697.8825095051113
-1745.1646964156018
-1714.300561092239
-1734.4026470237227
-1777.7759644939808
-1665.7085762705972
-1678.5462239475405
-1895.0762707756462
-1885.492784711469
-2054.4942760889107
-2022.3884462265394
-1770.429561758257
-1877.468161835415
-2033.8163278860898
-1762.9551836278104
-1930.29857246731
-1728.8792488618396
-2054.5193213161438
-2083.6883249831744
-1991.01255258525
-2018.596969910402
-1651.1775216177864
-1866.7000337781967
-2008.5569092628498
-1987.4141725340176
-1806.3199052708583
-1627.8619704593602
-1809.1487513236987
-1685.1626606469356
-1753.650798825223
-1691.4900946903524
-2330.65341845443
-1879.0284602740167
-1765.6300334784846
-1619.9108668307783
-1819.8136830313097
-1861.6303203891282
-1912.3095862791783
-1671.31132334904
-1856.8148812836475
-1703.5210323992098
-1763.301573400797
-1972.3860315592667
-2005.3951818232522
-1873.8181014685952
-1734.7465170272592
-1705.5085998888162
-1781.1186539141095
-1789.4746021254045
-1644.6155738021744
-2228.191285789467
-1901.5758716668738
-1678.3398872283517
-1885.6929677892404
-1871.3219361623671
-1678.1556974015025
-1879.0678264141777
-1776.88205531873
-1883.187087888487
-1740.7192330139721
-1914.2668992778129
-1697.5423028644695
-1962.2868449323778
-1714.470083243894
-1625.1190666677555
-1809.8746243909538
-2207.891787451635
-1772.4851422768816
-1786.0213536658298
-1876.223402276544
-2026.6199832485584
-1874.9431649463606
-1820.4976685277927
-1975.769518208488
-1839.8829867122522
-1658.775041608342
-1831.0304468678517
-1752.3196066316457
-1831.0571111847612
-2049.6735949179633
-1370.8581316871991
-1636.8030326106882
-2128.007823621595
-1766.17006854314
-1759.8288890230785
-1837.35180408639
-1786.619248796339
-1818.2137646671533
-1911.6302524608282
-1693.8268839063578
-1783.1938925046472
-2119.601829980254
-1676.0472350678658
-2036.7126645795288
-1905.8430772522297
-1927.9569759508418
-1899.1851242158093
-1762.4312006470964
-1793.0321367130143
-1898.0103574604136
-1773.7416013621378
-1761.4934503594495
-1565.1416640614277
-1956.4831520585683
-1905.680947143063
-2015.8560790708443
-1922.1241023973503
-2035.6851985547528
-1632.2540577683294
-2123.9837226975496
-2192.0428822233835
-1951.7039775545247
-1678.966401184986
-1865.5009333433857
-1783.9812362062592
-1908.0021560920545
-1733.663113825778
-1674.003138516385
-1604.1810712824777
-1613.103730395074
-1632.0997640554635
-1682.1119347658553
-1840.775408433395
-1753.0545714916962
-1691.5666927001098
-1598.4618030943159
-1568.3335401270517
-1755.6928543362403
-1920.0335264588557
-1565.1730517213603
-1770.1147462568445
-1751.3101019924168
-1705.290013775127
-1846.0333287759881
-2069.193229264205
-1723.1531431061976
-1694.1959939408823
-1826.6028286269172
-2067.9153090491673
-1491.5915033589695
-2032.7210396424794
-1847.3670979453973
-1712.5804837300523
-1759.9798155122405
-1605.9524443298906
-1823.6772213583545
-1955.634843445084
-1786.7362692568581
-2089.6345018784796
-1897.423641305601
-1924.1032351247886
-1973.4860973520465
-2004.6407208081118
-1826.9582425163228
-1773.0335609907534
-1728.2505828535582
-1791.8423060382631
-2450.754799567381
-1733.515193514458
-1637.094675305694
-1801.6220459047827
-1834.0935701801266
-1578.377962577994
-1833.4791441751834
-1657.0288840794165
-1587.9808556567934
-1778.7580343449697
-1712.7379560537975
-1689.2872940365892
-1762.915043898682
-1737.0732951357181
-1722.1005329135432
-1823.8416000531865
-1739.2372286146003
-1714.6896894327542
-1675.2641796358598
-1649.7528519052555
-1820.0620443764021
-1781.8537183994215
-1639.7427080814111
-1705.5846213283096
-2065.4735821715167
-1738.1154842581261
-1746.722025322291
-1738.3390321642141
-1934.6216191794006
-1558.6571950913929
-1670.704125245162
-1805.5832107761312
-1891.9013442633614
-1778.1405213353476
-1685.9777009293957
-1994.4761739281528
-1942.6122313709361
-1672.0548592327216
-1713.7810919843507
-1827.3127773593949
-1765.9177392896927
-1883.0379306770492
-1521.4066537989522
-1890.1371860858762
-1806.4840979668904
-2267.4290084071754
-1945.47732029215
-1805.0546741388873
-1836.9059198423408
-1871.1830489151055
-1723.914071507425
-1815.7684031642234
-2059.679723245137
-1700.6227000141523
-1606.3422192184037
-1712.1531484247728
-1561.505237264128
-1647.5914789998656
-1713.4199847878956
-1872.1386931813067
-1750.7382881805183
-1720.232750827064
-1766.3611373441854
-1587.4568278553695
-1742.2484044012942
-1878.3657381118285
-1814.94905269306
-1781.6341268604747
-2074.7901199195494
-1699.4868767780915
-1718.135431614655
-1904.849469943049
-1781.502440005864
-1794.7284870072501
-1860.5189904775157
-1785.1268085618601
-1575.1253747732085
-1657.1994759173438
-1483.380666535779
-1726.4498619382955
-2139.7759889505746
-1740.5798578060933
-1642.6517157821688
-1736.5591609333007
-1784.7593341671916
-1790.5283011522408
-1784.4695671776208
-1768.2543243252076
-1893.1696908656177
-1754.208623929141
-1794.6666743610651
-2003.2810949230166
-1859.3985617107398
-1781.213349189131
-2019.8076960844046
-1646.2796042475372
-1797.7170624514615
-1826.951285631543
-1809.5032240217713
-1494.0979290760706
-1719.8251041977483
-2560.2572692772756
-1571.964587184097
-1672.4034321150139
-1765.9142041647344
-1878.951339683347
-1725.0464880838617
-1742.2916389917834
-1847.666968489399
-1770.127034667505
-1936.7967019932169
-1720.9198562048198
-1686.6125893654269
-1774.3597387714135
-1770.3846382450836
-1661.6993340097695
-1740.3861980144134
-1785.6547294960885
-1646.4321924249941
-1653.7155660396425
-1740.1876645388368
-1900.546391187698
-1795.702659690978
-1852.8772635061227
-1873.3003411502973
-1594.385216683785
-1983.5304021009524
-1877.3758401375303
-1780.088338647273
-1887.6815300725923
-1595.6672833763405
-1506.1665828296507
-1634.919882892596
-1694.780810082611
-1767.6596386761282
-1706.7271661280213
-1591.0062867194692
-1789.7053234351745
-1636.222416889356
-1693.7002901245958
-1462.6196689799822
-1741.3634357398348
-1653.4666394518213
-1964.0400267769428
-1658.4832482188438
-1914.672679332894
-1828.861282770682
-1614.1808421264654
-1845.7126152082653
-1920.3779382145462
-1789.313840696933
-1785.3609419525033
-1711.002874181348
-1735.312843007168
-1734.061408084363
-1844.978761394063
-1989.7397472801317
-1957.4612075344317
-1860.1427750521384
-1705.4363666086622
-1621.8220135922998
-1756.7051763674224
-1774.5177591802515
-1851.482790082604
-1948.6694703056808
-1736.8743239781013
-1753.3278213521492
-1862.318857881164
-1756.1532860486784
-1665.6685056180036
-1874.4378669767202
-1702.4791581728932
-1578.0486945069365
-1854.812154778814
-1693.6823293736618
-1781.6330096721806
-1744.1458994278387
-1673.8210804383723
-1665.7689616755786
-1838.0412044174086
-1832.9640410552233
-1704.0219454824635
-1779.845033832528
-1865.265739294215
-1729.0364402420196
-1845.2709020303782
-1892.5012728641507
-1672.2753812944613
-1693.0354728060497
-1718.5870361409093
-1564.846504996895
-1694.1440951967152
-1626.5113281862753
-1764.9793015192822
-1694.5496798379263
-1758.5001784965639
-1810.2467838185378
-1788.5911888486896
-1768.493940514329
-1858.0537702433721
-1638.2478059870048
-2203.1741880291324
-1886.2135456592137
-1580.4506007415869
-1626.2261085575485
-1838.7647993406683
-1684.761687580298
-1706.147171798343
-1676.8718831775752
-1967.3188630296415
-1840.615562985764
-1626.0982666045647
-1866.4328227972844
-1684.0358455185085
-1623.2150022142373
-1635.4473737929845
-1570.9474489006247
-1912.4482720966212
-1737.397711880812
-1647.597165940492
-1780.2253980518778
-1603.1802405061146
-1708.364782789227
-1802.6339623194078
-1563.8047023760112
-1662.4826457888448
-1610.3458654648357
-1630.5286370435242
-1659.7953657197743
-1581.8325063468058
-1768.6498282013004
-1700.8554411275595
-1833.1992093089573
-1682.1032125759527
-1771.0622254078828
-1616.6323466816734
-1731.8873502162826
-1651.9464446913269
-1837.557237710529
-1961.7903529983566
-1543.9026354965551
-1641.219088233026
-1519.5189290909425
-1522.3623015656187
-1784.1719422114586
-1565.7291932724922
-1845.2679198851529
-1655.6387421726238
-1920.9993107038658
-1734.8443654689725
-1690.3068935524595
-1962.9380779021199
-1669.2898679190696
-2103.4592068996994
-1655.2261096000673
-1591.5856604952028
-1778.7532743603701
-1707.7880019634854
-1702.6355373173683
-1813.8456926535484
-1634.8878364690288
-1841.5709441361528
-1718.161092164152
-1743.4559774907605
-1792.321657023887
-1668.5679614864537
-1757.4632457517437
-1642.106718324281
-1704.0655220668114
-1778.2577421630017
-1537.9344834668118
-1890.895005552486
-1903.9659868835747
-1800.5969642217324
-1862.8553821681826
-1689.8733324528325
-1753.732041552523
-1660.0515754478874
-1691.6051864080493
-1731.3163095419627
-1729.2092555633296
-1988.2326537629317
-1580.635158026615
-1658.2820497123068
-1715.546811165838
-1752.3352591717205
-1776.088546061207
-1706.4126437022103
-1571.4341815936743
-1435.6935478196215
-1888.6341290598432
-1645.1716738522016
-1817.4539446865776
-1844.1471834330964
-1518.8432330572664
-1719.9256148940842
-1552.1955523702125
-1704.8409402108164
-1798.1256671395809
-1679.3670154675942
-2116.6997894240644
-1765.5025437751708
-1881.4159379637383
-1787.1153654337913
-1627.4817323308614
-1813.4344363054968
-1805.6691348816962
-1878.3076986449348
-1673.2272317422107
-1661.6832288725216
-1673.123225823294
-1808.184237826442
-1648.2179123700507
-1704.8663659914675
-1994.9514410185589
-1436.5016883553926
-1920.7364181958123
-1812.7890381369527
-1563.9081663677482
-1778.6440578138045
-1727.6674895705232
-1646.8530799504347
-1666.084003801388
-1502.1441339497242
-1791.1264547630433
-1725.1757228787333
-1717.3167570503601
-1506.0623298511725
-1657.782031359865
-1965.5933683931642
-2051.129313046977
-1639.2453545285075
-1761.0680653725315
-1882.2819977917284
-1866.8458525786516
-1611.907028409262
-1529.2246758314068
-1609.3814963335726
-1810.0016522245585
-1910.9745158801177
-1774.723513556207
-1404.502454978247
-1669.24223793188
-1777.3851218597604
-1679.8817646369357
-1458.1997240655003
-1708.3232639863336
-1658.198070583686
-1678.9228122230627
-1601.0309651072332
-1845.284541731868
-1715.1950437491912
-1613.554755425717
-1533.2574182402234
-1634.5461627926948
-1670.2883912858636
-1686.0422517134875
-1913.8585005558045
-1637.874113618708
-1648.6649367080192
-1566.3441359830058
-1680.9270858031396
-1723.5851121819685
-1667.3222346351574
-1515.0238305879582
-1760.7543132641922
-1692.533171368711
-1743.4064329199273
-1812.9124182466155
-1688.1642046330126
-1784.759257901315
-1896.5992404155336
-1716.260602439332
-1739.1675433602943
-1584.736157954457
-1994.6424450367304
-1875.2019074395193
-1601.9002639422927
-1603.2284215668933
-1741.9382317687175
-1846.4631875763853
-1836.7676934465785
-1743.4701244737987
-1943.6141102357637
-1655.67475895609
-1581.0010172397908
-1601.724223726187
-1568.4522381131442
-1708.5158542775366
-1689.687318325831
-1618.6770736820386
-1800.123650194215
-1756.940108530421
-1575.633384101487
-1766.4352538912817
-1709.2725082288034
-1583.4949835985356
-1877.6900339783747
-1713.0020547728454
-1799.7451251796929
-1701.4491668523297
-1656.146915505474
-1678.6933353072784
-1649.4517882826547
-1698.755775547567
-1769.9472986910282
-1542.997689103011
-1687.8867995701685
-1860.3726388501307
-1467.2841988724995
-1671.0935490415236
-1484.7188112315373
-1445.1680398589874
-1693.9759226267079
-1545.890124535907
-1598.257253741717
-1738.1230147214299
-1653.7959432489336
-1585.2183704415077
-1585.7360485888116
-1759.150781713265
-1710.3085756424796
-1619.1394981208384
-1586.3477865947925
-1616.4787159549899
-1566.7842600738772
-1564.2435962876345
-1707.7869975178467
-1558.6644690574944
-1708.0309145012982
-1597.0044992561
-1812.4491432268032
-1733.6288835412843
-1582.0193080000442
-1593.8643121748587
-1661.3443089673995
-1679.408393361486
-1578.0938949054646
-1608.8217826137973
-1445.498489035056
-1663.502105010349
-1639.3967144939236
-1609.1478306531626
-1728.0204710241157
-1670.6351725222723
-1521.8079682752148
-1599.0377560875802
-1527.793759444012
-1680.509175754088
-1819.1621600773315
-1636.5185729806424
-1821.0383150387797
-1661.3288956808399
-1558.9466722896402
-1657.114978880759
-1516.5097110038698
-1692.5800150157029
-1588.8134297972358
-1597.5525456012683
-1540.8472557059572
-1489.5904649116953
-1750.024001486178
-1655.881778290819
-1568.051050616062
-1612.3643045013534
-1689.6660289691456
-1708.3440547940907
-1586.6891020904043
-1467.7969255446878
-1683.4199181731587
-1742.0969432699242
-1464.0940974398495
-1737.9924122336636
-1607.52138888173
-1783.2401265732635
-1670.5168173229276
-1664.8373015966747
-1628.7041820729928
-1736.9245545019587
-1698.0992108084079
-1519.8388386533925
-1841.598752162935
-1566.806699043226
-1810.4302742860189
-1606.9294525572045
-1629.6912803812536
-1591.2135669725392
-1699.5759915035158
-1713.2594615258322
-1641.9570302180507
-1622.7461380125555
-1597.619017720885
-1740.5513309882178
-1637.5826550537238
-1750.9354759149492
-1533.7920415708502
-1610.7319602943462
-1878.3710356572803
-1817.6844702911517
-1876.7502204441244
-1658.4824023401743
-1696.5811304024562
-1680.0304106946178
-1772.1625757094178
-1615.017140084531
-1657.6602384725957
-1869.5047526310123
-1675.9417591028093
-1684.5351454317945
-1693.8956602031874
-1626.9147141911262
-1617.2458055743148
-1509.272625105621
-1659.1914694602601
-1834.791423085833
-1548.1192410446617
-1476.947180326996
-1766.6554651669915
-1822.1366426088073
-1843.0975582201547
-1466.2490246262457
-1703.1948688758278
-1518.243005202921
-1667.2943081732742
-1698.8392656781823
-1741.954595398336
-1624.4802623296378
-1847.6279984941038
-1764.829533004884
-1707.3467806109911
-1612.0250627901069
-1476.847631980889
-1729.7423638693056
-1516.314958243939
-1539.6677620622797
-1893.153726936386
-1573.1784147386957
-1686.9684042324202
-1695.3337706239076
-1877.9077680791709
-1807.7188485520721
-1541.9984480426178
-1378.8625886087766
-1589.7321501132392
-1577.413438974339
-1572.3025117699256
-1617.223160696039
-1640.292223174619
-1538.0362534368905
-1637.9890407199607
-1956.051957753197
-1647.554132503468
-1669.462810086683
-1642.259931994055
-1876.6617192418978
-1555.782867418906
-1731.945556208806
-1626.2019069774137
-1643.5937893628272
-1811.6576603483804
-1664.5558769286529
-1615.9391161492074
-1900.7255802742493
-1524.6367809482656
-1707.5855246446351
-1696.5275388927553
-1596.2818371765666
-1623.606143870029
-1744.6791526379516
-1704.0276061933014
-1576.4356605406085
-1650.8088140439404
-1638.9804331777102
-1715.3881846886493
-1669.3859435427778
-1870.6741507462748
-1704.3459693118662
-1450.1512255558566
-1683.7582664181816
-1422.6389318702402
-1681.9972607784093
-1579.682520451556
-1419.3060184153894
-1615.9788123994206
-1576.651665487469
-1754.5313652286136
-1761.9769909213603
-1707.2811363647063
-1542.4575662353477
-1662.0430083932558
-1560.7074056983001
-1710.9487464671008
-1836.9195270080181
-1889.568507338934
-1538.3800501218932
-1527.2541060100375
-1543.2536625990901
-1659.8548663285292
-1773.5056396766354
-1661.9732612201421
-1704.688981275337
-1706.0952868913291
-1881.3409150166333
-1715.4163486373575
-1871.8429666014824
-1570.3881579673666
-1611.0825575742456
-1580.6293152642954
-1690.1494163629582
-1690.9205384911631
-1867.1439320931495
-1624.6801585408143
-1792.208083766887
-1463.7780578659651
-1813.0335757241999
-1808.6813801703295
-1908.7225474605384
-1654.8068655903678
-1722.9757469513706
-1676.8693872118527
-1635.426886503481
-1628.4198422889444
-1575.5302915900986
-1825.1554874832639
-1732.3444763670261
-1776.6478302535372
-1716.6025390760906
-1445.9991999979331
-1816.0092773714034
-1650.2697489814616
-1722.4662625852704
-1712.129148548546
-1744.472346432179
-1529.7979715677266
-1531.7846688161756
-1671.8196412581635
-1517.745964097965
-1668.5506402123226
-1806.7949718884593
-1783.3857104272067
-1648.7105384777615
-1552.7506567036435
-1693.559701979538
-1601.869412212356
-1725.191543427929
-1867.0131443145624
-1788.9049317757517
-1544.6070076279182
-1859.1808435940352
-1515.1582117990422
-1724.1601000364863
-1933.270885333206
-1810.4815014278324
-1709.3036925446434
-1586.6743303558098
-1719.2352776763003
-1813.6565152906262
-1577.778897527248
-1583.4797088488583
-1705.6898165584992
-1600.3717492393926
-1802.2268114039603
-1897.05901860565
-1615.2999024814385
-1796.1193675277564
-1869.906412993689
-1507.3376333389433
-1894.3993275613207
-1523.6065704171203
-1760.2471601169614
-1680.6180178523707
-1768.5499475007707
-1616.6192825242592
-1654.3311540809514
-1606.1599544651701
-1734.5650890766724
-1511.4965075979414
-1458.8313805256564
-1617.3491350219979
-1620.8220535731987
-1767.5808378588206
-1809.3773968263185
-1609.8889819088681
-1679.2875585865818
-1854.0733461933353
-1712.0667076750594
-1672.07828114055
-1557.6951352313238
-1841.4251232329375
-1750.9077605682812
-1867.3091691457944
-1570.111290859734
-1411.7205879103199
-1724.4873609711422
-1924.2313546588466
-1757.8505567706832
-1486.7755913403528
-1680.1861950103073
-1763.4741823215286
-1566.2472889472513
-1517.5301613754177
-1832.8056292277533
-1591.870566207211
-1479.0658479740675
-1553.83506636024
-1776.308151601211
-1592.0126134231778
-1734.269031102164
-1473.6940487881636
-1669.6455019657717
-1667.1707520983628
-1797.6143629491105
-1442.24612508382
-1605.8115208457773
-1668.178752542224
-1530.3163695201392
-1644.9788080655012
-1647.3449934895798
-1732.1182858971613
-1576.9632778423336
-1745.1138127285453
-1474.2855214247018
-1567.7619346518513
-1752.4005792460287
-1687.651939751724
-1692.1095139174988
-1566.4580987178665
-1633.36154682492
-1572.6487179715057
-1635.0105454811965
-1587.5786591068081
-1629.5061480992124
-1759.335368132237
-1599.127583561801
-1534.0702988143855
-1610.6830823779185
-1585.841118045381
-1769.387998484274
-1664.695232230066
-1785.8142335752987
-1768.9355692042693
-1670.663651959628
-1714.8628198866143
-1738.5061387263459
-1692.4085895396697
-1829.2177907055077
-1617.7064895406586
-1677.706947175938
-1707.6995603066055
-1513.314009966549
-1657.587421128051
-1703.325738272977
-1889.3416943369002
-1813.7495175639347
-1799.6099726481386
-1748.2435185431095
-1845.6387463780302
-1603.8467423447496
-1680.2900292131858
-1790.8549593254024
-1637.6619224702456
-1927.9795289213396
-1584.3323100988557
-1572.3281467704983
-1730.3662591930295
-1629.4556781971373
-1661.72309912177
-1742.1399478304122
-1663.003043836017
-1672.3210317038063
-1690.7665058668968
-1694.876608862803
-1627.6732326152558
-1718.1123226993154
-1534.225081461174
-1675.2001491921114
-1616.8689016885496
-1583.1693798369079
-1687.8251732467368
-1815.6053026398167
-1479.994471984361
-1431.0526050330384
-1779.3470370486
-1619.1313447841767
-1529.6017913097044
-1560.9549987000887
-2032.5441298503956
-1734.6483718647028
-1623.5438862003355
-1627.3993217290026
-1595.2611757313857
-1680.8612933576287
-1694.89705433194
-1735.9433357591492
-1484.7215497917346
-1504.4391031374178
-1924.5708329997965
-1701.3169925842262
-1595.8140162497637
-1633.5818875480306
-1367.020449226484
-1721.081164289762
-1648.2853617339936
-1675.5954751435577
-1690.537776821404
-1484.4453329029059
-1532.8759479125104
-1735.8687617116327
-1851.3110820568081
-1754.9719026269734
-1924.3511424015853
-1614.7291857395592
-1604.0422626318361
-1445.388541145229
-1690.5091416637729
-1806.2459077312776
-1838.12312733282
-1860.6033116162973
-1658.9121943833977
-1772.5300938225835
-1768.7478555754449
-1686.519737403901
-1693.896626794269
-1690.4374098095705
-1766.1921016220388
-1763.0086151060996
-1703.964328142502
-1768.6951494990117
-1553.3660100851628
-1581.6040994718685
-1545.8085944243592
-1533.8776660529236
-1683.9750032762217
-1662.381970961912
-1653.4616185582947
-1584.6684805824427
-1607.5078550501155
-1616.1178696003083
-1706.8653171368553
-1624.4807219826178
-1594.2859874859307
-1681.4562044930137
-1472.9080328206771
-1501.799876784468
-1599.8680352018594
-1597.2369199696002
-1709.2020761333329
-1794.3326209223576
-1572.4572506344387
-1648.4724008475712
-1729.5737363020955
-1645.5361838685033
-1690.2377079807175
-1591.6455602208612
-1735.6406476776297
-1603.737998448464
-1646.4609555524898
-1589.6328912496715
-1584.6997688228205
-1670.8349718960765
-1613.513510969566
-1794.5560139578881
-1657.7686164733323
-1597.6649752751298
-1601.1150641535646
-1557.0995344114835
-1738.9367494192725
-1913.8255329503431
-1643.9659222100374
-1663.5163891156005
-1703.5814713547495
-1633.190765020102
-1630.2085070494732
-1618.1317294022142
-1480.9389653090122
-1967.7074937470024
-1649.7687028387352
-1681.462649530877
-1533.312372378471
-1531.3318267153497
-1351.9513086858246
-1614.5909823696184
-1573.3155011983877
-1570.828456376324
-1820.297414813606
-1684.2510810945037
-1536.873569196979
-1631.2579486762318
-1512.0265714762966
-1699.5975137756534
-1688.3363364363902
-1829.8159955066255
-1764.9065354468185
-1621.541836545454
-1571.7941715222191
-1876.1748709853466
-1413.8315872072844
-1795.764544340975
-1714.0379247946714
-1555.9704392830072
-1983.230459494854
-1427.1347173709962
-1482.005875855175
-1536.4837686188082
-1557.5385671994038
-1815.723994959502
-1573.9987194184162
-1626.6520791321118
-1682.6759074484341
-1516.3584528570261
-1631.8977204122853
-1631.397472290794
-1645.1317997324238
-1642.2338108367367
-1799.5517609933177
-1476.100497542349
-1522.0116963277449
-1582.7512532240326
-1873.0578236306826
-1778.3924941461203
-1652.0190296121505
-1693.2313885961812
-1525.3906879787173
-1797.9165928200262
-1616.6077931067084
-1717.0238650305066
-1638.6198372617969
-1496.4273361717496
-1508.4300221576225
-2101.181525965101
-1604.3617469670714
-1657.994128967906
-1620.7508140336697
-1881.9434468148877
-1752.1184410438732
-1636.8638030920938
-1574.6541062342044
-1662.7245421279665
-1655.903273569116
-1583.3758364366552
-1762.6757890806362
-1578.298795017172
-1760.6771155748895
-1710.8399570794204
-1683.2273421957445
-1695.6671232951226
-1597.1537063436654
-1593.8348685236388
-1798.1642433652448
-1907.0905846905175
-1645.0656615010619
-1650.5615316385117
-1721.0647558196038
-1637.2139275791706
-1533.5282471982234
-1681.016226238314
-1596.304766478984
-1598.7292598275994
-1391.9789157987852
-1572.0825754858272
-1544.7200907563922
-1712.3250448129334
-1528.5955405740392
-1611.6739123121642
-1398.4043585134204
-1563.6327007009004
-1682.9755821775111
-1678.0685811589804
-1741.4767349290912
-1618.2176755378582
-1852.3477634962628
-1761.9385080781813
-1762.0304406525745
-1672.6113159893391
-1676.7031375549143
-1401.2722180686853
-1774.7149908792796
-1623.9284005526772
-1736.9498268092914
-1695.2983068788376
-1408.880016878573
-1729.7065899042568
-1521.2717443780923
-1755.3689632672865
-1830.4688505718586
-1539.5021742469028
-1837.6114048995757
-1719.4719019181105
-1480.30825871473
-1727.2006988175863
-1591.0174230749597
-1829.3915026591146
-1582.5654635217809
-1612.7897531878102
-1444.7895054567978
-1681.468254644447
-1652.8069692178365
-1685.5931217340683
-1704.1711635108736
-1569.2610793170663
-1603.6722840659072
-1548.4331437740618
-1586.7328354616204
-1627.7460711510687
-1770.571341803109
-1421.6258824450267
-1978.02089410435
-1518.9307091161245
-1473.003373343084
-1392.379911963108
-1794.9144180511867
-1754.0969724237777
-1607.376529862136
-1875.927167644029
-1896.2729029499937
-1475.4089012525092
-1606.8416274559747
-1722.6280191751748
-1725.4165952358896
-1808.6926842892462
-1663.1315717892533
-1700.5194523982927
-1718.1233551491132
-1647.284055862229
-1587.6736345711934
-1697.3171853307172
-1902.7700466160454
-1747.6669695133326
-1624.8662652119738
-1775.1449606231802
-1570.1226379659065
-1786.767001288821
-1688.5671001045928
-1522.0364798705427
-1599.9717219250203
-1663.6681712278244
-1589.7425981621752
-1643.5818473938778
-1831.8265745251417
-1500.6971038934441
-1642.8364166390638
-1704.8029121644183
-1508.853395472821
-1539.0224870214054
-1602.2098621677394
-1621.971924384266
-1544.3318568009745
-1594.2762352695304
-1724.172828149825
-1635.6066785498808
-1579.2977871059948
-1819.411803717266
-1519.584137218681
-1622.5488126699224
-1689.3827165764183
-1700.9821169765357
-1553.3408949854154
-1850.6898592770117
-1694.0368906758647
-1774.560639558419
-1691.23020697633
-1619.8814343416682
-1654.656240088798
-1569.3983811116045
-1567.3549755770396
-1717.0595984013348
-1736.3743452436088
-1709.5542604048414
-1666.133645214882
-1803.164965118852
-1605.663087775406
-1661.1253670805688
-1652.3386611537421
-1586.9194679473896
-1564.2400563245574
-1574.0011691441828
-1415.6692224412895
-1721.262645001096
-1699.1774328543052
-1709.7352023401736
-1620.2443873018744
-1948.9018700122604
-1822.7321873968272
-1594.758366978432
-1551.732385711137
-1846.9765747720055
-1525.9229491034912
-1540.14311744052
-1674.7395792799293
-1635.7837311672936
-1658.594371393673
-1690.5412010016923
-1749.3850029587595
-1685.5659051467076
-1767.057185267465
-1770.2144992927176
-1626.282731382253
-1756.3530132240294
-1644.2034760596991
-1555.4945461830698
-1475.323453040721
-1746.682608739741
-1842.7575230924476
-1644.789357562206
-1836.4959557578636
-1551.551232705073
-1595.858606780096
-1670.4440951718777
-1895.71285471204
-1644.5210512353412
-1489.4484263603165
-1506.6256390045635
-1681.0361886369935
-1705.6540254710021
-1716.826052875888
-1639.4422211108342
-1486.8162605225623
-1586.0103737584159
-1727.4726227731896
-1653.0981275111856
-1412.7020851132686
-1752.370571124259
-1630.8412016461402
-1636.2037422698152
-1741.9591527862253
-1618.6589439742477
-1595.0273785558488
-1595.9990880668845
-1601.1528544494015
-1598.956961068117
-1739.8144239619191
-1462.4810916039007
-1801.126071230253
-1512.5116994384737
-1518.0888758075066
-1732.8056939752585
-1693.8576541106247
-1769.7716889842336
-1627.2500128503254
-1705.918383024348
-1722.834085728101
-1841.1895371152405
-1558.7299948344873
-1570.2436077195703
-1529.8555354336993
-1524.0703278386486
-1674.4485640163612
-1638.9830095337259
-1930.6074654305992
-1584.5992827276325
-1758.738502562415
-1972.62696238891
-1452.7468977414728
-1638.3647830403368
-1708.874254497819
-1669.475005968557
-1522.1892055524381
-1656.090978076939
-1690.5453533283655
-1752.501956992932
-1682.3462343858725
-1667.5384144840755
-1687.0812211112338
-1639.6317575354758
-1849.6529751805497
-1640.4623575266726
-1861.60399249191
-1449.5016617065232
-1386.8601728430065
-1673.9521595432764
-1682.1905643426842
-1745.0754749133764
-1842.998930316587
-1727.827070376178
-1686.4263510481935
-1431.23377070125
-1628.6028162269367
-1592.9613575952542
-1672.5104968543494
-1616.9330573661525
-1594.1910366692598
-1440.8730644393154
-1727.6109028109056
-1753.8526547827416
-1696.9219827391328
-1787.6191036780456
-1704.9581906201008
-1698.329328981971
-1930.147501766415
-1799.2357071064978
-1639.3148667991165
-1678.8648435489124
-1721.13677740894
-1762.2595665849062
-1522.4270461905119
-1666.806577710889
-1793.4228695516847
-1840.2497976872114
-1739.7268502461202
-1713.2695774748604
-1758.5343303120064
-1372.8027120539298
-1966.0859866131382
-1832.9479176490568
-1766.134899717246
-1848.3083192572653
-1739.558011041894
-1589.5049620903305
-1572.1948476971975
-1502.179259711809
-1692.9677401805613
-1629.691980275941
-1845.0753944836554
-1734.538712894736
-1701.3526915677035
-1674.0585821744842
-1661.0979300187041
-1669.752272131981
-1631.9024081784833
-1805.5096662097133
-1781.3026210454007
-1805.1778966036552
-1718.9229832401575
-1784.3946749754325
-1772.1851237925061
-1779.6008498127067
-1818.4549325349644
-1694.7652321208582
-1546.7915450842063
-1742.2627230438577
-1549.8696141149912
-1560.9234541465844
-1650.219286517385
-1651.4124158299467
-1764.3950951022075
-1912.9316751604952
-1908.49626091918
-1392.9220402837636
-1623.7646285249336
-1669.0860720108267
-1828.905613209684
-1849.1912325968717
-1817.0345293895189
-1628.2486396281222
-1623.1715035611353
-1519.287630009173
-1728.4432078368711
-1752.3628060296899
-1451.1879793115684
-1392.5791480524788
-1722.9921060059526
-1533.791135999588
-1584.0366691039126
-1929.7736790004544
-1490.055135567426
-1798.2580192577007
-1635.906401404963
-1533.261744870844
-1602.3878129725836
-1405.9274294017205
-1714.7570160246335
-1828.5563082523156
-1754.787581353257
-1780.8416914328793
-1800.0577133480188
-1636.9601201341477
-1641.3503206929176
-1622.125864311927
-1643.846527372029
-1344.563185961969
-1582.4964136321407
-1886.2244703901133
-1669.701726248063
-1757.7181928285074
-1867.5910703745717
-1833.1392275363683
-1716.3242446653278
-1554.0094669068067
-1469.4886883796314
-1669.0649831609765
-1626.327472465725
-1643.5718534618545
-1679.9249690834772
-1645.3883595166087
-1602.9782144585668
-1725.2617997444631
-1643.979473375228
-1525.3551952158177
-1612.7404923428119
-1979.6243213453192
-1786.4137128814682
-1526.3180807630686
-1604.409609469893
-1865.4687244188874
-1701.7190224425237
-1449.9134226210426
-1877.235316141316
-1606.98161533964
-1775.5156198233972
-1591.3841775896856
-1606.3419463238822
-1685.0077910599864
-1502.916271538919
-1521.5809077398847
-1748.045676634257
-1519.3089123130856
-1584.7127127861395
-1526.9444598741118
-1771.6149310192102
-1424.3202841040318
-1539.3888856660756
-1701.618924664384
-1785.0819043178265
-1639.392572256945
-1489.9810715840504
-1598.3910602822114
-1401.6819416326348
-1804.6882148661705
-1564.7320761171297
-1472.9679020193005
-1489.573121617938
-1581.2250523330204
-1597.1933069001768
-1634.4783194694141
-1712.0512014514309
-1781.7324245016264
-1510.5293936521498
-1443.1784299014084
-1894.7311759220497
-1648.093965515611
-1633.5635574389858
-1637.5393052006375
-1791.5306495754237
-1744.3706554439684
-1570.8930731967823
-1743.9849758666173
-1582.449900407117
-1467.7747415754482
-1634.1069050830567
-2081.8849779515367
-1587.0394178416634
-1606.0869435309862
-1646.7592832221085
-1516.4078744322353
-1551.5311501925737
-1675.1454327439187
-1528.3548254853715
-1422.466560642567
-1539.859982139392
-1733.627840949205
-1722.8490509597912
-1820.2071056449
-1569.9886400480289
-1528.0652456807607
-1809.4524632544772
-1496.390898877808
-1814.0661686804683
-1663.9259239041658
-1647.0703359083282
-1515.642807692293
-1925.5495642431654
-1554.2517466295506
-1673.1754719363828
-1635.383767159301
-1553.435122503362
-1655.3247798261061
-1444.0069637849292
-1561.787721769498
-1555.8926849432517
-1402.529742745551
-1672.4013669604221
-1440.4628305740798
-1616.1132797825303
-1448.1603488885735
-1601.742308207006
-1592.3907069760103
-1531.8101558755382
-1570.2747760055704
-1788.2944491280703
-1628.252303406497
-1879.5325115496194
-1799.3167493648566
-1722.62765980012
-1766.392152710366
-1740.5405623649858
-1597.153363317505
-1596.824589987751
-1557.3367090435024
-1692.6769522706898
-1725.7859810029386
-1586.3305613161783
-1653.7922383442465
-1696.3612508508506
-1628.5939840143153
-1618.5248465964746
-1455.510966195548
-1684.5214415366381
-1508.9467996779842
-1662.039878111363
-1596.6496037078991
-1561.1860519322304
-1660.141412075456
-1503.803821756243
-1622.7136495058721
-1612.1982371967376
-1561.3201730963256
-1796.7420757981483
-1621.0324517016154
-1645.758965459339
-1608.7000597257634
-1690.8842660669002
-1676.1958375932816
-1487.5055774311484
-1628.550611608626
-1528.6565794019684
-1681.0000052557352
-1669.9289887429425
-1706.2582575572662
-1898.3561151387803
-1502.5068887502937
-1636.6177045980103
-1620.8125782962939
-1566.6150432385723
-1512.3569979352424
-1697.7782889009627
-1798.728959373552
-1727.109658728563
-1538.4122772063681
-1807.0902994894957
-1501.174165077556
-1607.0387888394512
-1576.2249469521287
-1551.912256297222
-1819.4915089732274
-1792.940859829922
-1600.4031038571807
-1640.9038941272956
-1585.0321106366175
-1569.9821318937452
-1828.4125829557793
-1712.2283010149552
-1602.3474778732223
-1545.7338279834428
-1715.825283534341
-1844.6530596088455
-1750.8902140991527
-1735.652553253493
-1663.1794725837083
-1648.625115684026
-1589.678093807887
-1523.1850243148472
-1660.466107723609
-1597.8045456584994
-1771.3532103119812
-1652.2107553049243
-1763.8141340951472
-1541.6794281708164
-1641.875443955669
-1589.5899695098324
-1660.0428487226407
-1637.8403719800474
-1658.485825219685
-1776.3655710789672
-1445.2775146998997
-2021.0429973480589
-1425.0727341576323
-1667.307272159041
-1793.4883663764426
-1715.784066904599
-1529.0226056875874
-1735.0733383565987
-1601.6852988594942
-1720.148487200169
-1383.3203929098609
-1582.2751004888873
-1569.4050581123743
-1664.7154433144444
-1630.34061045725
-1711.326798462207
-1552.3534587359345
-1546.1232525541682
-1857.1866390757789
-1630.6997096880598
-1593.4924095458598
-1723.596954189618
-1667.2810687206397
-1570.0006860284316
-1822.8670377232595
-1685.9493183399156
-1718.7868299853963
-1807.2786520934094
-1579.052782145792
-1847.9557103888733
-1716.5491133538105
-1734.8039976159055
-1643.5515093520185
-1639.2657084277125
-1498.296577757645
-1896.5486776734008
-1746.69011960512
-1713.0852614777898
-1464.0327777807174
-2106.5544130889007
-1633.7084886162002
-1786.173707075869
-1728.7111827474596
-1547.8179363869492
-1594.4407314628704
-1866.2941378496082
-1681.0099945257582
-1664.8716809016826
-1749.2222433171746
-1676.4348152283003
-1610.9497793962796
-1561.9446673693164
-1686.2091775703154
-1972.1361812671294
-1576.1946294230727
-1738.5697031339157
-1534.3148101209802
-1619.6813918150347
-1636.9906210503925
-1524.8899668262745
-1613.7911810998519
-1458.3950534139753
-1655.5076383565295
-1686.8119008208655
-1512.9046089864858
-1541.1159936056308
-1605.0443247507976
-1635.5816374273204
-1668.7530642109675
-1587.054745980963
-1692.1879425548045
-1743.1383387751473
-1565.3357966047922
-1613.4668074015128
-1608.5526886037305
-1662.1867168765698
-1745.5955114063556
-1653.4072977195046
-1680.7329963925627
-1547.5903265135453
-1704.6192607097305
-1768.316227294631
-1678.8574546040802
-1563.7276950682592
-1463.9016847993519
-1598.34004910727
-1701.664189598845
-1685.3806266762501
-1518.6159786803294
-1818.8443589422793
-1563.4795267739298
-1547.639203022995
-1520.771425229201
-1648.650796736668
-1871.0243457183121
-1525.9430456919529
-1602.6396952041368
-1527.554930824082
-1551.6048703182944
-1696.070606296105
-1755.1195893652796
-1917.2963293298662
-1491.1039736000346
-1710.9688700210468
-1695.5531915495164
-1587.674681201478
-1742.7156747632923
-1570.1954644645768
-1662.2273340947304
-1530.3924752437965
-1631.5773514227744
-1742.6129519871547
-1729.3996529013557
-1680.0236585458902
-1552.343551432861
-1704.559141094293
-1638.1167220222076
-1799.4185822743048
-1544.201109216367
-1610.7189660793053
-1721.2725592591753
-1722.2920444643712
-1829.3132034709645
-1699.8185042688901
-1659.8271397760652
-1593.9519873988631
-1639.835552322931
-1622.8590261940612
-1656.8321607279559
-1865.641481148004
-1534.8619208605799
-1759.1721651873281
-1531.1881503955865
-1645.258805624312
-1502.2539709585947
-1650.0268619276462
-1661.400294364628
-1635.5341793437744
-1690.0886201681267
-1654.962396439634
-1567.0478264665528
-1755.9716327533893
-1396.1962946298183
-1757.1501921987287
-1482.3396356308026
-1557.3079828738043
-1917.2381476811033
-1724.5355594091645
-1639.8055210008565
-1531.011732325678
-1879.01998807676
-1719.9605515017895
-1648.6764294656166
-1824.791921939244
-1616.9044222517255
-1805.6760753701565
-1469.5600136333412
-1692.9268156902895
-1589.1318577772784
-1650.5937965678388
-1733.0983807274788
-1556.7389378868208
-1342.5960275227726
-1483.4067814330906
-1539.355495608373
-1590.1332176756873
-1557.4190250456
-1660.7201237219551
-1666.4815042622747
-1540.0938197384555
-1557.7700868370707
-1856.8861703995492
-1644.9592101909031
-1835.2404805867475
-1522.8980299804982
-1637.2156665732027
-1658.51518925299
-1491.3852195433099
-1959.1849145426086
-1744.6925537141087
-1716.9172139715113
-1766.4119585695905
-1708.4219299593065
-1609.1253227197808
-1600.2050018283626
-1643.3979917811866
-1709.1168963570894
-1724.9031348326332
-1819.8801229807664
-1517.84971281269
-1675.7806979106801
-1736.7111026182054
-1617.0326494516087
-1572.3187281666712
-1600.653935884939
-1620.8503535019013
-1576.6060023839425
-1628.9142093661571
-1598.6905475294425
-1711.3606885465902
-1900.0168516162594
-1584.199968985469
-1563.9857349149665
-1689.3006052403643
-1501.026996312398
-1687.8936804056455
-1538.7044839982964
-1632.2981293248572
-1531.573325289554
-1634.6812021455673
-1513.015430955349
-1585.8884725311912
-1686.2868438854189
-1890.5719256565296
-1754.3607404444645
-1615.9631418597635
-1609.6182562936526
-1714.3291245420726
-1597.2342714244144
-1696.7841301276944
-1758.6192168559355
-1514.5396668676292
-1585.1283743519855
-1648.8394731361734
-1519.9270604729404
-1716.5133682327955
-1587.3784578378634
-1612.4275757133623
-1430.5464465299935
-1887.5336278070954
-1442.1592249091848
-1637.6688186007784
-1800.6769704675128
-1757.7352815705747
-1714.1977766633863
-1673.39030010314
-1510.2445423285535
-1722.079841733269
-1795.5744173032363
-1662.69214606464
-1480.9924975886236
-1732.6879637802085
-1737.6965810717468
-1407.1083862145417
-1733.7743780864814
-1506.1943276050538
-1700.7713209150277
-1608.242206883942
-1724.14566518709
-1654.992967894849
-1659.1209587134042
-1487.212812431796
-1704.887011721534
-1721.958346664111
-1778.2584834766053
-1715.3145860727514
-1818.8708481272788
-1640.4420832081553
-1757.3483220968214
-1706.1786190222167
-1600.143498272834
-1692.9357145385231
-1525.1403689403596
-1670.3660583945286
-1675.6462290022905
-1616.5300645438513
-1555.204533163359
-1610.6936903180906
-1776.872630523774
-1911.2834838120116
-1403.4985198620468
-1816.938138623959
-1606.5333320933876
-1684.5985070259565
-1705.6295016387462
-1583.1681204300444
-1501.6415175531465
-1816.8176475198559
-1568.7726083596115
-1568.7392867156088
-1420.6027658984503
-1705.1592790174082
-1479.3609337701662
-1582.7427629390565
-1762.6026901579737
-1481.3149555899454
-1705.3968967883898
-1459.6735849842912
-1787.1306951063548
-1740.7856934048993
-1502.7719497205228
-1659.755877168366
-1502.3766721736565
-1585.343367444563
-1546.0684123670892
-1648.3757763071044
-1606.409654815743
-1643.714322845989
-1644.1606482833695

