-4417.541981517177
-15019.330784884778
-16575.194946278054
-3307.8961867079374
-2982.8286838886174
-5292.2634679513685
-5255.939512546532
-4675.86614590422
-4716.069087273104
-5561.48160017962
-3139.0552598127933
-2469.0864094259646
-2491.490470106368
-2577.9027386786033
-2060.4951379821773
-2044.6029483266932
-2195.794752365823
-2310.7567208818496
-2471.750241245338
-2112.9861355157946
-2241.1287908928934
-2757.064371188182
-2141.8979324479096
-2385.214523562816
-2044.1907842672372
-2436.8380018585995
-2281.949396112818
-2054.966755603091
-2277.219913234591
-2134.3557473894894
-2086.53359418737
-2337.811090033439
-2121.2356559586856
-2325.110662431234
-1743.6769612209778
-2360.855803205976
-2211.343079788107
-2331.6371702865736
-1692.9560740159523
-1976.2962561012232
-2038.9880096930963
-1983.5779204782243
-1935.6971926014933
-2207.8684046017984
-2021.758432871778
-1957.533669381477
-1952.5700561444164
-2384.8055898680914
-2269.6774276757715
-2021.791335396625
-2097.122094181725
-2482.2313087009743
-2048.976242919169
-1991.9864958222365
-2081.463350537157
-1993.2478740077286
-2286.738307195287
-1818.3450536022428
-1902.7077337188719
-2052.497629627666
-2082.681299416916
-2186.1145838585517
-1805.5710819428662
-1789.8302616252492
-2155.5823706618144
-2055.221418748776
-1857.6068582959115
-2097.6533967923265
-1976.5613610891264
-1739.3630603083586
-1843.6104732477204
-1894.421935074871
-1988.9634541500309
-1934.1407431093626
-2080.275855710787
-1902.1112626780107
-2094.472281797235
-2114.2345143054727
-2516.205966984545
-2236.5419072733107
-1977.444610662774
-2141.5370617923595
-2361.3582839920464
-2346.60100221929
-2289.080898825892
-1985.4357323547918
-1935.9595331924227
-1820.317482107327
-2070.8207754599553
-2121.8075395333126
-2124.5262405711624
-2049.0042400231537
-1871.2410792316764
-1863.1683165692593
-1977.4449163112283
-1994.8289832414614
-2123.091352079205
-1717.873974764534
-2266.7440356255115
-1952.7777328585507
-1985.4566035198318
-2223.6147713508576
-1821.478244914516
-2149.7058965014967
-2133.119841181892
-1973.80079360739
-2235.5957329113157
-1778.1232927577978
-1816.6368125435338
-1716.7350056530104
-1877.7704668168174
-1841.5104985456164
-2219.144916314173
-1881.6612293692724
-1850.9302291333354
-2064.6251469234553
-1945.8930521704106
-2373.317671156516
-1907.7303994243152
-1902.2180456534666
-2286.0841470150835
-1982.1134491717348
-2161.0189891653363
-2170.7527185537783
-2232.4756591505206
-2099.5134239231957
-2132.5595846190186
-2044.6149852270523
-2139.642576526022
-2005.6948660113842
-2025.1753496652113
-1942.0169287771773
-1949.5675760962113
-2124.0761907184665
-2145.8417207101434
-2172.0726208650517
-2143.818451110297
-2074.068997083269
-2083.8621234566817
-1871.2719338253594
-1803.256787678308
-1988.3303629416116
-1920.0824445419992
-2059.763499130039
-2161.003729471916
-1794.4882831810885
-1751.830779983814
-1853.5252219498816
-1851.5111593730096
-1867.4655127151054
-2024.1569040203058
-1806.5586502632593
-1891.337767698191
-1797.6053917750423
-1929.1690505014171
-1854.2343588220706
-2176.8828923750207
-1986.7419121739829
-1853.3043545632677
-1917.6136456742795
-2176.496983368437
-1949.5515556359474
-1890.0504686162537
-1662.0829888556273
-1894.5472728892712
-2053.143147082523
-1710.6838318992666
-1742.8218775652965
-1923.8833523790859
-2181.111415008199
-1956.0696693346995
-1865.126147490575
-1925.0768580175975
-2140.849351116101
-1993.2181631203273
-2026.5932177692544
-1944.650317414337
-2221.027053091194
-2102.3836207451163
-2108.7127601404986
-2136.808931780368
-1847.4490332032567
-1931.3536694115041
-1963.1761212083118
-1966.6206091324805
-1651.6299082557723
-1942.079898388246
-2055.4159783354557
-1763.759972778991
-2156.2048422941634
-1937.2968643588606
-1964.3944150960685
-2200.1600432863534
-1750.0514946801457
-1807.3189693331228
-1736.4041170972043
-1516.6149554457347
-1967.22790529028
-1988.5405147579127
-1984.7578245270072
-1938.6800582630929
-1897.2172940144505
-1988.7670824372367
-1895.1879559546526
-2289.551870578273
-1655.0557757260372
-2122.056230771706
-1987.2520682185022
-1704.059388402589
-1900.9310457667527
-1925.2880383371507
-1967.659116976283
-1896.0324686662123
-2037.151080067775
-2028.615976692005
-1753.8651728809095
-2409.475455542896
-1707.579047246658
-1976.3494198733333
-1726.0168733124362
-1760.2873147290088
-1978.9543531147015
-1828.0582688767754
-1835.8539888598968
-1919.0774789696575
-1860.3559113587673
-2010.995277886653
-2112.9329358321893
-1721.3304133892784
-2071.875259376838
-1888.1315893728763
-2006.0310681520434
-2078.4008700363584
-1899.2729016962985
-1860.452969557217
-2095.490711269238
-1877.4443827213834
-1987.8317202547987
-2041.4989539167645
-2118.443402222045
-1786.903559841283
-2027.4095910966394
-1771.9967152034665
-2063.9891276512203
-1703.021821984163
-1685.7050813713338
-1927.4719117175707
-1810.1218390648496
-1709.8214751959383
-1927.0626267117223
-1853.3698205000305
-1778.3950454306864
-1548.852795538917
-2117.295496377961
-1915.1512773631591
-2120.342694878533
-1728.311674331388
-1791.278918882198
-1920.9307286887165
-1898.0562339834232
-1897.9284247291087
-1974.5816132892771
-1805.147712989438
-1851.867148961387
-1884.4823549376415
-2051.5162109627013
-1856.4258376171467
-1731.403962018667
-2084.0151087032837
-1816.3795610894722
-1750.704673705821
-2130.004924282366
-1794.0388112454712
-1781.5977514657623
-1892.6959518082188
-1918.624139216143
-1797.2538267081848
-1756.852634696871
-2065.7708234170836
-1744.3436077427175
-2092.7806268494296
-1886.340924062463
-1903.6760449616527
-1893.427944692576
-1768.686301074656
-1963.8777856199451
-1851.7231814646748
-1609.37550771991
-2066.8550020615935
-1982.5252854925964
-1787.78960687968
-1680.9741404905878
-1651.2665617227956
-1970.6749820513037
-1729.063740189706
-1716.4963566830156
-1924.6901171820696
-1752.8906202948117
-1655.8749936906438
-2029.5149239386194
-1891.307091108774
-1756.3971725370545
-1791.4922305383288
-2051.9146902592456
-2028.6731341259415
-1963.822014985409
-2053.4618136916874
-1838.8281424190836
-1851.614817636442
-2011.7588996940353
-1861.8130015739066
-1861.3383250466115
-1849.5448921924558
-1985.7632559959654
-1993.1252270139323
-1804.5969439844591
-1909.202607934067
-2031.783304273088
-1801.251144130973
-1538.2925110589758
-1779.5351956218312
-1889.772696197532
-1841.9813976938938
-1683.8775024359081
-1730.221388791305
-1829.921423339191
-1900.6349195810637
-1768.8595219383956
-1852.8374924332784
-1807.9333476009278
-1919.0254871573695
-1994.6179923005545
-2015.772074341784
-1894.5705202980978
-2046.6551731239629
-1802.0262302277554
-1913.3199398248164
-1865.9489931535445
-1883.1641212599118
-1830.824238792486
-1848.7428291008778
-2177.977188838972
-1820.7000929809028
-1996.0424945187424
-1849.488794787389
-1991.888162308293
-1875.2373782021662
-1846.6989261916353
-1958.0453833106114
-1939.8687198734833
-1650.2820727192566
-1793.4092388488014
-1912.446527037418
-1906.9654214749885
-1891.9598617603997
-1943.7565371918222
-2078.472687582874
-1694.8046674299776
-1694.7086599909314
-1975.1294543780773
-2080.5690009016485
-1747.222068460326
-1719.453608296899
-2078.1526009655518
-1731.1048921543684
-1837.2805096365796
-1707.4135511768875
-1695.721842831995
-1636.6112424539663
-1770.135106231902
-1751.5030501649705
-1649.300528893354
-1755.7652707703846
-1831.953348048905
-1883.9439468989997
-1813.204414223996
-1735.1745425400095
-2020.5577653256623
-1780.2463276450376
-1948.0228875521261
-1764.9419321838504
-1920.7449315975266
-1856.4495416939214
-1836.9570474991797
-1731.30758403695
-1757.74557313516
-2045.1383163504922
-1870.9009318769922
-1862.1196598544664
-1755.910991047388
-1755.8667089655155
-2045.6101586322313
-1671.4792192353088
-1805.5376194097366
-2088.0634517269814
-1836.8675538862074
-1799.286340065329
-1854.8097063714288
-1947.7620032413947
-1921.8803355356758
-1645.599376940926
-1668.7343266362147
-1972.8741785606528
-2020.464931303314
-1818.5407013962745
-1811.871016037365
-1981.2011805006014
-1875.7687566266877
-2325.7559008347966
-1675.6613487867548
-1880.4769482257466
-2105.3191086171614
-1734.5473067971054
-1985.1411342741385
-1598.4551279767172
-1934.5605018037759
-1867.5620307499119
-1838.09068808447
-1856.997099758237
-1884.3119657471243
-2133.3524748523905
-1868.1419665527628
-1794.6914437089658
-1761.3441246639898
-1848.5585028152354
-1888.550705577904
-1665.141678828379
-1894.4543566596858
-1996.0860901555543
-2057.593822428046
-1784.6175638277361
-1681.5303542403794
-1939.6164621692444
-1932.2464413884006
-1871.64214712106
-1827.8529863248605
-1945.4240406819347
-1751.9389000041153
-1930.928760685791
-1712.0518165694884
-1854.8453053420321
-1789.1537324601334
-1762.7262534455572
-2003.3186689836768
-1814.9369273437408
-1950.425278463643
-2009.824549162886
-1901.9329781800625
-1830.7983449414417
-1985.4856544072372
-1997.9376739174656
-1703.9772765386367
-2145.939670503082
-1837.5973969403003
-1861.4319202622562
-1858.6203934495477
-1850.9378426248838
-1629.8673093159546
-1854.366366620778
-1768.2883601200115
-1692.6732122075566
-1854.291539799372
-1783.1127640488767
-1745.2296487095678
-1773.5400804922795
-1700.4632536875151
-1756.788818061016
-1593.5232127141894
-1944.1361453459945
-1795.3584063395883
-1743.4613686721582
-1740.6535769479021
-1818.403388543503
-1828.1196377355259
-1775.5266367508639
-2021.754449403089
-1629.5225981959047
-1927.5832970248225
-1971.815167231722
-1709.4915306379546
-1838.4270087094299
-1978.9736332066486
-1786.7925358924078
-1813.628419524107
-1863.1550405545509
-1937.2107872978572
-1617.9040723903029
-1725.2791517199762
-2092.436931369011
-1816.1509706874588
-1916.2691141868324
-1813.5979908495517
-1903.947690778779
-1872.2330508427078
-1780.7458819707813
-1896.4876798950795
-1791.1195685064579
-1752.7448061888551
-1639.0299610018606
-1813.1884003815903
-1905.5771680629782
-1720.7769875288743
-1803.9518806449994
-1769.1222478768223
-1806.5775800734696
-1762.2459652907348
-1952.5616681509007
-1921.1673404321157
-1702.5095660191087
-1698.8155265629875
-2068.094324974271
-2040.8109026558905
-1736.3646582362367
-1822.3964528401625
-2021.8043856149984
-1873.2542014143896
-1743.802048613893
-1733.169614355026
-1741.398982889237
-1748.245635908966
-1859.3838630032378
-1595.6056856770563
-1842.9694385806226
-1870.6482599369638
-1896.1809067162121
-2173.728614480205
-1999.4518231201625
-1841.0029924806227
-1991.4623570687959
-1963.3493823759327
-1892.240724002387
-1826.7489805959742
-1946.822313130957
-2017.2971950159313
-1749.3805888070904
-1853.705264084174
-2020.427464702384
-1720.3387373569756
-1906.1029588664
-1748.5765023753602
-1711.1245630962835
-1851.7730158279182
-1539.5664665814738
-1577.61707916842
-1611.5372861253911
-1954.46002873572
-1881.1676063878938
-1604.2572777173932
-1738.2336335647801
-1793.8706419201205
-1854.2566279794821
-2142.9751470023543
-1720.5373585076154
-1665.7084848887368
-1754.1483205369893
-1971.8223992992034
-1697.5985097365938
-1715.4773966929129
-1940.5387160112175
-1820.1640066149278
-1906.1405418828076
-1799.139323055682
-1797.778761501701
-1745.7978662698426
-1832.85761432892
-1912.8220289343103
-1663.6110543806824
-1734.0918142196826
-1915.4250574326995
-1816.2957017991378
-1468.689881270144
-1981.1523991256274
-1709.7039008986862
-1913.4372941708675
-1824.258229660721
-1808.0509713744118
-1858.9506941003483
-1814.1745725760525
-1782.5239864942387
-1743.3285751997896
-1900.87819945803
-1886.0773677204609
-1999.084093932056
-1905.3572409574558
-1913.0175389953067
-1651.3928601724087
-1873.7868492659782
-2081.093204293741
-1974.1213623724389
-1828.1798302884101
-2028.0696066406022
-1760.3376560364968
-1888.06312326374
-1731.9719076208867
-1746.1291068052512
-1646.2190676460518
-1753.098703245533
-1657.407520608384
-1985.7252167666875
-1917.3834173083621
-1874.782265941294
-1865.7251036337477
-2057.943748700349
-2073.457926894295
-1790.4451712167106
-1677.9062123944864
-1768.5396074255439
-1758.5367357068396
-1632.0436250130494
-1728.444914964296
-1719.7550103223816
-1913.5978022630263
-1815.4660809291452
-1894.6059354857407
-1861.9406546113094
-1690.159179357765
-1960.0607029137163
-1752.0209672604767
-1875.2966278018791
-1977.0807958895402
-1854.1688088344147
-1709.8387916192278
-1688.80683976775
-2062.713151298293
-1836.3794517811414
-1852.945899878323
-1905.2129277944312
-1665.4124592944459
-1736.5702384824588
-1882.8071974136815
-1856.3338619044835
-1927.287659771353
-1688.753730707454
-1983.5851419858145
-1619.8063560885796
-1520.4200919089935
-1754.9742711383697
-1772.3606810260032
-1633.8133517791214
-1759.9004964835044
-1839.1151875475532
-1648.245468583622
-1867.624716566345
-1750.560451558365
-2160.3983421467547
-1851.9215857026193
-1824.4725893471316
-1662.8621848147127
-1738.491450352414
-2449.146023164733
-1813.1838444938953
-1996.0449974044818
-1417.0794384964279
-1984.621559587769
-2059.1280222969485
-1897.1165197345697
-1598.2238948581833
-1705.4537700100375
-1986.6273837848564
-1595.9697933134896
-1955.9749159093085
-1953.2341019678709
-1795.1947234560212
-1957.2727604818972
-1608.8998003635845
-1746.8817383676123
-1720.2344176667157
-2265.510817490958
-1955.588331773221
-1725.9315191905064
-1891.6326639182012
-1782.2107084571492
-1728.6701878360584
-1825.1506349882347
-1868.0741296085496
-1853.151013755989
-1904.7782699350591
-1941.5774373091094
-1633.5004970030295
-1699.783576627015
-1868.9910418152856
-1643.1588782457322
-1616.6918733194289
-2061.264037132739
-1830.980788317977
-1873.5315281182848
-1794.8065190588634
-1744.2136206976472
-1698.395266051143
-1920.1096487115421
-1739.3772530673357
-1724.1314138586079
-1828.4803264907541
-1900.8273239252817
-1756.215192406603
-1762.3786263745865
-1835.9907341587625
-1997.7780877094183
-1516.9157456135185
-1624.6894624104125
-1657.9220051503703
-1684.64863139352
-1576.3961985863682
-1960.7005986383078
-1815.0381330185076
-2202.596705222446
-1746.7105218247673
-1755.6440410100797
-1831.1787937507584
-1931.2068201048335
-1830.1515818858911
-1704.2866444627819
-1711.0120229105314
-1858.5811692305783
-1708.7969525952894
-1895.6573111922135
-1919.348815370284
-1828.072537016774
-1864.0985326432794
-1682.459885759974
-1784.6900768593734
-1824.5986706786862
-1815.396515152025
-1704.2998988061518
-1722.713954477021
-1970.0373703774078
-1911.8086440735178
-2143.62810169737
-1699.2865483157611
-1747.781840098071
-1817.8560578986508
-1856.8274640498369
-1847.234585012565
-1721.6116023796924
-1958.3243042344495
-1757.2003009018952
-1765.4784709084502
-1766.4187399257846
-1953.4585538412523
-1974.886055854657
-1734.6680060325275
-1644.485569792629
-1908.7063911627595
-1764.9208338074823
-1812.2209062036975
-1702.1915876567637
-1983.2595945654962
-2178.396385635453
-2101.251574258443
-1951.384306835535
-1842.869453448755
-1933.6234079189112
-1592.4555436622045
-1954.9572603484419
-2090.752995425117
-1765.3868756444413
-1977.5359487979824
-1935.4879772668623
-2066.358207964934
-1762.3502067798054
-1938.1023489268798
-2147.535889826068
-1833.0918447642505
-1691.6231611860965
-1787.1878240548072
-1629.2892749705231
-2132.9385308151886
-1769.9932101350055
-1694.9735868642765
-1866.0118134298637
-1978.8577073622287
-1763.8679348571147
-1709.7829408506107
-2056.8128627534247
-1971.490841838731
-1767.548960593134
-1690.8579886518949
-1634.153235591582
-1695.2505752434345
-2057.2819311423177
-1696.677900855834
-1858.0420068338126
-1851.8253508821772
-1694.4563289154812
-1550.7508604406432
-1834.552686523014
-1903.5765044199577
-1746.9862118996084
-1681.0213533836827
-1874.4906519728613
-1823.9537470617802
-1729.0240605958184
-1719.5424841911286
-1896.952725146254
-2061.5507102317792
-1901.7357706133607
-1956.0557089184415
-1663.5699748452655
-1689.4582667821014
-1926.1083488581858
-2241.052090595016
-1892.1327387287672
-1724.4645139603722
-1821.8490992483637
-1987.8925673045735
-1866.391839277367
-1814.8339661029029
-1769.957927937921
-1711.7658925816688
-1696.2059473369388
-1860.4536344990008
-1947.1591694136218
-1904.6117358568424
-1816.8866214340028
-1556.2746653076058
-1823.5215015090675
-1861.3624235670538
-1808.4479945306484
-1687.41753382583
-2010.968695878009
-1928.7188990029515
-1777.8629927106242
-1591.2881337428016
-2000.6124618941496
-1799.5993626382092
-1783.132002617818
-1763.989512619385
-1745.9847480633741
-1812.5893431248642
-2006.8986105166434
-1814.55732719981
-1757.6498391331522
-1613.9897039239922
-1801.6619346437758
-1596.2714944292384
-2109.63196477057
-2097.198243887011
-1852.5131156495622
-1638.46552711917
-1648.149263814046
-1791.6987266705148
-1862.3242205380077
-1869.4353217674704
-1832.4782538936677
-1654.4302721281015
-1822.1217114622534
-1857.4397359148563
-1636.3441602150554
-1662.5129799488102
-1797.881383980535
-1698.2520919729088
-1722.8633542883258
-1928.2798974132177
-1602.8095981092374
-1837.578610595368
-1688.5705600479675
-1729.8140419956455
-1749.0768310127407
-1821.661350261122
-1723.195238833256
-1904.9113453270725
-1737.3564585775823
-1935.8585065749548
-1739.9090439438958
-1808.7713949845693
-1940.4790476828523
-1656.6481954600624
-2056.522027788854
-1781.7823854069075
-1876.8892755381546
-1847.5383212941936
-1900.618931671701
-1616.0556350495517
-1929.5540442794343
-1811.374214906769
-1806.1453951076007
-1665.6374669556253
-1759.8246936559995
-1845.98728781269
-1684.1169995149605
-1885.478539956652
-2213.727488331708
-1584.2193171361546
-1869.868966466519
-1935.3354066132256
-1752.5065369571175
-1764.8552992276732
-1575.3439315951578
-1673.055694406752
-1975.5165585624827
-1983.1705320605993
-1727.9276667331615
-1750.8930246928826
-1772.0163997147995
-1786.5862825248958
-1700.7507074923117
-2066.994419967804
-1748.01328459031
-1759.2854277464683
-2007.4325981105098
-1747.7181917724931
-1918.342563892109
-1987.285752271157
-1870.3260132378641
-1881.878880196431
-1832.9897943460483
-1932.6598118090926
-1627.9641188879662
-1842.767018808944
-1699.2983004286343
-1712.1346478460237
-1654.2834524379289
-1763.0842505490252
-1891.5963636614113
-1934.8576694960855
-1760.0484567386554
-1819.8935273679324
-1774.3752234739693
-1960.0403637018148
-1974.8791024473885
-1819.946258371087
-1766.0447604499461
-1843.93125680139
-1746.9141456479726
-1791.860983713715
-1763.3450089145183
-1646.1385422083677
-1619.7457371526577
-1902.3597596092893
-1669.7446604750899
-1769.7394078354191
-1693.881698521114
-1735.8947331428578
-1858.3238581863486
-1699.1921161113148
-1556.514055417227
-1729.1938984787848
-2057.1240278461023
-1929.0950479231665
-1839.062534206594
-1568.0229750394867
-1668.2364584121415
-1619.770788826432
-1574.4686414058986
-1761.5771134240497
-1629.4420729585386
-1824.4836109458902
-1696.0957181937838
-1992.0643091545971
-1903.8096626449837
-1763.757042599231
-1873.0135032206717
-1683.7843309226027
-1709.023018345316
-1748.7940201458962
-1708.2366997505271
-1688.5210198832212
-1893.138341067774
-2162.8074104225966
-1731.0115586038673
-1826.285396531782
-1634.682161650275
-2008.6740285288745
-2091.619729580925
-1913.0939813912742
-1791.4755795372207
-1951.777282744574
-1622.9287266731742
-1632.707721447741
-1745.673677644763
-1764.4952387586522
-1795.5213273465647
-2001.314080456182
-1722.7460143057274
-1754.4315878161283
-1772.6736200609482
-1615.6553882690748
-1814.4710183534646
-1982.2028575902348
-1997.8996008265876
-2021.854904396475
-1589.9122741454544
-1937.2872342285102
-1950.0320178105837
-2046.978949659814
-1786.273193845969
-1779.6744084798931
-1874.6039286640348
-1942.6450026595517
-1789.0862019499389
-1697.037734685442
-1712.1769358186916
-1684.0132861958457
-1935.8757986812109
-1713.406274825396
-1653.306391184835
-1912.3854377574971
-1713.360375532893
-1829.026232648641
-1819.339225263577
-1848.1353239292823
-1779.9298316207435
-1698.6051711334192
-1844.8149378762748
-1551.237134453111
-1971.0645138406924
-1984.1466899168229
-1940.660073690772
-1592.4548631804814
-1760.4276756764675
-1775.6363824914508
-1866.0607454983447
-1810.966819545066
-1829.9597827061828
-1679.3190544298186
-1779.4408030956947
-1937.535427271067
-1823.10664326766
-1638.3390921866885
-1624.9217161897056
-1759.9506415593085
-1803.2504463731898
-1817.5857769889064
-1827.5246436218833
-1763.949058928556
-1789.2117250507642
-1729.6481030613525
-1653.9309930643383
-1705.1290682421222
-1673.9930515273484
-1841.2537048341242
-1750.1752395269464
-1765.0598027317403
-1939.8766784513189
-1827.911552409554
-1806.7680558892787
-1832.8286997766425
-1765.2426478389118
-1675.891500562997
-1850.436131301393
-1715.6969673829456
-1844.5679902607494
-1747.8064532109202
-1724.3438625618696
-2059.1006747167253
-1781.904695954029
-1632.911573852211
-2012.6780583673199
-1766.1566519774854
-1729.526619550042
-1849.9766478974957
-1649.0427008787772
-1684.1378429069434
-1782.3614086407058
-1794.2446473274854
-1721.9667033081466
-1877.2841186048697
-1767.5784143495273
-1705.6689756681042
-2068.7696634063755
-1827.5220758486937
-1667.3306874261998
-1914.310824085399
-2082.486389355887
-1752.9372703112813
-1975.8380024654998
-1947.5232552928137
-1829.0291134705767
-1694.991620860501
-1493.192442154326
-1870.0523847661966
-1774.6102766371628
-1765.5768103608277
-2114.4606548656147
-1960.7981425293372
-1953.8426156660057
-1681.7395155099862
-1946.2851473225182
-1839.2100130929477
-1688.5440007690836
-1724.3860044701935
-1752.6070278941713
-1705.254043415797
-1761.936781408788
-1738.6302480807149
-2051.2242042394537
-1706.7212920599154
-1742.0098398800094
-1641.2664543367637
-1800.0359674450226
-1657.199146633025
-1982.5871679450786
-1694.7582799555476
-1840.6548480260471
-1840.9423062683247
-1814.0432551071283
-1933.5328643057958
-1859.631438438762
-1503.1088364507068
-1755.900462048524
-1656.5314925995517
-1798.4817645786763
-1627.374357411661
-1927.9734370843853
-1779.1198895266257
-1663.2485088075955
-1783.8025213045619
-1943.5562418200807
-1672.5727540391038
-2035.7561954661487
-1588.7229224958146
-1763.7854344560938
-1784.7421926999732
-1626.8688272800732
-1858.2517614895387
-1562.9235708818894
-1669.7835580109074
-1842.7990823419411
-1702.5707135595405
-1646.0126507711063
-1620.7290185481615
-1784.9459677000439
-1806.7991157198783
-1579.9053002122928
-2077.892602395366
-1744.4510987506853
-1623.9492449480852
-1740.991291070739
-1823.9675544299553
-1830.824321615904
-1790.8938049056994
-1761.8956186340813
-1625.1429998718872
-1605.536485483746
-1646.8361526300698
-2016.744033180777
-1724.2365222035248
-1599.931450061328
-1813.622993525382
-1739.6224836565639
-1721.6419976502461
-1727.0817566964856
-1810.2652107136266
-1891.0443541048096
-1867.0892582751083
-1782.789866670812
-1878.281697209879
-1881.4381166155608
-1609.4590732469615
-1722.5878354664524
-1887.1886757604889
-1799.2943475629374
-2026.6606575520755
-1646.7516460227484
-1770.8658644235377
-1706.7025848765886
-1823.2820925244694
-1735.626647118948
-1707.9943844034071
-1680.6806523388373
-1882.0314644348925
-1736.0136916532595
-1760.7614313804322
-1842.3552949038226
-1794.4389307565452
-1883.1713707556273
-1674.2801753855476
-1886.4607417203313
-1820.1903878924975
-1848.8809407512426
-1790.5587252801997
-1661.0289052741807
-1807.441660281351
-1890.7418640843246
-1835.6126460172773
-2030.526616561451
-1836.8456274221767
-1787.6205149264608
-1916.4285172658342
-1962.7792217122133
-1644.6146194795365
-1737.2444848813423
-1807.2360408140185
-1818.3469662514444
-1736.0966111780267
-1791.7898685593475
-1783.86150113809
-1829.9832203188598
-1817.2546664275603
-1607.8309172210322
-1802.6866818528192
-1711.549829953716
-1839.132975777552
-1633.492545353388
-1778.3761055592536
-1844.4675547523973
-1761.2619530975358
-1731.3626539064594
-1935.4838510933578
-1796.5111145557225
-1586.972824954981
-1916.9959035115974
-1717.0353273991034
-1752.93500630581
-1871.5468446723942
-1737.2311394393955
-1660.8104076871587
-1839.237960495097
-1893.4406513342474
-1779.3283357719745
-1797.2398143798946
-1826.2946024135001
-1618.0223876758032
-1711.4695989699917
-1897.338718443262
-1708.2298910234606
-1685.2565656551951
-1727.8585000897988
-1841.8410293550448
-1704.8964379898673
-1842.585719762354
-1596.4945483017034
-1926.4667217232598
-1813.2473195631053
-1723.1573666141967
-1736.1193015991844
-1739.5187936922575
-1885.770848422324
-1770.2180060764692
-1721.1719204977594
-1850.4098545531747
-1912.6836105596676
-1824.5579282101446
-1727.726133699205
-1727.2144413043727
-1749.6566938336919
-1734.2031320779247
-1721.4388456949787
-1741.7246784079975
-1895.516433788199
-1705.2950618922528
-1702.0832048893446
-1666.8340263672878
-1743.5054510118825
-1499.0388474851054
-1950.934612936417
-1997.33947884046
-1554.6630804615895
-1812.456389238118
-1640.1108552940168
-1997.2003511592334
-1948.7185795960327
-1798.4170614751165
-1787.0189762098855
-1654.9820142432127
-1755.602203698426
-1984.6706088449419
-1759.54353868279
-1744.9051812709006
-1850.5802936122393
-1859.346790804332
-1753.954522626418
-1598.6520908269592
-1738.760983635589
-1615.1013098212038
-1821.3501165392806
-1859.0609729875575
-1797.746338144738
-1750.171582055212
-1870.4096951885065
-1923.1928445916192
-1761.5087524681664
-1712.8642464627303
-1826.453276339494
-1810.9554523349161
-1622.7282978726319
-1804.57755998729
-1754.737424458746
-1781.3524403359338
-1500.0754178792763
-1958.1981065290977
-1703.3468576909502
-1923.3558003684643
-1775.1270825272675
-1788.5165397104233
-1788.7696954373143
-1761.4843768516969
-1829.8706255906422
-1799.6410703778
-1526.7892072779557
-1705.5787602312707
-1833.5558353102354
-1980.9412812147266
-1752.4634580963198
-1818.092078983814
-1701.2251083672406
-2052.767801291105
-1666.9013355404509
-1749.1531662849966
-1669.9462590460516
-1567.4297436947768
-1762.387922960584
-1632.3055514734012
-1884.6631617694866
-1905.9539575185206
-1940.5023392993194
-1819.0540945711618
-1739.242971181389
-1820.803623950114
-1826.1560566893843
-1899.6222592447157
-1810.8651641231697
-1954.176265182562
-1867.1804198982657
-1708.6299457504938
-1812.9891564640097
-1851.5058663251043
-1765.0309493024863
-1806.9806271955533
-1917.2548552326368
-1872.1182049846168
-1767.4403160463544
-1738.9900653837929
-1939.6260339932055
-1815.9430056709682
-1639.1630809127332
-1696.4058820138746
-1780.986857059859
-1886.8198975622247
-1841.2692641168278
-1801.7472801013946
-1946.0293495237831
-1652.208205141634
-1870.793145064961
-1642.913207246844
-1644.4588473188833
-1591.2971939730946
-1692.0808708419002
-1654.788155931331
-1814.2829674110228
-1721.571702631695
-1753.3740206196744
-2013.595432322111
-1754.806153082744
-1760.837025375311
-1762.834424616465
-1954.0814751681621
-1754.7528318100278
-1827.9482023729943
-1790.838844624161
-1601.6827942951154
-1643.0231278997446
-1880.64003436437
-1975.3277442938463
-1705.6858941913297
-1824.0493843798329
-1928.47838299712
-1660.9501035088106
-1956.6241798675487
-1825.1920637340618
-1856.1298199568596
-1709.985417337838
-1797.4734435008318
-1879.9274580209826
-1751.0779718134652
-1778.9207398767464
-2015.452546955575
-1596.9303094463187
-1530.2536195984787
-1843.9492350467135
-1870.7057776788415
-1733.4522692599842
-1784.6051271349104
-1671.3725972237755
-1666.8706128453011
-1738.812256946404
-1545.9244746407735
-2142.4405389743565
-1837.6612611467474
-1723.481128135752
-1830.1552237537703
-1918.7847231158423
-1760.5016335693033
-1875.8257803161628
-1531.6290223182352
-1761.6849359259734
-1666.484229939459
-2080.233601523871
-1805.0745935921655
-1815.2190755808092
-1702.5007690453208
-1644.4825630854093
-1713.5264683689745
-1890.4219445791953
-1729.367900347518
-1933.4627166180069
-1751.6786959670505
-1803.6207031289264
-1565.9122711948646
-1795.8020005834237
-1777.5278242019124
-1632.567800947098
-1827.3051352536177
-1872.6441695355334
-1942.5926591403036
-1654.5779135871499
-1840.4847178580478
-1732.254022031028
-1785.9131277639474
-1802.0846396061968
-1812.0322124696263
-1773.895556604163
-1692.172052181354
-1739.499948575676
-1685.8281989204581
-1729.9398065151413
-1683.845744816456
-1809.499871598618
-2133.739949233399
-1741.3088998855
-1906.5300073461567
-2034.2698692903516
-1605.5953775062371
-1713.5950679546888
-2005.3130541251253
-1833.6141515274535
-1947.1444061794625
-1914.0324350035876
-1705.8957314456766
-1741.505137419028
-1794.2674789018577
-2011.221789013254
-1669.8822538788365
-1679.112758093789
-1567.205242431412
-1965.8716949868842
-1711.5630674482632
-1686.6725892086256
-1926.7623580273776
-1670.8661153559215
-1630.3604662267846
-1751.9641412647834
-1782.952142367157
-1749.3292881532905
-1705.787751100831
-1812.5943218268135
-1788.9826053695735
-1848.4501809398992
-1789.5494078525476
-1746.946648049998
-1719.259886293902
-1869.6316260719855
-1689.1326632139246
-1716.102457352672
-1967.3291619412269
-1637.8599147737696
-1695.9853494233014
-1705.1088350573748
-1594.6384935735052
-1655.0332510851654
-1619.3456891748472
-1659.8112646545778
-1688.6211390108506
-1555.575828538049
-1841.8342728370592
-1826.1151869395426
-1725.3791318590634
-1601.7377993831008
-2003.2858555913758
-1949.4428338809485
-1714.8991702792293
-1669.4608582155279
-1767.3049687394328
-1870.7006817927806
-1857.3085723813433
-1955.5353356599883
-1802.0157975443158
-1616.146814661113
-1757.986105637837
-1730.9668319946825
-1687.5400973553872
-1690.3310402822924
-1944.2923089691833
-1684.1762968809262
-2034.132742568204
-1716.3898998907612
-1784.102390411276
-1800.4359902192834
-1756.504625484801
-1923.058659954653
-1893.7357234340052
-1533.995552696316
-1710.3078264075032
-1856.1812238954926
-2408.264830202883
-1760.3527029742188
-1875.960699153423
-1669.1757919325423
-1566.8527911145165
-1706.2303410041227
-1909.9353090998943
-1603.0252318362207
-1868.7003245883952
-1689.0385217868038
-1856.6672690954847
-1758.6547106571675
-1847.6819270136446
-1717.2766136852206
-1719.361025201554
-1829.8183288106572
-1935.9904045878532
-1825.9701903010591
-1759.2036693486414
-1644.430095961278
-1832.4484981442622
-1797.728522117864
-1805.8668499183989
-1625.3869763602065
-1702.3085122651053
-1885.5804706534639
-1764.05947043199
-1652.0815605609007
-1874.3875862672828
-1885.1201959300822
-1813.5911461902679
-1956.8438519292956
-2072.3140828877017
-1985.0117123960479
-1762.2289331574616
-1992.6978483976225
-1782.5742024915412
-1820.9500868895789
-1875.310966041856
-1855.3481326756867
-1846.0701904168754
-2001.2518120424652
-1845.0873053222836
-1765.985497050627
-1755.438644763292
-1627.1898912217075
-1754.4110854508774
-1850.3090187225682
-1975.9276743054916
-1811.942799531422
-1551.3532504144177
-1613.6511396076523
-2105.964591358012
-1644.7649978984514
-1714.1133621280485
-1888.1739959457664
-1969.2877271124162
-1687.6184994938349
-1935.50596002495
-1667.2718430235896
-1666.0448658135222
-1729.18000792327
-1544.3323871406762
-1871.4128994293214
-1744.9912908814686
-1927.3650617025933
-1660.517539087949
-1742.6639933581846
-1695.3128311687915
-1736.7953238872624
-1869.4407759813919
-1805.494798669181
-1695.7358191063493
-1915.9587548901052
-1780.9596812281848
-1902.1426956963041
-1660.339751835415
-1803.0523997777764
-1690.4388401300596
-1850.7447823445727
-1896.088378550547
-1780.5757978935246
-1812.491576797664
-1954.4302580733013
-1668.0818683395908
-1728.6513780056653
-1598.9992514423257
-1740.687953720157
-1567.882165166015
-1773.2931643305762
-1852.538153983961
-1785.463340021479
-1919.419995000875
-1872.485829245235
-1835.2749598126675
-1861.2789877422158
-1629.7408376806115
-1888.6407163477259
-1712.119452552536
-1892.1939288520718
-1682.01617372011
-1752.1361924549724
-1692.8195500801346
-1888.2305164625493
-1796.7016540264733
-1903.824382917553
-1677.8691602726847
-1798.050624596435
-1744.6557261417365
-1612.7918476671364
-2052.572393941507
-1687.007240389715
-1709.8895852331384
-1675.778152140246
-1846.3445650855117
-1815.3743641938202
-1758.4808261720245
-1766.5797987706683
-1728.9429715050921
-1953.0199793879844
-1560.7232831564713
-1624.3646321996314
-1915.560829475086
-1765.607067131881
-1694.9990811272055
-1780.5959951955483
-1584.8402611702397
-1829.0086490166034
-1859.6276106808355
-1833.4801598202923
-1875.2395338969222
-2012.1784638711285
-1857.188070309392
-1602.8469555856786
-1910.2893582365548
-1604.3539582171093
-2160.044326173806
-1750.2260812623033
-1739.4333930718742
-1661.4173368900688
-2090.453303399334
-1951.5676264488984
-1656.489593853435
-1797.679058227075
-1933.0943731335096
-1595.1699561227665
-1973.7703987287507
-1827.362675378103
-1617.1440944039923
-1953.3364082161936
-1898.244888912116
-1760.3286991034051
-1568.5488218736664
-1632.6869551963214
-1516.2614987862767
-1984.8603359843762
-1757.668308820582
-1845.1647247345438
-1615.3312342729805
-1925.916416476819
-1833.8662270695236
-1808.198379567611
-1717.9345001918452
-1793.5712008402847
-1671.1022159594806
-1830.1384049321332
-1902.5838895833176
-1522.9694633677066
-1931.2286511858927
-1577.939234405736
-1691.2688149123178
-1913.1055013259215
-1903.004252983324
-1827.8100414532087
-1697.9433233592758
-1891.422960700214
-1906.0392537433584
-1749.2544690500752
-1899.5898460508395
-1807.776444133363
-1721.0123680791585
-1887.1464456472213
-2043.2829038758914
-1982.4663743260528
-1806.228275342276
-1841.829211849756
-1809.1829083460234
-1721.4773770417535
-1776.0263477960634
-1758.0162530480002
-1736.5863715766275
-1750.6288502798027
-1711.1062848958593
-1722.6166027284935
-1609.6064099593966
-1632.6162521529182
-1866.299398779469
-1959.1755517023284
-1787.4913844302257
-1694.968977082859
-1808.0962261834054
-1877.0287182283307
-1849.0014940381634
-1911.8119927236821
-1932.1417240006097
-1706.6164898824475
-1603.81954689019
-1936.3722206273576
-1874.733752689143
-1748.5859065496188
-1801.5537356279115
-1845.6297149103632
-1606.9290373369072
-2012.0440242462248
-1780.431112548962
-1993.2514651750796
-1824.3695176651054
-1762.8130610400199
-1668.1829791890887
-1956.250893104076
-1750.284615774002
-1802.853840616709
-1673.412208771157
-1748.3667310327735
-1847.600139239036
-1639.190887016117
-1952.1460272682107
-1776.3055024856658
-1853.3419553503936
-1722.3188378376308
-1561.7063927964575
-1719.4816437241204
-1638.8588059066851
-1732.6795312548372
-1795.4253410898207
-1892.4159917602367
-1615.1264778717423
-1784.374826347097
-1893.3103588101926
-1817.7475800985048
-1883.1840786744624
-1669.7458414523187
-1936.7089165149803
-1612.8657183636626
-2008.5528530502056
-1799.1847945336144
-1754.931566759645
-1955.2888828772238
-1763.7261826643146
-1670.783558000922
-1952.2764952379373
-1806.7054233883687
-1664.1178078974415
-1710.8154569909047
-1885.784709342833
-1720.6229744450086
-2098.9737398385882
-1667.019594306875
-1767.2288083891497
-1749.4375205040894
-1978.6097217322067
-1801.1395721201193
-1768.1193807122788
-1962.9870525965168
-1631.1537553412713
-1977.6036341646147
-1887.262997443303
-1817.6102071287044
-1808.7005401307772
-1619.8338631652286
-1673.9621953886883
-1953.051169409691
-1597.6754200114299
-1921.023137879707
-1726.7854072908058
-1733.3623941529995
-1916.0181799845077
-1667.7610143042639
-2007.0077925214487
-1732.4888315361536
-1947.3246576905537
-1787.137539749652
-1676.6506655602907
-1952.7212963863535
-1806.590175497509
-1655.0249013446848
-1607.8240076116767
-1776.7501910058133
-1978.5146119878857
-1702.0820610778155
-1528.7828477075968
-1542.1663009393594
-1840.6550145086098
-1943.2537230612309
-1895.901612053312
-1758.4607472747966
-1710.7912660716722
-1727.8284756353544
-1886.190512123656
-1739.8923128969077
-1782.8954527685712
-1735.2417027176434
-1731.0472579579487
-1853.0879603847975
-1726.195232978242
-1756.4109199579912
-1635.3591611034797
-1774.2857605616887
-1735.308643427067
-1700.404230557976
-1841.8789974569822
-1894.2171623895802
-2016.082724445843
-1810.280460299456
-1942.507359610583
-1936.3333146276502
-1896.047729387533
-1798.528082746451
-1995.382774486283
-2088.280958413117
-1873.8110033200371
-1803.3014797601254
-1852.7299599126602
-1585.1969588479421
-1548.661699559798
-1890.3985065863658
-1710.065388243906
-1687.37098210044
-2000.7577825378244
-1928.0774108851074
-1703.1151900633995
-1902.8046383352403
-1787.128579779613
-1726.3661802241127
-1686.3934941758407
-1971.8442290745488
-1635.4729344762038
-1795.7325428500565
-1855.46344075106
-1963.2255016948247
-1730.9316952316178
-1678.407539707165
-1695.3451435227546
-1849.1443668510924
-1802.0236564301395
-1619.632198065023
-1613.4366982052459
-1631.4752509001753
-1505.5432242275767
-1820.546398951832
-1757.2062735969905
-1872.227762583998
-1732.1959721953533
-1810.220337480884
-2020.8211917042686
-1756.2947695798466
-1936.1005489244344
-1884.7325360721609
-1834.0040225353464
-1822.7748746602463
-1667.314220459365
-1810.637702546396
-1778.6888008767612
-1737.4840797672578
-1739.688616315526
-1809.6519959517593
-1635.6871380639457
-1910.0398917551338
-1801.7566776497704
-1858.4135687577323
-1711.8972285247278
-1719.8201852042575
-1646.106039560968
-1828.4594700869288
-1865.2028400000358
-1865.0917081400921
-1785.5778616660602
-1863.5314984702193
-1544.3217678181486
-1705.5401944819496
-1693.1869532239737
-1783.4984550730514
-1683.722631461713
-1859.6331391769252
-1841.7309222302006
-1704.7319337118033
-2084.6408024262028
-1800.8556678865996
-1499.6260572499975
-1648.8282162326084
-1703.9519900199953
-1659.1252368140597
-1798.1622735351718
-1695.1678950321045
-1678.028480042013
-1718.7837135504228
-1810.6343086722554
-1743.1740726981477
-1874.6095823732715
-1664.140031586012
-1900.9860326961696
-1683.4659729555028
-1821.1091969956055
-1778.8530378179712
-1669.454916223419
-1711.5866893923312
-1965.467104180047
-1629.7074973708616
-1838.1221747634906
-1869.7263711429523
-1998.3530037708656
-1816.4500711549224
-1746.3281573107488
-1855.0469351761265
-1732.636059547187
-1849.7556149725328
-1770.4096720929995
-1742.7809439289447
-1846.5509481077763
-1792.492036335207
-1735.1275990397266
-1854.6539012917344
-1793.8166624401385
-1732.006053361911
-1822.337179104316
-1805.5910893309942
-1643.335696621266
-1921.0176087604864
-1783.6026924809828
-1761.5188698759064
-1838.1547893672716
-1450.0859450427442
-1915.1626306018427
-1827.4822380654048
-1776.8772271434198
-1760.7692252651063
-1779.309216930973
-1831.033657553898
-1889.4106378023237
-1583.3650612579015
-2167.3137903479737
-1850.0183636627696
-1785.3289517933276
-1851.390616877712
-1726.018055450195
-1750.1511705044484
-1723.1834847979208
-1650.4910734498512
-1819.6223207877008
-1739.0811213294376
-1970.1112472414309
-1842.0482105415745
-1846.496986871656
-1593.1460881282676
-1616.4143908651397
-1812.5652829377336
-1892.3292337917096
-1840.9196577308105
-1801.211047827966
-1840.892004322589
-1587.8105074511277
-1883.7778937576302
-1615.9994340189232
-1737.2067626022874
-2107.3745806149873
-1585.3764756722492
-1651.308151240686
-1519.5719865212386
-1555.3621646488903
-1727.3617839788062
-1560.2474996011497
-1987.5153644117754
-1612.6828947714876
-1837.0034493351081
-1840.2995060948435
-1874.435287036857
-2042.9451136485627
-1536.7872973907772
-1794.2760112416122
-1615.959925110466
-1649.4396445663508
-1551.2537528527555
-2115.2526942151467
-1813.4657699749112
-1908.7769539268081
-1679.3703331475479
-1749.9924519062265
-1816.0860296806125
-1780.5297759515015
-1557.7990606412247
-1568.5766787279395
-2004.6271648467396
-1780.708848595795
-1670.7314910649966
-1960.6026337898977
-1797.6179708904335
-1860.8392982191206
-2012.3554272248764
-1737.3230060105784
-1509.4552801645002
-1814.2739766138136
-1919.8476599241915
-1896.062858270799
-1754.6931776067659
-1931.3193621315352
-1758.8036748906425

