-2950.638833567903
-2970.211517391035
-3805.960611584293
-3751.8420024581715
-2796.324463994786
-3039.860305680144
-3143.3024565239025
-3715.4992758607427
-4281.890709809827
-3415.4502934786565
-3536.8136417608775
-3206.7020353621815
-2375.212691855937
-2389.3520373962324
-2326.395064240171
-2130.838938087006
-2299.7748110947914
-2458.561588311536
-2560.8378512278523
-2715.4538826757403
-2051.055574669402
-2646.0860635710837
-2112.8024919854174
-2285.57428447891
-2606.8040238732765
-2434.7087018752377
-2340.348193076555
-2105.5176012939314
-2267.2735625330183
-2208.5667470089093
-2225.2108288990057
-2239.125966176845
-1965.7812385706275
-2339.010562386494
-2132.581187748404
-2165.434564807642
-1886.0880762725342
-2364.9055491485014
-2069.4912066141314
-2156.642410564416
-2094.392706250846
-2202.630305937071
-2128.299654285883
-1742.207489415542
-2186.1279721088536
-2080.5889630808874
-2094.0834875014366
-1952.6782521607365
-2504.3413566463623
-2088.1457551598132
-2155.3993859051666
-2404.3182631988793
-2197.2274661863976
-2509.47042049328
-2095.750762444378
-2157.7544215890916
-2215.8810650432692
-2088.2177281520235
-2268.427589263378
-2497.459435153716
-2048.520939908407
-2127.013501938299
-2201.5158363214814
-2075.646068276828
-2029.9238452571758
-1935.9924798050754
-2137.8674943799524
-2499.152216404876
-2297.745470970472
-1914.9731734539764
-2129.0078166248886
-2242.8195849638687
-1897.187305745735
-2161.370838705338
-2281.9275317656866
-1908.278499294143
-2220.9767637632567
-2197.3552247396615
-2071.5317395928887
-2148.5837764216567
-2184.6108028352487
-2171.214401385821
-2135.014454322995
-2158.8911798633553
-2409.1428289189776
-1771.4246941641024
-2354.736538298911
-2235.566770614212
-2240.5891514817295
-2174.247799372932
-2183.5779640102883
-2175.929015994861
-2133.9367319158773
-1751.389881951637
-1817.6761052730756
-1687.0266725791216
-2290.339205535934
-2305.48464577964
-2308.4598762728833
-2046.4626067455847
-2161.5045073916476
-2351.9985012355346
-2163.536193097386
-2164.482190353106
-2277.0256158094817
-2221.580308634964
-2016.7358943607371
-2069.4517088685484
-2304.877559074135
-2268.9291888608327
-2201.173530451554
-2196.5071785372097
-2286.4896363768144
-2057.5505567038344
-1998.5237557634293
-2386.3395613902317
-1867.2259546799728
-2588.243182114718
-2217.715108011534
-2293.5224564516147
-2153.9527315707865
-2008.1168312213151
-2119.0362507974364
-1965.9707911457497
-2193.7180005402415
-2175.231566102987
-1948.9541021941045
-2166.0486872395845
-2140.76574846168
-1930.344195620555
-2409.774270056307
-2040.1565601299274
-1997.9041090128082
-2250.6782050360275
-2072.530470503768
-2127.084788654893
-2102.074340842663
-1998.3969676277957
-2712.833220632596
-2411.382082418828
-1924.0239806779093
-2013.2892621502608
-2454.4325207848083
-1737.2931389002024
-2549.771457760924
-1829.8301596587808
-2285.137230812852
-2503.1016566552644
-1983.3696772681044
-2070.76023694559
-2310.8655093462653
-2171.6460445210582
-1942.0026953826925
-2112.465579854979
-2393.2578977402427
-1820.292213883421
-2184.203366759346
-2463.193583138831
-2229.1344980456315
-2275.786234073634
-2123.037026151043
-1828.396727651967
-2676.0111746411067
-1865.4071866295822
-1796.0341384836954
-2148.3205026331166
-2161.722191152045
-2015.035170193853
-2215.8771049665593
-1772.8819830752561
-1800.4263211745456
-2409.0555681403316
-2181.871866828456
-2246.582610540319
-2096.7440032506424
-1958.7481952837763
-1941.3697940263608
-2133.0029947548874
-2168.2779716904292
-2294.7601986258233
-2011.266911123063
-2165.096238058236
-1956.8314393758542
-2233.9121457003675
-2140.388965882877
-2256.3853866519435
-2144.653175466968
-1791.0961993131777
-2137.6360972024518
-2045.3290088140752
-1940.8532264988598
-2297.1848669987216
-1790.4640951677263
-1740.5999153575447
-2244.4055515146656
-2020.7135965835112
-2039.816549579139
-1978.5868225311924
-2241.5586587278044
-2550.814398834034
-1995.6850951059682
-2277.276054587943
-2121.3795901486837
-2208.7993021037196
-2237.887024850653
-2029.8741445640565
-2198.5955352924007
-1974.5037971768645
-2143.604679499358
-1892.3609476968243
-1883.691199249823
-1933.8995918692317
-1891.5972532095338
-2068.753813413391
-2094.438156611199
-2127.530584549889
-2077.746698705972
-1962.139208742606
-1962.1859095804482
-2171.1069705613377
-1982.6547523418587
-2544.596006603984
-2115.674413760696
-1872.3001305447117
-2141.435063957409
-1949.786018355827
-2234.3143999075355
-1947.7284782824563
-1910.9770448331064
-2316.2484552034994
-2044.96640314455
-1929.8895676562956
-1878.72926800991
-2314.883855815244
-2026.248590065459
-1946.52429806007
-2295.2579054890534
-1935.3666465497558
-2189.958894494826
-2107.7039252826576
-1723.0731202651402
-1845.5542217393588
-2125.6759640076098
-2170.796382415993
-1921.445392079527
-2040.5741065491752
-2284.1441110906985
-2303.6326831138826
-1768.489007334451
-2222.7160662027486
-1996.4709934159969
-1870.1864377214506
-1825.4399008455975
-2173.9138876105626
-1912.5338338497997
-2083.190739283183
-1845.9835545784663
-2043.810749740068
-1981.265679199416
-2174.91726720836
-2147.047712784732
-2184.659519167765
-1932.45351634293
-2311.5991336800903
-2304.2957069668396
-2277.4343899518685
-1879.3740652749582
-1975.8048029083793
-1871.2986406352604
-1838.8847438671867
-1813.15578501557
-2330.9747104318003
-1845.8219247426002
-2142.1466198889575
-1796.0581188462593
-2099.9874810868655
-2235.8839914459954
-2106.187257722096
-1954.049998899707
-2087.3814260500985
-2106.77030233615
-2222.458940606345
-1776.7912906149381
-1998.6657926693538
-1818.8950321131779
-1984.0059742621067
-2395.4591269122625
-1971.5950038511266
-2186.2884081542916
-1949.3522701537966
-1821.1518752815118
-2300.082655519043
-2217.5196061274014
-1979.1602555229285
-1979.958294325179
-2090.734262356238
-1912.629968945191
-2441.8294524203734
-2117.4416431927148
-2061.5200511122544
-2138.5301895242783
-1953.9360573850945
-1993.2004145007418
-1951.3075467573804
-2357.0648390720553
-2042.480411288666
-1950.1981950808458
-1912.474516225496
-2215.9034189084186
-2040.5785999988304
-2039.9373747397601
-2095.026846910074
-2080.275377045317
-2065.3233262112267
-2010.5276634206425
-1938.6267101211686
-1963.0666648469426
-1780.2228430062155
-2116.525198136306
-1734.4285456851503
-2259.6779521000312
-2243.2464854807677
-2407.8535097455365
-1900.4067278673135
-1820.1552866387065
-2181.6228778002305
-1756.4745132997898
-1889.1707144262637
-2333.743887283113
-2152.9217804874784
-2035.534081069406
-2175.9805941268646
-2264.4353564205953
-2179.971257705011
-1954.6976226281495
-2305.609283788899
-1700.2284804211265
-2187.6624683434507
-1872.480386160605
-1814.6896236495575
-2203.801799039771
-1943.8365497507193
-2348.8890645194065
-1998.751253831625
-2167.290725249521
-2031.2063608949052
-2234.145103455756
-2317.6815951799686
-1917.4131408390353
-1856.623136830379
-1910.1581241029635
-2388.2098085095968
-2130.0653002824674
-2033.7384791858985
-2054.3597130018434
-2154.1853159394495
-2155.293886131801
-1987.3088539821642
-2045.3691889082722
-1926.601441644954
-2116.7211777315633
-1977.3346925718881
-2268.582478060197
-2049.7872117720044
-1988.25843236339
-1864.017609953067
-2283.0660067745603
-2066.628012677364
-2076.29807473494
-1997.4279286113979
-2086.6754746390393
-1866.7610989830018
-2083.368872096345
-2095.6845676636262
-2206.1141225418673
-2005.419141902692
-2061.2102007262542
-2228.5576288153948
-1982.0982606575203
-1942.4974033075696
-2047.3387707937961
-1912.8652931897848
-2070.7712680607724
-1908.5990864134722
-1925.9442774626732
-2080.1614859293754
-2195.9957336237217
-2094.2869379895633
-1842.6192408861334
-1914.494583875507
-1999.2655492050167
-1955.0469478491843
-1833.1379653133001
-1974.8442696385916
-2041.7835118136813
-2133.905122602531
-2125.207154871989
-1838.0122016239438
-2212.7091111909717
-2054.529497345865
-2049.7218554416877
-1900.952198719365
-2201.7078755556718
-2001.5353301731168
-2080.6459914374946
-2237.904700512478
-2110.855668995008
-1897.9010640329216
-1806.5292388177754
-1919.8493987510947
-1932.535249975157
-1844.486374866866
-1975.8491706648322
-2037.334825757795
-2116.8250395214272
-1870.553681685264
-2238.5193834164756
-1869.8143296428884
-2133.00206096722
-1852.5846421541364
-1744.713718644417
-2040.7023233227064
-2095.036367300492
-2111.3555158404097
-1920.4796071231403
-1887.0260714622775
-2260.765200705758
-2024.2633354662137
-2213.0881683278126
-2000.9558893137678
-2138.364007402122
-2154.7413150996085
-2217.4430740485213
-2067.755570140352
-1993.7724724240409
-2152.0389603787494
-1754.387741348155
-2158.644229726045
-1989.7623804863522
-2144.0267613085084
-2211.566303582833
-2221.1917632223813
-2015.623800487166
-1883.0264085436816
-1969.0764896560684
-1953.7349418668016
-2028.0765105394025
-1924.6037864219861
-1973.069935921053
-1922.2851138778422
-2096.2079107398695
-2193.1438750155503
-2127.263492160216
-2255.1948354608
-2112.391364346654
-1932.6974552356414
-1931.7948206047784
-2005.2667696634373
-2044.2954975303583
-1847.05499121913
-1823.3679592051176
-1788.229901845508
-2149.8247809957606
-1853.2325325380216
-2058.8387655994893
-2039.0812116142679
-2017.6033274042684
-1946.4333602309173
-1877.9937225633676
-1987.790049702577
-2168.1992876110758
-2077.618663041941
-1911.8168053203653
-2247.136818764648
-1903.706121165292
-1836.9340584565796
-1958.9716839603861
-1921.0512639971175
-1932.218109180173
-2201.44654461691
-2086.569207421062
-1953.6018122198188
-2329.7382094455193
-2015.2273542193814
-1931.9865829952607
-2006.9027166223143
-2164.1171162198893
-1793.854906783017
-1895.8710689653046
-2201.8283595014655
-2176.1932842165124
-1654.4626895197753
-2018.8342612448182
-1870.1690120160104
-1991.1916033670832
-2189.846770303461
-2073.44952750528
-2347.2024242790685
-2343.1584434848914
-2478.9417060217256
-2361.095053343837
-2326.219230263341
-2099.686463587232
-1901.3239935304455
-2086.1958223846395
-2356.563773060308
-1777.0775695523182
-1998.109333797261
-1995.4598198045944
-2264.813913533022
-2020.475509193274
-1864.0734394123367
-1951.9692829576118
-1903.3155168157843
-2214.322168509523
-2052.639408591291
-2065.1400923026927
-2387.7538933621454
-2269.4326329881346
-1999.3277389320772
-2151.8728463172083
-2005.7226871920343
-2244.6913758224346
-2094.126582911034
-1939.505520549263
-2094.472324855016
-2103.9479596284236
-2281.092406115631
-1989.17878323278
-2088.9460602847284
-2193.993156432719
-1847.3563585640547
-1862.2868119592067
-1749.0306524990574
-2313.776252906986
-2016.3589202284468
-2383.2807125539434
-1706.683043079137
-2160.080431603466
-2104.898052491422
-1698.4062505498514
-2352.260626649669
-2096.8408028777876
-1993.4569568910015
-2111.286873953289
-2455.212428936025
-1802.1077017134876
-2105.9304900696147
-2114.821579726814
-2310.8154363318695
-2037.5032466026196
-1951.2070391757095
-1971.0764406987264
-1970.3517052424545
-1926.252944281595
-2104.531921988106
-1987.433861095155
-2032.7979953725746
-2002.5534938909277
-2137.7527553892282
-2013.780968807532
-1962.5774528154243
-2081.858739610821
-2081.0146332932486
-2050.6279268119915
-1842.7606644202424
-2103.3828570776477
-1950.584356854768
-2031.3013894304584
-1993.5675931620146
-2208.3355397046344
-1927.5496763692108
-1836.054788271806
-1770.0127548777314
-2261.0097289803334
-2266.9002316965234
-2237.5359026265573
-2088.9990937905104
-2005.200223356034
-2019.7652321150774
-2070.1799209305577
-1986.9841561856902
-1797.4281309018259
-1911.1829876238744
-2054.633615320044
-1833.477904038474
-1907.1528152003987
-1786.4106194292444
-1870.7253153529962
-1942.541415078973
-2040.4272066933613
-1919.5991995137201
-2095.5851174804056
-1907.7595670723886
-2445.7092197530974
-2121.9698212122453
-1934.2501016668803
-2194.045499213033
-2162.391041023298
-1939.6057421086696
-1896.9365825093257
-1926.7573152640996
-2058.880320110944
-2045.206576529893
-1936.027972176256
-2183.0485677625584
-1903.1485990532096
-2085.674295616463
-2006.3784388631198
-1896.4553543373693
-1955.7450906856077
-2063.216925589939
-1661.8390777222812
-2100.407586043759
-1875.7366353393472
-2158.273282914038
-2228.5891075084874
-1820.5219310650518
-2094.763048075794
-1983.2923435941864
-2059.5129329619685
-1751.1426598248386
-1893.5243987522854
-1934.0965473014037
-1810.2452479452343
-1789.8674784054483
-1864.7860854794997
-1868.3976615491852
-1820.172990249331
-1927.581448792612
-1806.199790171884
-2216.5753327333223
-1933.6320724565442
-2052.541926179376
-1918.8794628650376
-1976.3046707908518
-1869.0057448472724
-2112.2611555370763
-1885.6426040991803
-1875.381904788502
-2200.635697577644
-1690.1369602440836
-1755.4351060088143
-1738.2965830746298
-2037.1302341677574
-2017.0492784228898
-2176.705861186576
-1892.7754594595274
-2051.939569229303
-2022.7880993961005
-1955.6062449368055
-2002.0089173993977
-1920.954074543407
-1931.3598653789545
-1876.1088803586867
-1854.9362829801191
-1806.6681930190734
-1979.8799104961186
-2050.412476361512
-1939.914663778541
-1880.2362956219633
-2152.8226859589167
-2126.219760447303
-1809.737076608567
-2091.124354065562
-1867.5837226908025
-1869.061371477792
-2125.961439131839
-2077.5301993231624
-2433.6732110517883
-2133.6202503917093
-1838.3466243812416
-2147.620090457849
-2030.229548566564
-1958.2639403838552
-1984.687199480154
-2133.8948092108308
-2095.5670763412445
-2187.8582845110177
-2511.8356397185175
-2012.0326615187787
-2076.004297118461
-1928.0964851510723
-1869.9418875297758
-2085.0107310409494
-2044.8714513212894
-2021.4259559130332
-2052.7199389720863
-1837.400659699207
-2016.135324246558
-1903.2806808047562
-1912.4076003685095
-2204.832271969102
-1907.460976540431
-2210.521922439812
-1967.4912582862362
-1886.8241380127902
-2110.80374085592
-1795.9613889527905
-1842.8189590034483
-1811.1389501043477
-2048.726739186382
-1733.5503056887592
-1720.7840299136071
-2380.5331812338404
-2227.4096447584775
-2204.4549335393594
-1747.944524118384
-1891.8650107367157
-1861.2864050855069
-1792.0287014431947
-1962.6930959852082
-1987.4126123296876
-2101.5114503583463
-1883.0963588219429
-1914.161978909313
-2101.939655951695
-2006.3690339865022
-2106.263080677459
-2157.6628507765945
-2088.5913729757667
-2074.0546143885354
-1993.1761393343204
-1718.3863219527361
-1870.4064146406936
-1896.62355916303
-1794.3122958185886
-2049.2830458300978
-2261.934263440748
-1875.0064597075188
-2000.1176552385805
-1952.8040643465458
-2006.614526402533
-2041.5999843616075
-2257.4242638375704
-1954.1663664624823
-1951.9597711874476
-1870.151853391836
-2510.466073155119
-2080.545339910154
-1869.0919339607772
-1931.6327138924478
-1880.2935396726534
-2183.8505355417237
-1999.930595580805
-1922.899322413723
-1751.5637236687494
-2043.9115137765757
-1892.1426979674598
-1826.827363277663
-1949.2643633481637
-1974.4974265651829
-2003.270000949753
-1913.8220107910388
-1922.1641940049321
-1993.8723075012567
-1868.5454549217936
-2017.3331633644107
-1988.2137506539711
-1933.9398614758547
-1964.4472209181413
-1842.7410299764915
-1961.0636982085555
-1670.870483152935
-1862.3586717905227
-1934.379009815445
-1990.0368129261196
-2144.4019651952744
-2201.9267599189593
-1927.7763709510525
-1923.7741711638282
-1833.0513840833928
-1941.503910088638
-2344.409500061674
-1940.2322037755857
-1916.8633738240414
-2171.641176232375
-2030.703068681225
-2158.939853123528
-1827.7908580066205
-2197.599937630983
-2199.918047653361
-1960.050033293551
-2149.276666705114
-1772.2420358719808
-1941.9831398034394
-1822.5832852213316
-2038.0715976918896
-2172.209053487429
-2159.398253513286
-2064.779909197064
-1970.9831135058969
-1935.2967182524708
-1849.494989555746
-1972.292809004457
-1990.035919810311
-2024.4616734538902
-2007.8497928210506
-1877.9579172219187
-1987.901073880752
-2011.2036264745311
-1926.7137257322447
-1988.8831659669054
-1831.9548484240827
-1894.4752250892461
-1996.9400888274502
-2041.7796774173426
-1998.8778426191975
-1880.8113540484026
-1875.689314061734
-1825.8002847116925
-1951.4685211508095
-2155.590259052334
-2045.3348257442813
-2068.194635044141
-2078.386416090628
-1933.3911809542712
-1977.7303511866048
-2044.0965519400208
-1957.6194274573918
-1990.4278797421816
-1801.7629661918004
-2003.787284326556
-2019.0171067979006
-1796.510741105853
-2086.323582365283
-2092.9133149467702
-1936.8198674781634
-1825.6639520418548
-1874.2322517341381
-2013.2815780963683
-1858.9252821192572
-1942.2692614883726
-2070.6810559828477
-2048.9022822860034
-1818.7550672834896
-2013.6732490579432
-1822.0634339245037
-1845.1253054814815
-1961.932557086416
-1789.9495966442396
-2019.3511237627472
-1968.2855618332703
-2044.287809640563
-1931.1496589477513
-1994.6080725390032
-1911.9880157575296
-2238.1137154420376
-1965.4355821648423
-1597.4421311309288
-1889.739020575188
-1975.5887511949595
-2118.402993615807
-1847.0161228743536
-2292.2961727280444
-1802.1567105040763
-1894.906606941038
-1989.3359318310968
-1911.793406723008
-1958.937187541855
-2122.3080134030356
-2258.7704100907745
-1802.0344179149831
-2130.435156198423
-2097.613242051298
-1892.1713270810917
-1774.2651721766426
-2099.5778472276247
-2060.2234113749096
-2026.8773444543128
-2224.897697816157
-1719.3131447595915
-1952.5631437977936
-1838.579475525977
-1888.574499934698
-1934.786830455138
-1933.9125760245236
-1968.7921165616006
-1858.2927819620982
-1731.3687358818781
-2173.2839319703053
-1965.8403302571276
-1661.0133336317708
-1873.6399910902508
-1725.0473177131835
-1747.6105188709193
-1875.7048959557642
-2089.5721506022633
-1835.8003165300333
-1916.728633415443
-1986.5563586291657
-1982.0381010304905
-1902.031505378268
-2403.3716090800685
-2037.1098491860712
-1841.3504391981069
-1982.7007892590584
-1928.107248565644
-1853.2363532585778
-1870.228147835117
-1883.9481260945831
-1659.3531422121775
-1956.045771796962
-1814.6563151017262
-1824.931786626781
-2074.2301194827533
-1962.9230100946531
-1987.5397350479097
-1825.729545458321
-1861.3198260059035
-2126.07940530157
-2170.868194507308
-2115.6278890030635
-1818.2407559906333
-2121.1756729507333
-1946.2208679386051
-2032.1389173351772
-1830.9919837240404
-2158.137270119097
-1917.4153863527627
-2385.568123493356
-2232.738034754449
-1911.6606322317875
-1697.4098872413936
-2309.88705411233
-1979.9080285825257
-2162.974155402707
-1995.2895977633998
-2222.6329268417903
-1928.0559307154124
-1951.2509374197934
-1825.8615211267859
-1725.2097850006974
-2238.7459871214573
-1979.3088928987445
-1941.881906404318
-1900.0435715431563
-1974.7851499689057
-1962.9698446624732
-1917.103653027796
-2184.3723526511117
-2252.261373172746
-2020.3134361261975
-1915.3627998866086
-1871.42238768637
-1716.9432245975045
-1785.6999730906255
-1960.8247102077257
-1786.8901896488442
-1904.402188526371
-2343.339621890485
-1717.1627242035997
-2099.847567379145
-1754.5777419690194
-1976.2539436355223
-1899.1180936637547
-2022.3081755180801
-2024.8285815437682
-2255.7135570990085
-1746.240734399079
-1884.826555798315
-1831.2119715565677
-2017.0904636315177
-1852.70116680025
-1885.9250990055707
-1800.5114716080363
-1882.3325052886064
-1893.2589696269042
-1767.6179730382928
-1804.7652257840975
-1903.3339956317795
-2127.5929453425206
-2018.4717839417176
-2010.8192185582536
-1928.602499778779
-1829.0546913813532
-1769.4439764458916
-1844.0527665279617
-1994.2976139555203
-1991.347435168047
-1740.6512844593553
-2070.8584407942976
-1944.4226247702104
-2159.40922305291
-1877.5581047563153
-1693.1673845410999
-1863.2024841823795
-1957.4057092555079
-1959.8966284658816
-2157.8327896602405
-2064.0848307153533
-2003.8890465387938
-1945.3244623700339
-1796.4099348064935
-1865.5141146399405
-1847.5400349536012
-1931.8522411886422
-1840.013913266377
-1755.4147842278087
-2150.900100438191
-2142.5931734655865
-2142.0649733084806
-2053.065343486208
-2024.1275910238255
-1909.6616052518655
-2022.4603551848418
-2122.920924073033
-2070.035013265401
-2102.278280048062
-2020.5815868738898
-2156.656850187664
-1814.1262662998627
-2043.404217016746
-1959.509034538611
-1783.7873074611578
-1730.7481633425589
-1646.1283165540358
-1749.6288611135137
-1883.9764365461751
-1943.731336064218
-1636.123870598673
-2030.9371851712021
-1814.0083343109216
-1851.8669361201444
-2209.513315102018
-1954.8891814512972
-1903.0284915777045
-1913.7122135988543
-1949.2509424565787
-2092.776695018984
-2048.10688961092
-2028.8812474787771
-2218.7709202913297
-1830.193498046621
-2185.1281975540555
-1866.8402622216472
-1894.6763686221498
-1878.2389778576585
-1936.2922017265937
-2167.8530903138562
-1897.5372897502461
-1808.2006172200709
-1852.19996077777
-1945.1424179184996
-2275.7203174476417
-1898.8444047997375
-1914.510364994273
-1793.4737067485353
-1980.8074446952248
-1920.9807775153977
-1899.3356550174592
-1885.425659987778
-1987.9603004485202
-1912.0099236632425
-1805.7188322491515
-2101.2767705955857
-2002.0865432126993
-1825.407973655976
-1873.6762924892087
-1885.1679423109426
-1927.324132308054
-1920.2684463100745
-2110.771960568174
-1944.1042977792376
-1965.4489831565731
-1823.0860864205185
-1844.4780286276539
-1922.8692544321157
-1818.068081616713
-2046.4041388911378
-1906.3334450676093
-2095.432381959765
-1980.02314100284
-2212.821959615785
-1758.3798183078463
-1899.9472037657733
-2010.1233276138246
-1902.033392009218
-1643.1132279623791
-1861.342767328761
-1897.158753115073
-2012.1913582736572
-1899.473921702778
-2153.671501624483
-1907.0941877571693
-1975.227109464942
-2082.1836024319687
-1946.966521079703
-1885.625054586689
-1734.6860090445975
-1900.8463156727132
-2234.9932897017266
-1911.8190400764474
-1968.0582606275439
-2111.803049639931
-1808.7083175767539
-1763.2156582183813
-1856.954407240858
-2020.9308264528443
-2018.4410921182223
-2242.1061604330994
-2044.9063810837706
-1892.370255663468
-1862.0227801494266
-2049.1880585881895
-1754.0459955303236
-2221.898918223472
-2203.706225966505
-2077.9211003694986
-2005.0189879448437
-2059.672106038477
-1748.957646804487
-1830.8176705607698
-1857.1521624371378
-1962.0738023495721
-1671.5043367844355
-2072.613374669991
-2099.869299525678
-1990.8262744142253
-1833.0425622462744
-1908.7984720726374
-2203.032433116046
-1993.1350824182643
-2161.459828017171
-1848.3745165379949
-1898.2935118267685
-1811.6672926483488
-1963.130284387964
-1929.1298654349878
-2042.5862970666444
-1991.6735530323729
-1981.712919258128
-1773.5683803174682
-2200.1031915298413
-1943.73733264355
-1899.4993807530147
-2118.6397590956926
-2111.517209925872
-1810.1665833382413
-1778.3565814211172
-2082.6500477397235
-1864.3606108169279
-2246.226809248472
-1817.800939738247
-2132.1175327230226
-1768.5105112718502
-1908.3520238722301
-2034.1232313926369
-1713.8334921757103
-2415.83372861208
-1664.163877002928
-1879.9726030510208
-1889.0280526831584
-2039.2371878969489
-1810.6665093771917
-2174.7313206541826
-1862.2759275504186
-2018.4621525669784
-1790.1247325352242
-1925.5413379111196
-1999.2058402474959
-1828.7556354609053
-1943.4326628245526
-2032.1967909449465
-1630.3960878388907
-2004.9971160202267
-1781.6968104659609
-1833.9764968745521
-1791.240077223123
-1971.1303138522217
-1764.4381257549737
-1889.2512301602048
-1820.972447609528
-1872.003018939398
-1802.4610868632801
-1727.9311409350714
-1943.0959586319777
-1798.264792129584
-2035.2020687303184
-1912.45883302413
-1941.4521917857176
-1791.5876398767305
-1879.1015459514965
-1869.2865448166563
-1790.1738562113605
-1878.4774909370576
-1906.008368748964
-1836.3864624259493
-1875.4997360787147
-1655.4196749416453
-2165.8588102952544
-1653.1402998997582
-1935.427106458223
-1995.7616455075076
-1859.5626003043851
-1952.605046791042
-1605.0247546949558
-1798.7928282237372
-1733.4526426307625
-2046.3835004796601
-1948.4466248867332
-1882.8173769600426
-1961.2847183416507
-1787.327473043234
-1788.3248415481949
-1978.6042908824322
-2111.7938576035776
-2029.8105490441103
-1863.6784504155494
-2031.306964815888
-2097.4212690734653
-1754.4648107334324
-2099.821294311052
-1782.89398289016
-1968.6494871063155
-2109.2973868021268
-2139.178253295096
-1812.3456904474797
-2273.857138219639
-1845.6913363684243
-2026.9825536070766
-2045.3558335961945
-1726.7557179925454
-1833.4314056118728
-1838.992604282721
-1889.4798054981807
-2066.456564240996
-1823.752644583898
-1907.4748641581766
-2124.014870538997
-1899.981509979894
-1785.4789935906185
-1782.6314898247238
-1743.8092052817572
-1835.718060114655
-2074.1416880599677
-2059.0034770330435
-2415.300894074031
-1944.498800604251
-1781.0362403179695
-1866.7852709721487
-1705.6475559504893
-1969.6377080854827
-2151.0356528040597
-2064.641672370683
-2095.5965019936243
-1660.076296191979
-1867.962205463887
-1997.9815989306285
-2140.5650028431055
-1904.307800891026
-1699.0603271985576
-2258.5459005239713
-1882.1809195742096
-1923.0475275108486
-1984.1554130391703
-1831.0855256339587
-2000.567021929519
-2011.0056366078097
-1779.964515625171
-1730.387760293098
-1819.0748208936147
-2057.585721733144
-1938.575372227225
-2027.0659505413719
-1661.3270958889568
-1896.7100043777737
-1937.2622421593962
-2090.4608643734337
-2045.8480373490818
-2300.803977631422
-1887.005308876307
-1861.2666247250809
-1855.3999246933217
-1965.961184391365
-1775.5721143795113
-1929.2168966453967
-2012.9166285599385
-1806.8741680416524
-1755.1881577546947
-1900.104113090314
-1764.6000245207426
-1869.1636659821183
-1804.4635715769164
-1859.4141062723293
-2119.7539772148953
-1776.3225752909582
-2056.205576688565
-2044.7304186093272
-1815.6180182307226
-2078.9585569909846
-1819.3300795302375
-1827.063952825141
-2105.422177218187
-1877.0523821821248
-2151.5360546946326
-1840.504646700569
-1952.663528330454
-1808.5070837872206
-2123.6638946651797
-1871.488681807128
-2008.1016157469985
-1869.13163188056
-1913.272246550846
-1828.9825008060984
-1810.3685222792099
-1914.496585280741
-1872.9000310495676
-1917.9590355115747
-1918.6163006048516
-1740.7739388779182
-1825.0062955298938
-1941.0970202163435
-1824.9068089244608
-1957.4644672892487
-2023.7254429870009
-1684.1341167751425
-1877.088240066277
-2006.2222827738606
-1811.5044337265224
-1952.9454294405725
-1728.1224114553725
-1842.1582018039994
-1889.7377336903055
-1859.8503685473138
-1784.3821260014147
-1794.067381492222
-1827.4076607416473
-1921.9262465410748
-2229.277295148268
-2130.700507006476
-1826.8296811860976
-2113.0810869194206
-1960.3424838461342
-1843.4690296569368
-1848.983335469234
-1608.9635720261813
-2101.9727183645123
-1845.6692650199066
-1954.030471101411
-1599.8889829199018
-1844.872613818433
-1674.5882841272703
-1936.8920520135923
-1805.9034305720475
-2108.0794988383445
-1926.5823712821054
-1999.8021604699043
-2041.0677301406595
-2026.7131259856649
-1605.979492740588
-1647.9745717449634
-1859.628165640268
-1877.489543119201
-1980.236398486255
-1681.8622064606582
-1828.9843854693934
-2122.0637885974807
-1852.7257086393129
-1849.3614370064479
-1777.9890138893334
-2129.4063991088533
-1817.7824619435032
-1973.1468040227032
-1771.4452429161536
-1719.513279031209
-1840.1492609010547
-1982.012089196784
-1766.7652098783828
-2032.6200955960733
-1651.2552087273643
-1908.7508479831495
-1943.0217681374645
-1961.473028430199
-1913.8792075389483
-1934.6248767934248
-1988.7900384937818
-1841.4495694752602
-1932.0344162026704
-2075.979381202765
-2089.001309657962
-1876.2822681434643
-1555.729584220238
-2031.892910289672
-1952.331389108281
-1769.7863522318494
-1710.2255611315582
-1970.3446547797967
-1949.8451128347915
-1838.5700276959205
-2140.062607144744
-1947.9433098271275
-2022.42029988088
-1946.3250591719714
-1676.5162424501418
-2013.6783829660774
-1856.8363715284163
-1902.8643323079862
-1866.3964396628214
-2109.6160323665044
-1999.5960615335478
-1864.9255975186052
-2122.723144132935
-1935.5954143860895
-1607.7451767709929
-2043.7388661458826
-2309.173519700697
-2165.9677129398406
-2011.5527177485958
-2008.4997270040444
-1910.2855593248603
-2003.7881007822318
-1849.236167908206
-1756.1058069534881
-2177.888195397472
-1960.0403888834921
-1937.8679019284784
-2036.866981803947
-1974.3189492619124
-1977.2814701446428
-1698.504926550368
-2010.6853077781736
-1943.440960978052
-2195.12671256416
-1965.5183045399326
-2039.4752362860572
-1940.8139661741818
-1781.5187378755393
-1692.190401638867
-1809.5453869416176
-2040.65387072516
-1983.6299394718703
-1851.8629487370608
-1837.802863326174
-1860.1883365617014
-2054.928666106321
-1762.3868859884883
-1898.9016430168958
-1791.8023679729672
-1956.8214502913027
-1867.076749516096
-1735.6686959461226
-1795.8810372858625
-1955.6280549092146
-1836.1571353159918
-1821.221096466102
-1722.8075612161283
-1930.8241510937798
-1840.5141399400204
-2080.75487210347
-1899.5125804752884
-2023.444920854821
-1894.7312499135671
-1797.5534598507218
-1936.133516335402
-1879.1963396332958
-1926.3430459955039
-1689.6769436664554
-1738.0811912498048
-1844.1180291685753
-2011.7491692297635
-1717.9182629053957
-1783.0307570834227
-1868.6582250958736
-1772.2689509979953
-1734.3954577659429
-2027.2767625410274
-2139.3643929341756
-2011.2079131463481
-1789.334377070862
-1914.2705477994195
-1751.0793094872542
-2124.5426004005008
-1882.9396032649547
-1867.978581650163
-1822.999166801162
-1625.5787521337913
-1811.1137663421596
-1864.9111071285872
-1703.776358645587
-1848.975217200866
-1856.6532208948008
-1764.628297345093
-1949.309729288098
-1909.499739071744
-1767.5858524944686
-1723.5478896946422
-1794.3101048831932
-1772.6868318179777
-1979.7931635896384
-2060.591093530773
-1809.578749996611
-1991.3143333849316
-1853.69476559719
-1924.4380871906153
-1874.129648895052
-1743.7178219688521
-1869.8393419800636
-2138.372214919276
-1659.5909550921187
-1568.0148397014855
-2170.636517570704
-1867.6664543597344
-1941.714230356948
-1900.850499996038
-1779.2040314501828
-1814.819696387316
-1917.6236151213868
-1757.952789442322
-1772.1791127995439
-1944.4165570780501
-1992.231108938847
-1817.6822140431261
-2005.3357341758558
-1836.4813717983398
-1801.438204647212
-1882.7178380895182
-1763.4874151408746
-1797.7589900148578
-1771.2856442797308
-2007.564812615813
-2033.0187537144434
-2013.3075218607771
-1891.6672977839492
-2073.760841517785
-2217.9161138034974
-2033.7801474931866
-1601.1895876160054
-1797.6066829070924
-2055.094867005122
-1835.9983904360354
-1867.7370541688867
-2087.429799986071
-1785.5771170351181
-1786.52853490278
-1834.9932940661558
-2082.691981882797
-1967.5812168991633
-2285.848434737266
-1932.648796406777
-2031.9391535540083
-1966.6329218892974
-2114.483693699041
-1777.0095771530957
-1806.751928198677
-2176.1108551342877
-2011.6628716436012
-1856.9913294304524
-2112.152682019761
-1891.8661947083292
-1856.8069778890838
-2062.5753103523366
-1981.2024970073298
-1876.757893545269
-1692.8620999755462
-1799.4894801726598
-1824.3291225645426
-1826.397024965239
-1855.2756431235125
-1759.993670879939
-1772.9366160740292
-1717.9809893791544
-1645.90968792517
-1757.6425751988363
-2037.571260208236
-2101.328904133444
-1901.6100845518727
-1845.882780738314
-1804.4448823901196
-2039.8064066802895
-1957.9757246210027
-1892.097276050276
-1771.6145038628065
-2017.5691109857662
-1853.5220784827693
-1979.4799976712509
-2033.4239086481048
-1976.3494586910974
-1859.7154072719438
-1705.2923640314207
-2103.8322465717415
-1888.3365079328426
-1861.4015429543451
-1831.8512554647968
-1722.8157044431043
-1501.725542542733
-1899.4185340931251
-1898.4722540662988
-1719.7832545032488
-1931.5066495806095
-1907.3047567625993
-1795.9133637541222
-1997.7829780508546
-1888.606215143476
-1809.2410611618795
-1726.500874314662
-2018.8987789088235
-1792.9887096875063
-1980.9993297909675
-2128.631608251637
-1897.155456938025
-1672.0064261888951
-1757.2722503741586
-1943.3213381241123
-1817.1168355882176
-1992.5625726833832
-1994.2948331044263
-1881.752339583902
-1879.2294816399783
-1724.6001114554558
-1933.3492452574014
-1879.8973604313649
-1866.7299472115021
-1843.5731769016243
-2236.369799325628
-2020.2640066137585
-1811.9657790503898
-2053.871293411236
-2050.8042619368543
-1714.4784803337182
-1757.1563514583731
-1945.3417425990428
-2042.4903084869254
-1808.0973312654987
-1752.105115567133
-2154.90561199007
-2074.8082634592383
-1952.6454960558558
-1859.6118985586545
-1781.8817233198527
-1897.954998838118
-1928.620306517038
-1902.440380102264
-2005.0436421144288
-2101.5275829056736
-1934.785285550415
-1985.1021391192362
-1671.9600725527416
-1775.066403080443
-2061.1848242501746
-1782.8288680875824
-1792.1177076108002
-1792.9969307061879
-1755.5856806878187
-1920.7384417717706
-1979.3790026703039
-1756.3165279664115
-1903.0375164558916
-1960.5291222458459
-1942.921358853413
-2045.0264492420113
-1744.4037762706603
-2051.1038775372476
-1920.053080631113
-1930.0663263203796
-1892.277666754402
-1839.1422049971113
-2067.405194000486
-1845.710683386084
-1730.725777579369
-1922.071078226956
-1826.823137628576
-1968.2626585308437
-1880.3715182352237
-1899.7967524378191
-1894.7378993767124
-1675.6993108975803
-1849.5974008418887
-1879.9115663726404
-1768.8788665509885
-1887.1257336900344
-2134.5348224337286
-1925.8614433094128
-1957.4064462599167
-2119.4008329911203
-1741.4600134695265
-1808.2724492286536
-1940.3252628388968
-1582.1348904795423
-1904.3660607132424
-1734.4582134374953
-1903.795191158781
-1843.960144820959
-1714.006514031883
-1992.532560321019
-1896.5032106151532
-1739.6575690921873
-1867.1888477841821
-2096.8919987835866
-1915.330834295583
-1909.744652293985
-1803.0601376793966
-1673.635787773303
-1737.3260590383397
-2015.2681138441149
-1760.7458583779242
-1828.7693309825963
-2010.8888481099327
-2041.404342647451
-2181.6418413287265
-2016.3256481229525
-1796.7518960415896
-1787.7222803432696
-2122.4062427360514
-1821.8964210131287
-1670.1732621380893
-1718.0336135393134
-1905.2939038145662
-1894.6778990952296
-1916.931522018166
-1944.5019891966513
-1679.8601050817033
-1884.1933479495383
-1707.3261200023453
-1662.1378323174174
-1830.677905985558
-1951.0694717219933
-2105.1221233278834
-1994.9902063767536
-1905.8579463946062
-1845.5344770413385
-1887.9564743407554
-1782.4872512352267
-1864.5581197861852
-1690.0012063781776
-1963.9786049408447
-1965.9821431040918
-1714.1999244673789
-1686.4978866729489
-1760.8705451110525
-1798.206333805757
-1890.7172037980808
-1783.901066348692
-1816.8341514813326
-1887.846715848908
-1870.2560612262548
-1798.0893689926415
-2110.400471187347
-1776.2864926642656
-1828.9863729396614
-1891.2132219049581
-1881.5139014281879
-1917.574354721205
-1837.7348871259283
-1970.4616961637523
-1791.2778719066512
-2084.003221810006
-1929.3781044172742
-1952.0666269120095
-2050.012548198423
-2011.4718151235265
-1834.8281340292606
-1904.7944834625407
-1693.6246250166348
-1917.8775360462587
-2007.601025953145
-1761.0613763630126
-2020.2405969987392
-2022.1043655342683
-1902.1129866933702
-1936.5971836351673
-1999.919768034379
-1694.7289278188769
-1869.1361628912568
-1893.6107832657094
-1774.718519138232
-1790.41018559128
-1918.601556708311
-1870.5566017545052
-1928.032691985431
-2102.7010960924845
-1937.7150464693732
-1620.1066118218905
-1976.3175117851174
-2122.8627277370383
-1652.463176337598
-2114.6462460430466
-1854.0191843015598
-1630.2077015858367
-1950.9811943608988
-1859.4010774108312
-1972.5930169553476
-2181.5642368595904
-2005.0612179373666
-1725.0488151807485
-1924.7050479206148
-1836.299850458546
-2280.4477848536935
-2005.0362637746111
-1785.5431144015747
-1562.3517401540457
-1885.851840926539
-1971.6205192903421
-1967.720705862297
-1833.0948684907864
-1869.6109894349165
-1777.1402931455204
-1906.3634078332052
-1956.3667175548621
-1908.2947137960507
-1853.0602382898535
-2016.3622429561813
-1900.1843725213266
-1782.7562225423871
-1804.8804303235856
-2113.6860342249297
-1849.3971278850158
-1694.3645306522403
-2112.4806754234237
-1982.2159209979227
-1687.3453820418506
-1820.7216836951488
-1700.4135422148015
-1938.788461583369
-1894.6942243985648
-2045.5675738725179
-2212.5588529306274
-1974.6695244960245
-1769.509890671697
-1906.7632246887829
-1743.4050067673134
-2142.5525504555967
-1875.5730991365865
-1764.8925124846476
-1998.3313939455284
-2044.7889921758733
-1861.0053655099957
-1833.802290133506
-1891.963127551791
-2095.3587701918077
-1973.9858756106203
-1744.1715225635771
-1894.0783350217787
-1972.3878900136654
-1591.5881082414771
-1866.9218790724638
-1775.3937163777312
-1828.8065345514312
-2078.9818263089987
-1827.9582808355572
-1826.452398989608
-2198.7150783787856
-1781.0132024964348
-2110.8930002931547
-1810.611188175163
-1856.4144161280647
-1768.1767534297758
-1929.4840272870188
-1967.809774422517
-1979.8338412315422
-1717.6203378314722
-1911.0906801671954
-2170.215295167605
-2030.1576335799818
-1857.3431285013403
-1786.2270178563551
-1784.3643085612268
-1981.0297917610017
-1745.6222527596892
-1991.659451264038
-1765.53034589456
-2124.061847393024
-1704.0684622413548
-1677.1419715323946
-1998.8429814261829
-1828.5072816106547
-1986.7990226718157
-1931.7365092125685
-1937.9273314263862
-1740.6502876011702
-1799.3462135281775
-1869.5868376207932
-2219.2021337678475
-1891.4497861394477
-1802.9653850949214
-1776.149623566338
-1768.8885172957216
-2019.880378478084
-1866.2907235303353
-2002.380053268973
-1921.0361404727335
-1957.7639254904461
-1710.042025577789
-1954.015490134003
-1879.2436201182716
-2039.9820206852405
-1755.574932760363
-1975.35108357851
-1854.0582071313675
-1908.2261768325895
-1825.4491178177448
-1801.5828471092864
-1765.9942559722995
-1882.4034676906213
-1653.7112277061956
-1786.593860475849
-1900.4262425868237
-2020.4453511157867
-1773.1073482420697
-1833.857733222072
-2027.5632850836937
-1986.0164950129817
-1835.917671944654
-2018.307149894301
-2083.573966937858
-1813.722499771956
-2000.0181778758608
-1889.7563522129797
-1659.629446347668
-1909.4833793226685
-1838.5441389042787
-1919.7241777046465
-1881.6381265141208
-1762.113766750621
-1971.3605911990833
-1753.190404036146
-1816.1251281928548
-1825.9801229639766
-2115.15077877662
-1901.3542837771333
-1751.864688846601
-1727.7603570876117
-1693.5141574104782
-2100.398069918627
-1833.73077008027
-1817.8690846115542
-1930.7927500210671
-1735.336095324393
-1862.9821772563032
-1961.8125970624196
-1867.931385642718
-2023.0893052120118
-1925.0616936812564
-2035.9590312345445
-1886.576091943394
-1950.327266364129
-1973.525868945404
-1920.8043162472748
-1585.6714803384316
-1896.254705143526
-1686.0771168717818
-1741.1026664755275
-1755.2918206170482
-1948.6340671380433
-1907.9266661336749
-1923.028335494063
-1750.1260158470286
-1895.8285563751863
-1733.4495913966632
-1886.1155905123971
-1894.8253693128372
-1698.1490889704435
-1920.2369073303657
-1746.9388599312606
-2084.2883272483864
-1828.3029078522418
-1754.719323724037
-1923.1150063829764
-1932.9579268176485
-2024.539850097078
-1684.111265992784
-1973.9140592397516
-1722.7903497755844
-1823.7947031073447
-1831.9553347140668
-1884.5152376849617
-2060.279146323752
-1790.4123687084912
-1719.1672738010727
-1788.4393314642723
-1867.511615369883
-1921.4474718724298
-2076.2770869959786
-1773.9877243425447
-1741.8563265043624
-1809.6025349325062
-1573.9542586330308
-1797.0996038752628
-1779.8870824747319
-2046.5805492090067
-1726.3112300390383
-2066.9641635194666
-1834.3838241031208
-2002.8704995493256
-1616.2522894474425
-2047.8970854593704
-2177.7392081251564
-2008.2292159908113
-1792.8503150923543
-1860.1000611791985
-1769.3494796720029
-1929.598355957642
-1717.1529863819142
-1889.9220670259901
-1894.8688998971495
-2025.1065929914396
-2012.6966070817966
-1820.6569364347843
-1979.5315521668724
-1556.4486063255722

