-2638.0358030994216
-16529.02747704802
-2998.5186441141354
-2667.431362023704
-2649.2290477769106
-3277.45179468541
-2452.2467435967774
-2865.0781775328414
-4360.664589213574
-2977.3311839327243
-3077.091105370737
-2558.914373788484
-2697.2903351418095
-2099.467472152373
-2470.92576743053
-2394.0440995908903
-2215.762451282528
-2429.2958663040013
-2689.315272973844
-2161.928732466534
-2248.175410542614
-2074.7519081959326
-2088.6407034987637
-2180.5212147146535
-2559.3097975225805
-2161.5364958553077
-2168.876499088495
-2288.7458574686707
-2181.525577231001
-2217.9288141347047
-2377.2752322208294
-2051.155019416626
-2073.4597962563917
-2204.801040046821
-2233.32190239752
-2213.2455307526857
-2273.691909245879
-2205.924451076536
-2232.5697167966496
-2242.3252704007787
-2469.740053397263
-2174.048980917777
-1905.135199093825
-2193.494721349863
-2214.4972212939997
-2168.654399953724
-2029.4689280570965
-2340.279217293911
-2211.266470842252
-2229.6494710972543
-2162.8751393202233
-1832.4740730670892
-1964.8083141740171
-2127.944276662122
-2132.5073202955773
-2561.0974593756364
-1945.7629412048755
-2049.5867778272714
-2287.328022104195
-2174.5739594996626
-2292.4396111723795
-2231.30777006765
-2007.3813547762375
-1832.145669159991
-2190.7411011888084
-1864.8093889433474
-2095.0489715311683
-2364.7364214718523
-1899.330052481685
-2191.9909148702327
-2520.3874978173717
-2143.8980221703982
-2298.0219230226526
-1940.0382378862655
-1999.9919094995776
-1995.5558882043597
-1874.2955515744952
-2088.550811063133
-1986.1292603166685
-1941.8158892524389
-2209.192151473358
-2268.158333075384
-2067.313053475456
-2188.6383817335854
-1953.5701215993593
-2390.3880736417264
-1976.7291871295872
-2039.744733612245
-2212.6700332961736
-2126.22583683306
-2026.2079438723897
-2623.264418170029
-2249.2331981307084
-2014.353739034097
-2229.2343444634544
-2010.4345107110694
-2215.474411804086
-2327.5673923914887
-2391.0038782001234
-1914.6092668837439
-1865.502294292377
-2549.981251968835
-2090.9106525501957
-2093.5860286699726
-1905.5626946759783
-2194.599441577678
-1937.295574131438
-2208.6499623188574
-1976.8594703473832
-1990.6559095761195
-2401.5095202440907
-2145.2710638480153
-2100.2726902111654
-2463.8891816610903
-1962.7550933739612
-1903.715388189835
-1912.1184080824676
-2337.6315502787443
-1909.5848967845982
-2260.983918564263
-2050.8755841230177
-2125.5070739421694
-2056.7666028802023
-2019.2602899394708
-2017.8572793688882
-2368.7971415450556
-2095.597142359827
-2495.875636788115
-1969.3065990415403
-1921.692111633565
-1908.3852659907643
-2156.766631733342
-2145.4809153546644
-1922.8745260313456
-2374.644760524768
-1941.6698969121019
-2169.3770658911717
-2080.6123624448687
-2506.8195221980136
-2148.1644039305006
-2176.7701113362805
-1987.1596010150472
-2083.675720922381
-2204.895261461914
-1790.7820415332012
-2398.5672202773026
-2173.840670610436
-1724.4145628714614
-1968.3400745455326
-2599.1680689440195
-2173.634690783027
-2172.5931605361307
-2175.615289030519
-2166.9920949674506
-1790.053048021839
-2079.3466801009085
-1928.6016362166627
-1808.8269232981181
-1899.324705066734
-2265.250269395563
-1793.7692276139476
-2162.634113555165
-2034.1599763465344
-2327.133443561273
-2458.1872174744344
-2112.5654808592285
-2340.0839834432377
-1874.9784236659516
-2030.356226841817
-1856.2947388742443
-2010.9611484706577
-2066.824770894471
-1748.7170592955981
-1890.590557794297
-2040.8439633482712
-1943.089897682062
-2269.7606525259503
-1939.8651386645638
-2024.28767842315
-2153.8996555539684
-2063.1101113147583
-2011.474997350553
-1862.33479573332
-1776.7942611209503
-1885.189476530055
-2162.5527613019567
-1830.9750271454914
-1852.412736027177
-1939.6745923610006
-2238.9044838739183
-2155.4123640878092
-2067.9057779212717
-2071.9654461789673
-2109.843147753324
-2106.8064363601543
-1871.4917406333316
-2031.5107217141704
-1921.840405924097
-2156.7234960231513
-1890.0151582139006
-1772.3911913056809
-2066.8796914780437
-1825.3512666671895
-2197.9338161061514
-2229.2879495525644
-2380.186324354746
-1873.8130371008604
-1858.9258952086384
-2276.2986893089274
-1861.9227361474016
-2135.4062010778307
-2015.1855464176724
-1958.6355615271787
-2172.3695937074826
-1807.0033921311308
-1834.9166060760408
-1838.2656516540997
-1917.36086635963
-2138.4054782373837
-1802.9675993115115
-2144.4435404006267
-1906.6722911628383
-2215.041305725355
-2005.7738869675054
-2089.618364832513
-1566.596460387619
-2081.054660610114
-2291.081003195551
-1834.4742476982274
-2080.675297261239
-2175.184310492106
-2181.0706907963845
-2033.1031786263168
-1819.6141954776429
-2056.937490985967
-1858.7143239306524
-2246.896226173017
-2343.5385839841942
-2057.5447418714944
-1725.7243580752229
-1796.1051288016847
-2203.38914693766
-1873.282465046132
-1905.3884584983462
-2006.7086718171086
-2078.8625310414304
-2044.2114240151795
-2209.2376610384695
-2289.1480107342727
-1935.3290659678246
-2315.425457949116
-2014.5035824612337
-1882.7944550023276
-1983.6042944341343
-1784.5867921463478
-2270.5459633972587
-1886.404567051766
-1936.2842445273288
-2343.738058891943
-2101.826570513656
-2128.4531801045105
-2175.4541281736288
-1871.672977556076
-1794.296654998524
-1828.944563225341
-1921.0644652102646
-1893.9394117907023
-1839.1947695664965
-2160.7411651842335
-2099.6219643068375
-2158.862612635742
-2047.9800352275815
-2135.9038475155558
-2163.8011636904307
-2170.648389005387
-1927.7520666554149
-2016.9471591813888
-2101.846526798337
-1790.6031327060075
-1968.0075671509342
-2192.706985257732
-2031.566709241618
-1882.1531960721868
-1660.4563787935067
-1946.330889941878
-2404.8121360034124
-1700.43458557085
-1977.5926909131886
-1829.2402423334752
-1945.9535392067214
-2177.156486143481
-2440.7439782744495
-1992.4877787733371
-1992.0963937278848
-1842.484124827886
-1933.07979748006
-1760.2741759396708
-2195.2271818028134
-1906.6389468158004
-1733.3828338912267
-1890.0242654582664
-1990.9387983062084
-2086.4584408676697
-1748.2398179967856
-2357.224030347866
-1884.4583257213537
-1986.2073799270236
-2031.334693589698
-2014.558793195873
-1883.9375605595005
-1862.935161946425
-2127.5130018166633
-1943.1203319468914
-2205.821122380425
-1964.9849510184065
-1790.219619543307
-1882.0886105651655
-2109.9077891243173
-2051.933728512134
-1977.566148601598
-1752.4929644087833
-2071.3977755154538
-2012.4308229294847
-1955.2521878449727
-1828.788083916581
-2172.865670850684
-2227.098459835322
-2183.764855197054
-2086.430300998498
-2240.4825454918523
-1923.395604640067
-2010.8879435777337
-2389.130705861893
-1969.679583001242
-1912.014046865596
-2105.4197729283296
-1963.919787652309
-2099.369578267798
-2102.380458425327
-2161.626286318062
-1679.55753183998
-2056.6234564224646
-2132.2586811480437
-1802.69847289047
-2306.20331489899
-2176.916133585433
-2212.9908259322706
-1984.1754419269182
-1882.8728138673023
-1997.2890011684829
-1873.3902342118859
-1995.6192810726266
-2047.4871093920956
-2295.673877030844
-2037.5053456655496
-2041.6788940023398
-1967.5932081648818
-1922.5745155981822
-2126.5753813954284
-1912.5278940487597
-2187.589082512977
-1951.1192874925628
-1961.3002537134325
-1639.809070471537
-1916.8459029476592
-2142.7642598584434
-1973.9915622905592
-2017.05695535203
-2117.2543047086706
-1753.0524543805293
-2198.822402903408
-2276.2107318646713
-2439.142456627768
-2042.9838083025786
-1939.38769537442
-1800.0195703827158
-2195.9626938073943
-2170.190487937394
-2136.568488716029
-1836.1389778279013
-1951.833763765465
-1890.3537614255315
-1633.859953428518
-1922.7207630036899
-2237.5569948473717
-1680.997352114974
-1913.856831078985
-2052.5098969068767
-1987.0426267412633
-2105.9696633424473
-2045.82694622992
-2269.8268493247515
-2207.3565851967046
-2012.90900671588
-1921.4774974338497
-2190.0305912258464
-1966.0499517242854
-1864.2482654864184
-2070.117339842445
-1883.2257178568045
-2039.427955980087
-1895.9098856476003
-1984.614082365242
-1819.0638705524152
-1798.3140902667042
-1980.7927978006137
-2050.3054462067334
-2017.9297015851466
-2045.201570595042
-1952.7887533275507
-2028.817042448502
-1805.862343081367
-2028.9008775777472
-1960.5064102077097
-1813.0180092187607
-2096.438346454153
-2039.5778043240236
-2093.5227198392777
-2098.34354594657
-2127.9064554264273
-2094.623582200725
-2069.6037760469253
-2165.962504182797
-2061.797253184648
-2355.5541463255445
-2112.4598355345024
-2056.576526854943
-1778.2862037351792
-1949.3713483656702
-2038.466192367795
-2126.0149515458356
-2019.6740751983664
-1802.3671831217723
-2070.885013202448
-1911.2943882280535
-2149.5771169275054
-1962.9397491931795
-1825.5818583400498
-1941.4421166080829
-1677.899554270573
-2017.633348249242
-2010.986247461398
-1805.6685149018308
-1920.1122931550753
-2078.7767118653933
-2191.5296206599864
-2197.7377227463703
-1978.2894908864102
-1952.0556841160087
-1944.6754098096314
-2072.609172070024
-2004.2142200324759
-1786.9616497823097
-2244.3676965730237
-1946.7144189372805
-1851.0585568332497
-1937.6528128817201
-1806.4249745761601
-2171.082802819989
-1776.1263096567368
-1940.503853551301
-2004.8825811238444
-1980.2522710448266
-1903.2726329220832
-2014.8804870172958
-1828.0986457279273
-1895.72920342005
-2103.885539395512
-2364.6355341027843
-2099.584449899392
-1882.541203986969
-2125.06895839643
-1877.5526026080634
-1887.4052434607265
-2431.42858018413
-1892.5396130351612
-2094.9550345782827
-1884.7831784749644
-1864.6683979495506
-2121.115194629659
-2040.2434560067059
-1894.1604091012757
-1749.7922744276584
-1903.2438104653259
-2029.491998462147
-1865.8647631958645
-2318.253328805273
-1726.502456202245
-1920.8972780168137
-1862.964046369532
-1956.615954993451
-2046.3128857376491
-1951.1652426507144
-2079.7980500420067
-1701.9438208068748
-2125.86515180386
-2102.7322859055334
-2057.5318508953624
-1764.8899493631213
-2274.039836379494
-2207.974721147234
-1984.6346603860593
-1964.0212654070788
-2207.449192170494
-2141.0362253514213
-1967.8113451816412
-2274.3706673806373
-1773.3980739721433
-1992.0721098554761
-1848.4973009220478
-1994.7022873989335
-1974.2803974446358
-2217.4354071119574
-1965.2305750496432
-1798.7997844067004
-2023.9994664724852
-1999.6915877815745
-1937.0385067471536
-1941.5209331187348
-1875.995845323267
-1915.967662620615
-1983.983084989327
-2028.7485263301312
-2101.5562095054465
-1876.8600896406247
-1840.5472020233676
-2293.7425203637545
-2006.1290120905844
-2260.1017093963123
-1923.1870244688632
-1961.2234715663901
-1862.906066148466
-2055.910503935132
-1658.3791097412661
-1995.9039638445063
-1869.2607925345242
-1853.7976958594693
-2128.0971496513034
-1718.9746230831138
-2052.4111416072533
-1638.7580295069893
-2180.8966533192192
-2000.6221773964307
-1872.4692929296052
-1949.4285426474542
-1963.0225140600892
-1831.4020210621395
-1924.8218761262651
-2271.287620382442
-1884.0543305375934
-1964.364462009812
-1924.684305093025
-2345.247936188198
-1970.5919984768502
-1981.5747789602765
-2012.2960200164941
-1715.1050201115177
-1859.880931874306
-2222.9433459869992
-2314.019903238625
-1774.8106018973278
-2014.8594858412002
-2049.6609751282754
-2068.7045151449265
-1999.9741338102413
-1934.0843413691528
-1986.1286804675328
-2059.4925897832927
-2045.3013226056116
-1986.9290951516514
-1915.1210204738727
-2071.662920141073
-1930.676378469119
-1798.7781305023263
-1975.971170347164
-1867.0682987911882
-1800.439521471529
-2036.2952513519413
-1859.6260269760003
-1936.5878061967815
-1856.4936808603027
-2100.7832922107677
-2073.8649723872695
-1845.3133667923496
-2005.7836761169938
-2106.77124140124
-2011.866020314382
-1963.7533654514614
-2028.2431266098997
-1901.5421328319471
-2202.3854170124578
-1785.5357493261
-1915.9556450311238
-2101.3457752828963
-1784.2309059705317
-1805.4099445124773
-1834.1990987880088
-1735.1836033174895
-1895.9076466331496
-1887.2022407548338
-1754.842135320039
-2163.5240801968916
-1778.7335854367714
-2092.435716398257
-1905.469330286538
-1923.3132917882429
-2068.583577104076
-2097.078188698585
-1792.0493176205975
-1865.565326038727
-1825.9789437591335
-2216.6881222959237
-1776.619778807174
-2128.5032635238235
-1718.029024174808
-1945.5161119732084
-2363.5472368427213
-2320.615667798369
-1699.9713205830485
-1963.0350261786962
-2112.072994758942
-1821.2201692512328
-1782.473099559814
-1895.9042724961346
-2119.274256137661
-1800.1835546410475
-2082.628625835291
-1893.6322017682128
-2018.5181817022426
-1933.8507913418998
-1972.0325531779445
-1990.3793457581346
-2011.8329145495006
-2335.1606865299873
-1902.945892008855
-1887.0445659428508
-2029.7320709056564
-2004.6901795840336
-2012.8865533894777
-2067.9537449965505
-1863.639217068143
-1975.297053749523
-1872.7820189437878
-1871.2206913508464
-2192.552551375473
-1997.3295912753842
-2056.4641381774973
-2079.2735438127074
-1749.6142325541045
-2092.21541131522
-1908.5414510701555
-1866.907224700296
-1760.777453785463
-2102.5757239586533
-1862.3657499263836
-1783.1134203127092
-1881.0662240586528
-1885.8196273967287
-1911.16864792672
-2005.5966802091775
-1989.5732022648463
-1971.8348294579487
-1934.4535664327393
-1931.2542771310466
-1857.3695562672606
-2076.9881925771624
-1783.0337270746093
-2169.234044385009
-1820.2539133198454
-1910.6743293144675
-2083.472531152936
-1886.0513680729143
-1890.1482571581405
-1981.1999683400013
-1987.9718332215868
-1939.6180382304135
-1932.8646005623903
-1953.7807629711915
-2224.610692192294
-1778.1427375604003
-2071.5720681772723
-2018.4936928188035
-2352.5040962327207
-1938.6045368771724
-1968.8236669794078
-2152.001053376115
-2105.731195230169
-2004.7563658962874
-2080.181721356748
-1911.3381694412456
-1904.8847125934092
-1970.6177905338254
-1946.8059264895242
-1766.9116251331354
-1830.5850600692027
-1936.215409498047
-1978.1445347883773
-1697.7799038553994
-1719.0217057030034
-2035.8415195982686
-2162.3420821359086
-1849.0987051850582
-1969.448149916548
-1935.9834408794159
-2115.7535888396033
-2076.838957651707
-1865.7365268901835
-1660.587451538814
-2060.2184695196347
-1805.7344594838314
-1774.7420424155346
-2031.170291225373
-1865.2450931831243
-1932.5456324401327
-1857.0924434542512
-1987.1732824689823
-2038.4789264963304
-1710.2987864521194
-1740.9168905997672
-1925.2428798949281
-2022.4092126567919
-1740.2591192892062
-2123.247658934164
-2047.4966381030954
-1934.7540761916298
-1827.4297321149697
-1913.1242748027846
-1850.3421224606952
-2245.0494773980818
-2028.8102257155297
-2030.2567286147314
-1975.5165767928827
-1887.2387054136827
-2052.155955466635
-1908.9393474378794
-1883.5989431856456
-2141.0371658362633
-1849.039521673937
-1901.8944188943242
-1989.0325608629475
-1706.3285538881382
-1745.6316476557495
-2214.5805763727244
-1731.4014208622757
-1861.0322375418218
-1946.723728350238
-1690.7829691885909
-1742.7570507802156
-1688.8843214255623
-1809.8488248316135
-1918.4731735837013
-2087.6176151952764
-2098.513262840191
-1856.2240041088278
-2062.0872767862693
-1886.1609068656603
-1951.4640319743885
-1739.5168127936595
-1846.8111539365746
-1819.504161131756
-1989.5177515910045
-2076.097857217818
-1723.4002391548781
-1874.795680165972
-1792.0951804415422
-2055.137829329768
-1681.8579503428382
-2083.158088820041
-1957.8456124678805
-2277.994970657011
-1991.38942609311
-1837.8312614912757
-1762.371587798184
-1949.9446794940181
-1831.9027599660087
-1997.865140670804
-1724.9032892065022
-1914.6640680533174
-2113.870599861249
-2074.6366544218504
-1884.8864603714712
-1826.6010840804138
-1932.8116662627738
-2189.2396949571125
-1745.0180680132999
-1935.8168416983326
-2050.594722890965
-1746.6408977172678
-2080.61090611138
-1890.150317247323
-2440.411091385009
-2201.2796154071348
-2095.4811921131286
-1934.2796762995858
-2123.003891987794
-2124.895264024995
-1933.8333572866127
-2184.4280821982375
-1918.8914241240543
-1744.2025771077215
-1851.4899264579444
-1933.9209728350274
-1890.9722357543499
-1996.806597922147
-1778.8028184142408
-1844.513482418124
-2075.64269203417
-1961.7759992357621
-1810.139102830144
-1927.1833976413836
-2059.8965453738015
-1974.1104731704409
-1868.2084392377392
-1711.609029974046
-1982.8049255987987
-1957.9870584111302
-1732.930237218995
-1951.7887080051096
-1827.484506505232
-1965.4411493218126
-1871.305762220426
-1896.140155727382
-2261.882522164231
-2007.597575372865
-2114.9444502445012
-1934.58661363474
-2014.9872560689982
-1784.7763722763532
-1809.6253615901148
-1936.3392144165305
-2061.4795635883625
-1821.47671710634
-1869.7929041176421
-2009.403985324048
-1801.387193209438
-2002.8384493239898
-1942.738712422019
-1806.9783535589315
-2051.3529655099164
-2005.1143764775652
-2134.6779975085406
-1877.9379396092518
-1720.1683250993392
-1969.2792430870304
-1969.2709129301309
-1971.3713080690625
-1947.8581582576255
-1914.9893422855757
-1844.8794750249535
-1797.020287377037
-1844.3812165214288
-1904.3299938074133
-1962.0000437937606
-2037.0756342464972
-2108.4005427937695
-1712.1682036929988
-1881.7384763290827
-2042.493026762678
-1717.9650943569713
-1855.9113047740154
-2007.507656630374
-1917.7213478400238
-1956.5283441403164
-1982.9831947325836
-1989.7438309197566
-2065.9120884800086
-1721.5737469141652
-2045.2448527948138
-1752.342193706443
-1938.6364382870752
-2172.536707335184
-1909.154118220688
-1826.518088636958
-1731.4916842113107
-1940.9472363575142
-1817.2455989427535
-1887.5858028377957
-1929.7455247863
-1877.9170561348556
-1708.152053164611
-1721.6635721891537
-2043.6180531961634
-2171.8932745628344
-1878.3270174534312
-1759.342837471538
-1703.9400929652904
-1846.9794145735102
-1942.9375678116457
-2118.9963585022574
-1787.158309816613
-1966.3255955988527
-1677.212864139984
-1804.786273885
-2016.689541552902
-1737.4808900046178
-1734.4390671662925
-1770.227961755691
-2371.052521665401
-1803.7581669203742
-2145.0734858584433
-2158.0432822270413
-1958.9329498916534
-1672.6066959096943
-2027.303233794892
-1738.9242898077482
-2054.296019917816
-1634.7727211543106
-1817.993435866959
-1993.0053994120271
-1785.937087684133
-1926.339696882854
-1921.882866578268
-2060.9767925115534
-2166.561912996815
-1769.3844637750872
-1818.5622263418893
-1757.7818784338554
-1760.38202985233
-1895.233183576226
-2022.681546113793
-1883.2535406490665
-1940.3722207421802
-2104.901123980084
-1784.2447783831758
-2064.7868728125795
-1682.917598559005
-1896.370400019713
-1810.2149372115482
-1739.808746403242
-1693.116939732649
-1821.440402766119
-1831.289848966488
-1740.680239846978
-2102.400022163043
-1973.2530586794987
-2058.4341085249102
-2141.9036221079327
-2143.4934162542922
-1866.7853457202386
-1999.353534760974
-1928.040110414635
-1910.5550369924267
-1802.8101182560183
-2038.0184170720372
-1736.6181753261098
-2182.1625637149386
-1905.050296409104
-1824.855922521131
-1736.4603590689674
-2101.6000189971537
-1757.4311171537754
-1856.1216082014796
-1928.8130039555035
-1930.0543691974735
-1901.8834048601195
-1867.6042151661827
-2000.229433960411
-1993.1942242489467
-1829.150244204748
-2268.4914755430573
-2176.234323457605
-1878.744586492412
-1954.7760545077053
-2061.4612721237563
-1943.9619290620394
-1888.39464711251
-1576.9134501013054
-1774.749729855741
-2224.6606043818383
-1786.2001049838532
-2048.367410309771
-1779.45048126013
-1797.070588818269
-2100.918202954535
-1714.6592302157828
-1890.9914023158956
-1760.1747285336978
-1809.744246461716
-2276.34392541322
-2037.8488229065338
-1948.8796320814506
-1824.8125009021005
-1855.9698140642363
-2228.5063322170017
-1999.5449168052755
-1949.188753016832
-2065.2728808951147
-1833.4427480359468
-1832.4667786401385
-1939.484011079258
-2015.5176814910863
-2049.0765681459056
-1973.7888830127745
-1810.0254112944797
-1851.3168030679471
-1958.3884279253816
-1843.7524145802433
-1816.314391252814
-1875.5100932735822
-1931.559031807977
-1973.6507157760109
-1733.309324841267
-1972.0213325749937
-1790.4447638616411
-1799.605187105219
-1954.4436008496377
-1894.3978373891798
-1799.6457592323513
-1866.0239229062072
-1732.1639218040027
-1953.2825167003896
-2129.7541405440825
-1994.6115177270274
-1856.721516150572
-1921.4313971320212
-2030.1681789941708
-2047.3494391257802
-1964.1768280890149
-1968.5832873977074
-1742.704555828152
-1908.7173975973901
-1732.6117242620112
-1861.8432721820036
-1895.7660208004324
-1802.5251797634367
-2043.3354026419686
-1965.9079677952468
-1861.1359395377112
-1932.3585300520836
-1948.7688285133934
-2008.3946243473692
-1747.2939692807574
-2118.856482642951
-1923.8858135077146
-1858.9186039865083
-1741.542659704688
-1881.1521244912867
-2021.0626017063023
-1712.864091658439
-1979.3659886164967
-1809.390925487337
-1913.6826474299758
-1800.869046948006
-1720.1443078481404
-1952.3290503266596
-2050.2325950480163
-2159.411287509347
-2036.6081025784301
-1913.046387899268
-1805.37937193789
-1792.712432845581
-1934.479880354352
-1895.6309488891138
-2040.1114193838466
-1861.0146175220912
-2007.997471264721
-1984.220256889069
-1796.7390245050105
-1960.2975987322852
-1754.5841663329222
-2053.818010004563
-1781.7737373631583
-2074.2155821764113
-1803.666251926505
-1963.0326576941825
-2169.0560135742126
-1967.769100127881
-1864.5558658346622
-2011.9221380528288
-1950.3058242916593
-1917.0656720978761
-2018.6433142323394
-2053.6725383369626
-2064.7402461510505
-2021.8006599841226
-1745.2082418534746
-1923.409542980023
-1873.2492118983644
-1850.8008281531443
-2028.0794774689311
-1965.468066137382
-1809.775000127995
-2163.0424908071727
-2037.4859994858305
-1867.7141368416233
-1916.573905521847
-2046.9220379832173
-1827.5547225227922
-2018.716196302168
-1773.483184971128
-2047.4990596350258
-2034.2793897499794
-1886.4936161098867
-1859.8653071562069
-2170.2921588827894
-1879.685662334829
-1786.159489082365
-1998.5089674320382
-2063.652303320366
-2042.9544673877547
-2015.6830857744326
-1876.3495301796004
-1773.24551748151
-1934.2599317411223
-1741.1296034256336
-1796.094828998263
-1861.687225033886
-2089.228289279012
-2207.6515503807145
-1813.2402590753218
-1964.909823220232
-1895.336038966221
-1938.9945303013592
-1989.1117523140065
-1986.1307930829107
-1962.2911725707336
-1784.028624820932
-1816.27638626302
-2345.4131982426475
-1627.5776368951747
-1827.8517193694076
-2164.7501562563025
-1866.3811385064594
-1826.3771731735158
-1939.1706032113718
-1993.7307484050173
-1914.1642507599195
-1995.861473323737
-1942.321506267255
-2131.9796236920047
-1773.3267173118074
-1755.882739895017
-1975.3826801536263
-2096.4439968501747
-2068.073753999354
-1756.5232233153315
-1868.1216937128597
-2212.8939602868977
-2017.0221615146527
-1615.7124113454395
-1786.039114874577
-1698.2464784582837
-1835.138222963497
-2139.3979867862904
-1863.6900604466196
-1911.966842468606
-1832.3991390514607
-2008.1608707832365
-2143.275367553281
-1868.0731797172925
-1960.5499646669393
-1832.7269700360653
-1920.514483707252
-1786.4673068596512
-1974.984792848371
-1869.9547259192893
-2082.8131321621645
-1879.027509326781
-1824.2327835006756
-1952.651444116638
-2221.0384865237725
-1961.3060973446081
-1822.9619189931284
-1875.3861544395252
-1846.403483528682
-1838.749444574968
-1684.2052276081467
-1818.4636595962766
-2068.3386529284753
-1895.446593553023
-2099.340504088504
-1824.5174342662049
-1847.5238041979164
-2010.0581671650525
-1953.45713543176
-1990.0457704886421
-1981.3619335460921
-1748.8850026122918
-2025.1803202706394
-1691.0447679420577
-2219.0460492959023
-1862.8618473973631
-2035.3476179923514
-2023.3106497076526
-2279.2353893147915
-2025.257946750311
-1969.7165872647176
-1943.2454656603857
-1857.8482809950474
-1933.1122738320219
-2133.976886559786
-1685.637883611609
-2058.8756901724414
-1804.8657802679777
-1922.9915459816011
-1779.9801843487953
-1850.6852364573858
-1952.8902498510397
-2096.4753293221925
-1835.0679650866578
-2002.4849764956089
-1865.0992853317166
-1840.9960480423867
-2016.8977674781142
-1937.802195974275
-2163.0347993374085
-1705.4463802626983
-2138.8997722187946
-1899.8933159149783
-1886.4107759180642
-2031.497535822674
-1942.5242460079692
-1942.4166077165737
-1914.8606671900552
-1839.6099698228813
-1706.7567665230908
-2019.9001247157048
-1729.0313745043816
-1793.2791589004728
-1824.233592724674
-1773.1318592946045
-1908.2146809777173
-2004.9060943662544
-1893.2463396520834
-1804.5742827057697
-2056.7287220685025
-1842.4828155928735
-1771.9546367056116
-1793.832336483272
-2117.7748931425485
-2014.226741028328
-2046.2851991485525
-1924.0835410920472
-1826.3916041469363
-2149.6114980238103
-1895.4733991346473
-2029.2203529786493
-1701.0632243111029
-1831.2520948178617
-2145.8660117347063
-1964.6318548369034
-1835.7946728052725
-1956.3173246553663
-1784.4001495481625
-2024.377354887975
-1922.912147277059
-2068.1374139432005
-1952.823212043454
-2151.117129099444
-2228.5451103841733
-1825.2146467549894
-1963.3710111691537
-1774.7591770551744
-1813.275971831698
-1861.1483517133781
-2007.4751013104415
-1861.0037815869255
-2243.974839662433
-1925.4027303017338
-1871.878129886797
-1910.385084323757
-2078.782600397392
-1927.9818526583742
-1891.3518262572998
-1716.8556625619317
-1879.3133537867354
-1985.7698888575048
-2007.2697786150584
-1859.0065764435055
-1782.2845979891881
-1864.4995265264197
-1760.993144446068
-1939.5841198411586
-1903.8620422182366
-1716.5605137009109
-2024.2554707296474
-1862.169833076182
-2080.3452219710402
-1791.3220659860087
-1852.444175775555
-1873.024650754043
-2340.0237364352884
-1731.825262427162
-1790.4047386014176
-1831.8638383299203
-1875.1511908387224
-2046.372174124579
-2094.1549194357394
-1945.7899085281988
-2405.8442637919206
-2219.1370286770684
-1782.9312773877264
-1653.059676932161
-1997.6499236135464
-2006.4786803491975
-1995.9152687003461
-2066.7477167257903
-2056.8610982011046
-1798.4976995664417
-1768.0800770399649
-2123.323572677418
-1748.1838058989067
-2088.051760010717
-1593.3764604813432
-1655.00303436506
-2018.1219808872586
-2140.2429960594777
-2138.612447922735
-2181.2198428393567
-2054.0170277072552
-2059.876934740217
-1930.3006862878603
-2072.445433519265
-1912.0140551598681
-1952.8814566030965
-1776.3565638640366
-2100.3914381168115
-1830.456433976309
-1959.4902300298263
-1730.144516401043
-1826.0386447751412
-1761.1760113034663
-1752.19294967718
-2168.086211475417
-2136.493598042852
-1880.4537537795215
-2145.914051035903
-2080.4279991675216
-1860.7754808726365
-1758.7689553416062
-2223.3318546065793
-1957.7336945094612
-2058.9791947447716
-1942.9752164732313
-2112.7918452522385
-1797.6439610180341
-1740.7196784897296
-1866.0874356417085
-1835.057156426915
-1975.0295195767296
-2069.2782649450437
-1934.520538438237
-2044.231817024388
-2013.0975609504615
-2092.0667036934324
-1894.8193451993343
-1875.6000368521259
-2216.8850325585695
-1758.7215051675366
-2163.4017885082762
-1880.5694806863285
-2090.6207351245725
-1849.430527074121
-1827.6076310910557
-1767.5112907606065
-1878.944935067813
-2105.8739642223113
-1994.712880036653
-2287.9681089386445
-2007.76866790819
-1821.2964380431001
-1866.688103499234
-1834.568921796027
-2036.030026209318
-1671.0834040532795
-1908.8008550522418
-2004.9426408248005
-1812.4358681672475
-1858.046620054246
-1841.3619049720028
-2051.5787495859363
-2090.5104578822916
-1816.4762474718282
-2051.6089245470016
-1969.1754495106886
-1881.531064929255
-1913.7203310777368
-1944.0438217059877
-2025.8198975747089
-1816.3931455795075
-1833.9383520398405
-1957.5965615099217
-2155.368628772034
-1730.55751312142
-2136.818393400204
-1617.49378601642
-2017.8148357462346
-1902.2755072780933
-2043.7472494839924
-1883.4157836599386
-1820.9068967815217
-1878.8466590001024
-1971.0580316681376
-2019.5050864845643
-1977.6491090597538
-1802.7554365261922
-1888.5297429088712
-1975.7992440954524
-1876.6552045861904
-1863.3419332761332
-1941.8400713007077
-1894.7287200338833
-2009.4432711379286
-1877.4251005684648
-1837.8884326655143
-1816.8191622786035
-1964.130475005402
-1979.9442396949762
-1728.553649654715
-1765.9067111849029
-1755.6347866328044
-1837.644778985718
-1744.2866812391233
-1958.1098156614364
-1889.9166297991048
-1915.7765258082136
-2038.5762435196361
-2123.367231187022
-2145.3412807227432
-1745.1556610045104
-1927.6213413353803
-1905.7629735680225
-2017.5759127045033
-2079.4672328121833
-2082.0937628533916
-2066.3489694936866
-2015.8708558255476
-1983.7698058107956
-1820.6710762394794
-1988.5997818827186
-2118.223122226076
-2024.0510558351693
-1958.827796991919
-1879.7888038358942
-1819.6655501242687
-1935.8803669002825
-2058.72010753347
-1803.8621988727073
-1857.6657738233419
-1933.4848379291143
-1838.3386468505814
-1928.7635815133062
-2084.3590451295986
-1828.4190878148977
-2086.004701175918
-1761.8947461913294
-1686.9669998276966
-1976.020639015623
-1896.9125279774985
-1882.6158475109144
-1794.8902855187994
-2089.362094364097
-2075.870649263637
-2034.2319221736202
-1781.1912843118018
-1870.374766609062
-1829.3454778403318
-2194.3887938819475
-2021.1913409950464
-2054.1452640238017
-2028.666446623668
-2094.7578005677638
-2075.5469106019495
-1860.2888256875867
-1797.5839294290743
-1989.486618004465
-1791.9620805979748
-1973.969363860083
-1987.350299259929
-1773.0478210530969
-1764.0398896802883
-1855.6538340452234
-1899.3046705538634
-1915.9101303617708
-1925.6531174499364
-1939.9294469675792
-1828.1972075655194
-1974.1699580694822
-1840.1739226751376
-1989.613870508445
-1773.7640932484874
-1898.9669890684415
-2041.7211242553838
-1790.2592202965254
-2062.6700150086986
-1919.315963439366
-1807.0458135345361
-2049.036027658936
-1933.3263874352747
-1853.9396145485794
-1770.35505064726
-2009.8025242943977
-1758.39614983502
-1779.9819254196057
-1899.2193673239615
-1881.9908110961042
-1925.3751525544824
-1953.8645962302244
-2021.0012705829567
-1967.6223198682158
-1979.4438911165123
-1849.5186133402467
-1858.8276541809669
-1958.3307728013247
-1911.69886566813
-1998.8993072253068
-1926.8455671696179
-1882.4498297388047
-1759.723085191972
-1975.6571376735928
-1713.794535350554
-1870.5628124993896
-2246.429627019286
-1891.180275591643
-1967.2865485330922
-2069.3035783346104
-1940.535726234633
-1730.1856348019028
-1882.4066007882839
-1938.9761404762849
-1682.4453685176459
-1824.1199214512724
-2105.2726850775375
-1949.6498651402967
-1868.5570500769347
-1969.2658646478421
-1734.7526743015064
-2244.8830518745362
-1825.8479874031345
-2003.6816959261296
-1656.4639444562251
-1962.6222398522477
-2065.613652073111
-1922.6981104153838
-1969.7442065487448
-1876.8612730694517
-1688.7728757527339
-1894.3925386019587
-1967.9596928403168
-1699.55326276484
-2097.0434512086454
-1732.3826140234626
-2097.608319828137
-1793.0455794355014
-1657.3690587977512
-1832.068667290888
-1895.6620076609317
-1828.827517445694
-2077.613051138849
-1828.6492587772825
-1964.4253627423936
-1929.155459202756
-2328.3220479507527
-1995.117970752484
-1991.5803657174092
-1838.5105800101414
-2036.8606576731852
-2045.0014681654332
-1881.2827734104458
-1860.816650569113
-2035.9279417578364
-1636.0731853057596
-1752.720048357116
-2241.002391600883
-1968.4591201443154
-2226.818506710684
-1757.7612163627834
-1794.6997458134
-1779.516053714351
-2024.765585086112
-1810.928855664899
-1715.6084297002724
-1788.3731770745342
-2077.0599320853876
-1807.8228469450933
-1666.8927248658279
-1878.1379399927905
-1852.604585997688
-1895.1667039161657
-1757.760630020783
-2124.020874082679
-1857.089199837246
-2209.8227249076626
-1934.3521624207197
-2213.19233788112
-1769.1442653541544
-1990.6283069596948
-1861.2013129344277
-1772.2860553528365
-1890.3408122203082
-2244.295217691089
-1743.3115520327774
-2005.7754829304702
-1959.978873385047
-1922.501001344859
-1687.0752214169659
-1742.721467467557
-1984.7065903596235
-1865.0402063345985
-1848.4680677433962
-1909.4042768794388
-1966.2979358784225
-1811.4916738356021
-1764.315611068928
-1884.1040127361357
-2257.7019971818236
-2071.469027874209
-1888.4597822648914
-1725.1438253856866
-1929.2498128720742
-1888.5184074908075
-2030.5053317279228
-1654.5527119759297
-1719.6459856472943
-2054.2440423787866
-1940.3845130524578
-1915.4845189491016
-1896.7102431889882
-1935.2645454620401
-1890.6320172961548
-1726.7072140370763
-2037.1173815501454
-1872.6282500709372
-1864.5873742988615
-2277.994939622353
-2008.958185549724
-2060.7130352989716
-2084.5963938709397
-1942.701965430002
-1805.6058767766285
-1893.3832995227667
-2029.8286491922136
-2036.0255814528439
-2062.3942933835588
-1936.900207299831
-1798.3961192612924
-1961.100296149758
-2159.123539619954
-2399.511125701012
-1718.4683382509586
-1892.8612005180287
-1836.5408422483554
-1875.904585797949
-1898.957517096527
-1882.1414640354499
-2145.268773601746
-1744.6005867317665
-2016.516998638991
-1904.5024219102681
-2015.6259002768948
-1804.4151787829364
-2056.6852216994284
-1834.3015094949944
-2077.9955705557286
-2059.5684984090617
-1922.2398552332281
-1926.6369565609666
-1907.2143812607167
-1739.633097521267
-2224.957188901816
-1994.6988142007206
-2031.0085440311036
-1875.685134832894
-1714.8799556929528
-2159.895315492369
-1790.8005010558832
-2001.5515583342844
-1660.615413919008
-1692.9256231798279
-2124.245186578169
-1708.1895324662921
-2023.4627404585922
-2046.1988818742059
-1898.5179977253233
-2135.7094269888894
-1967.9774620601129
-2085.5390880506066
-2046.4122138461564
-1919.2783877003699
-1969.8000305393398
-1827.927287303611
-1853.4145130547622
-1782.9342821527168
-1800.7944755324866
-1859.440792884573
-1753.0128930575095
-1854.6162707018161
-1888.5140963692118
-1808.1232079568094
-2019.9083116836637
-1715.8011340672865
-1788.0998941010346
-1836.972656207239
-2110.784465435066
-1954.2311713932568
-1860.1585708137754
-1961.607877932501
-1786.6494096027525
-1901.1358479981
-1840.7241114829392
-1772.482729185367
-2112.542118073457
-1783.573547114937
-1724.0227196378871
-1916.039566840912
-1641.9530028433514
-1891.604231653236
-1971.1472500292516
-1978.8199673135875
-1971.8670350447737
-1991.0377604668058
-1678.0741480418228
-1869.4860468110849
-1935.7418115072887
-1869.2803882588007
-1929.4350205896587
-2037.6788976900843
-1962.3944622938834
-1876.0737871643375
-1855.7674733833348
-1934.978952731822
-1964.7794701891457
-1757.5599450002694
-1734.7420359567034
-1873.0063121246765
-1938.1887692426376
-1783.8688440838177
-1919.5313440580148
-1782.8140239922968
-1847.7756989643499
-1748.7197747352825
-1880.602633408099
-1768.171141870783
-1738.9328369367386
-1835.4531417067255
-1779.9155786134424
-1594.1391005565329
-2129.5600600954244
-1655.0823568272344
-1723.0725838408064
-2059.0315351626477
-1682.4225793190974
-2068.806417056073
-1826.3705544991533
-1599.3710962806722
-2006.0291521874399
-1858.327910998459
-1665.3345093844107
-2368.3010131456076
-1943.5768947476772
-1847.184382643678
-1930.7742779861908
-1838.489869782302
-1915.6617426396094
-1750.1243479744162
-1874.9226382481154
-1784.4959945664848
-1781.1662304270958
-1930.6181896930657
-1796.2999215927512
-1960.3247925520814
-2205.9831632024875
-1658.8818683447164
-1726.8918277329121
-1940.6351798507226
-1616.8195438462221
-1830.9303642853172
-1656.0786214504908
-1938.5983894404264
-1860.5981630573087
-1800.3364054324943
-1830.3941221888763
-1866.7476121093657
-1855.344488738273
-1767.0055425923479
-1982.956178289365
-1695.6034578271529
-1879.7757852813604
-1622.7689777870169
-1813.561281167802
-1763.059558422422
-2031.5110913096614
-1656.7475251680048
-1679.5405755611819
-1997.212369113713
-2023.4947395723823
-1958.84804903552
-1939.029625360347
-1846.1594583326732
-1670.619717373407
-1776.4860490519777
-1844.4219355616287
-2288.9853661903526
-2035.9022758840547
-1955.7320004064707
-1878.2265491796084
-1961.6029356322838
-2115.39871303386
-1909.5827159024336
-1827.8716820501895
-1807.8487134022052
-1824.455982707987
-2245.926372347963
-1914.8390643622695
-1747.2689911367572
-1943.6170289135825
-1764.239620384942
-1892.3853446881112
-1873.8333646512006
-1966.6635376734914
-1835.3343619726054
-1990.709153008499
-1961.4362750945875
-1753.145676710927
-2261.3943718965597
-1998.5744870535775
-1987.0703227303923
-1987.212712593956
-2016.3929680457554
-2073.0110286386694
-2046.0138437672447
-1974.2630710079657
-1940.6881277519944
-1814.9458747938993
-1731.3431572440918
-1879.3816816888457
-1948.5385705300423
-1885.3459496135583
-1885.4959400750504
-1867.286544185647
-1880.4990390032967
-2064.880913260066
-1822.871225407638
-2177.4539052039286
-1901.8742018495618
-1843.7083773958493
-1774.2966194200658
-1685.31829676683
-2037.807501584306
-1709.1265159708375
-1994.0707343380684
-1980.5865187559111
-1723.7737709372068
-1728.1578457779565
-2009.6719838537665
-1881.1453165864177
-1732.620436980451
-1843.1437427073213
-1936.186895223516
-1891.5062433709704
-1923.3276733313244
-1773.6230121281083
-1835.2278546698917
-1940.7629525689417
-1957.7962552930408
-1786.3112757859985
-1991.667191150077
-1892.906395374331
-1863.8108398056343
-1924.5059790177013
-1706.821561856097
-1991.0311714956206
-1935.9591943612952
-1858.8167144760243
-2023.8560656435593
-1708.238257186059
-1971.022013998537
-1941.02202365542
-1987.0126593806526
-1972.7389308189854
-1991.4963904776405
-1837.5576569367852
-1781.0846863008555
-1835.6675076116983
-1792.3282944739994
-1830.6007517520575
-1830.6515904635737
-1870.1000383731343
-2007.4702541854158
-2014.9955360630142
-1820.110440274817
-1823.1538761985994
-1915.3730785493879
-1894.8315863364708
-1861.560484658905
-2052.743734090187
-1853.7469450311241
-1803.7967958568443
-1785.698680085041
-1826.6298350577754
-1682.6197478744616
-2100.8180802048773
-1928.5723524721832
-1823.4965299288797
-1853.2064456996152
-1940.8004053514571
-1916.7440436197696
-2067.446248368806
-1620.2321263336646
-1666.6546819142504
-2004.3916787256037
-1754.9151311807473
-1867.8943360806277
-2146.0318292720685
-2143.7985885541943
-1810.1668813346434
-1991.504981127688
-1783.188679938983
-1975.8242639517482
-1870.424366707719
-1935.5446007774638
-1950.1928332696382
-2060.913482051093
-1750.6195591910453
-1860.29865747144
-1826.5185162138478
-1905.191941860323
-1926.4316056780976
-1681.8937887029986
-1893.469918425546
-1829.0617391794312
-1911.6952028212709
-2385.553893163068
-1759.0152639485268
-2187.4039866886665
-1833.731325098968
-1814.778282015312
-1762.4548872132118
-1506.4066755755985
-1722.7856288597131
-1769.0335477809856
-1926.8504999754937
-1749.0733329409072
-1811.417190119681
-1865.6258826712915
-1662.3889950134887
-1828.821238346722
-1722.3546736874612
-1616.4460708271538
-1815.3349593583969
-1808.9072668387494
-1722.8283643312593
-1850.4431817038978
-1966.2550452775752
-1800.1232811681887
-1796.2991064847438
-1827.6364851416104
-2111.308568120527
-2178.0977087738265
-1776.4048362789003
-1949.4248791940195
-1716.577786522178
-1948.671309110729
-1964.8628108087823
-1718.214189903939
-2130.571259697719
-1825.6154130164848
-2000.2454366311395
-1863.5755854001482
-1971.5106583508677
-1894.2501996634358
-1796.4133988384565
-2034.2588415469313
-1930.6499093183058
-1960.378402116598
-2120.2756001979665
-1996.9948012797315
-1768.878572838672
-1990.4067858507603
-1698.7462635492493
-1792.4654265223992
-2040.5928784417695
-1780.7040619243414
-1876.9395384894642
-1760.9268869048276
-1928.4979519372262
-1897.9930061269695
-1761.8276559552335
-1821.5777793173472
-2056.605076154556
-1872.7085140462882
-2291.7426034845007
-2068.962652486381
-1811.287583455904
-1902.8072677596638
-1960.5226998422856
-1986.2400931098368
-1774.6009924461316
-2315.2831789614033
-1634.2594598693213
-1903.6958972784723
-1947.185364808399
-1880.4515039090766
-1892.8230885823127
-1702.9205526643284
-1897.4234952169274
-1816.234992735494
-1720.72084655767
-1885.8420397759437
-2095.5135101837686

