-5553.172325113445
-6646.86709966548
-8103.141751405714
-4134.563131767567
-4615.229297618869
-3632.9339604951197
-5217.398819225091
-6342.241608415239
-6003.8918039591335
-4824.683280458557
-5507.404939622918
-3912.4564388948415
-2717.0490857303
-2585.2729797796255
-2561.4293245967942
-2088.5676195313504
-2124.5513974866913
-2243.93898960743
-2401.7516059787413
-2175.5750151467364
-2298.3547960935557
-2433.230202411457
-2748.1577827070823
-2056.8919323962214
-2341.263581012024
-2515.8847414077773
-2476.3457851363546
-2555.0922839172945
-2396.3208184180594
-2292.536087572951
-2021.0202978029547
-2330.4970054395576
-2269.3990970514456
-1990.1191428968868
-2277.1376918258024
-2219.651062637164
-1897.2055996966953
-2160.4681226499583
-2088.0894094089417
-2378.440103155899
-2423.970797844031
-2236.96507521977
-1848.4760138774939
-2008.0450918312026
-2224.662901060226
-2033.8614381492562
-2282.7546575429233
-2015.3891943407075
-1989.597434202402
-2152.2193655371293
-1942.2645551766211
-2129.024533012047
-2208.4662907116976
-2178.214936453814
-2299.0598371614055
-2250.972817199054
-2194.128552507704
-2308.0301567788392
-2036.084018653994
-2523.120196413596
-2148.470819024718
-2401.6960177858514
-2320.1386778422266
-2412.214997411197
-2395.786660372952
-1889.5269931400414
-1803.9080620146296
-1900.5342748035903
-1961.35099907927
-2216.7036507221505
-2168.992750021223
-2362.2797722231767
-1976.5080206167124
-1994.353618283834
-2078.134700741502
-1998.8623267443284
-2088.128890935291
-2944.47229871878
-2317.922894847983
-1954.0037937410889
-2105.713255821753
-2266.697155208116
-2124.008468319438
-1987.715891794504
-2288.68228208025
-2069.864698662231
-1905.9869191301816
-2394.7194079842825
-1791.2228876130685
-1972.3865810682198
-2283.089002174762
-2135.596753095699
-1932.647865632023
-2055.818052175693
-2008.217872902082
-2024.0908544098565
-1912.9313769827859
-2232.8460305922013
-1811.2002521640986
-2087.241836285939
-2240.2110723566616
-2314.6094757329674
-2235.644324529008
-2445.1806238320937
-2259.14076987904
-2383.539834246342
-2287.090789485117
-2343.036174570271
-2435.0888329498994
-2026.5135818026138
-2181.22248717821
-1942.5094321665595
-2541.026697435639
-2301.3555493380018
-2209.807761440176
-2057.1990196181623
-2127.4053003018225
-1953.6772343443517
-2162.5250947168242
-2127.00735209406
-2111.9707322164063
-2312.359426785155
-2258.4846858849673
-2066.371903680809
-2301.3307844576957
-2052.527895900022
-2148.7610239447613
-1913.6297097124532
-2182.172480777513
-1945.7114439928257
-2320.4529902566414
-2058.389962884634
-2306.0313459598697
-2396.7123946318293
-2018.8134992522218
-2158.851471823518
-2021.900638965795
-1919.9353561803919
-1682.7731559574677
-1927.4638570928673
-2233.795784530459
-1947.3708480151142
-1979.171950637071
-2235.408925062439
-1806.393549521915
-2085.6591434029106
-2338.618278505895
-2278.5399102151687
-2060.5289364010328
-2226.338122105361
-2039.4114241960579
-2301.6844957038243
-1917.9915936931732
-1956.551675138804
-2058.934572648931
-2114.8173055610464
-2046.2029221440969
-2262.6997633218107
-2063.2308074250977
-1938.4242764900491
-2083.230650465668
-2047.0066872702264
-1999.9471425756267
-2178.340856395239
-1861.090327242452
-2096.864909071735
-1866.1350682140346
-2366.378625942316
-2322.4050571852713
-2344.0248573959775
-2568.8097102451866
-2325.659497832202
-2283.434553598581
-2071.7644404672965
-2110.464346991556
-1988.8738785320188
-1982.697062721017
-2010.8452133477765
-2267.7805757097008
-2423.0905544158354
-2140.94100818966
-2172.7056027018916
-2100.867519137532
-2099.664275583928
-2098.4884467219076
-2102.200869751057
-2248.962165139497
-2712.7613766833088
-2231.3922294027475
-2160.0779968652237
-2366.4473279194185
-2336.0030765200713
-1647.5456365630398
-1893.897553968131
-1972.5170262772529
-2228.1144381128443
-1791.6978263311496
-2592.485685983503
-2189.00563029004
-2131.120431667705
-1925.3992295695878
-2293.016754946353
-2163.060489867719
-1913.2859219099046
-2017.5958295869227
-2416.1928065381912
-2234.9279755601683
-2043.9160384830773
-1968.5831023635483
-1879.0361024984368
-1949.4394718194337
-2240.4186356724417
-1732.7590490814819
-1899.3005038352812
-2280.91209615641
-1979.2224877004437
-2388.2253170656477
-1933.4720941490637
-2028.3633314877109
-2309.230262271119
-2127.170332236238
-1864.9681941743727
-2379.5570256324604
-1874.8888723481757
-2084.4290873630284
-2264.181235583697
-2302.546044504796
-2399.887581692833
-1965.9530401151908
-2176.4133771767974
-2169.459578032516
-1917.3731318511684
-1914.0497286867733
-2099.3971453084973
-2062.4990887807394
-1891.259288412715
-2253.0129742825497
-1999.6149312181367
-2079.7797214508187
-1998.9088576296863
-1799.4219647939522
-1957.4552773495402
-2269.624564702222
-1799.2985305814627
-2049.4982382315557
-2176.037172174769
-1999.617410391147
-2284.6925545212957
-1910.757608552821
-2149.0472374111373
-1959.6789456721458
-1966.8355771424046
-2231.096057222064
-1739.2922824470756
-2126.802083120775
-2372.397919703396
-2094.934959219323
-2041.8873606876725
-1958.8312382860395
-1720.57417813339
-1795.9287315443803
-2040.3486823922976
-2050.6198607886163
-2393.4094228553918
-2187.3247239821067
-2182.7477522420263
-2094.9501789604237
-1820.0969898678
-2039.2262752930133
-1977.9840629761457
-1856.3633254890256
-1934.431133665679
-1995.9925768884723
-1935.7160190560091
-1923.8385548229319
-1926.243692855477
-2224.5753844561477
-2059.879868310192
-2115.148603355008
-2108.861968290863
-1908.7431747687779
-1784.263985198045
-2063.645057397725
-1893.2583016508013
-1996.238432290983
-1964.2821964106429
-2070.4701058023848
-1793.2786710720911
-2056.3906844380604
-2198.8620160207506
-2114.346804329577
-2152.9270542733984
-2130.1585359155374
-2061.311451559746
-2167.7717558869044
-1892.0237209722573
-1938.781324855701
-1741.1791632604318
-2166.1064726868294
-2247.190643167752
-2532.141453934518
-2144.4721751563616
-2250.928958266231
-2041.8173673185627
-1926.7213045987319
-2319.9536575378706
-2023.2538889176649
-2068.794974339106
-1764.1439536420862
-1836.4338615927747
-1997.1261170545135
-1901.9193129307887
-1933.0580150301785
-1957.6886285513967
-2040.9416975431309
-1820.0828855529644
-1956.6823712355763
-2119.5911931496676
-2162.4687221465288
-2026.5776414544355
-2356.2920270632585
-1866.8051385049218
-2485.183091571291
-2158.021687540373
-2163.7792034780277
-1779.4435993285283
-2090.076287646692
-1859.4042763781993
-2402.97675533163
-1953.2925124286355
-2043.0101103363697
-1726.0121150920304
-1911.1795040580787
-1899.0497913420293
-2075.5173213597254
-1893.3152035449455
-2038.3046232996821
-1807.3030539638407
-2097.9979963368014
-1683.5118727194335
-2023.1280098396144
-2173.627563240163
-2105.032800358945
-1951.8021885813332
-1830.8438272043477
-2204.7252777013946
-1900.0768877810483
-2008.0259180664596
-1853.3397851531336
-2082.4541768128533
-1865.2330978894688
-2022.3135084603891
-2107.6566657953585
-2081.9452675175976
-2183.5866938482336
-1987.0597513864923
-1943.8513370996106
-1942.0795832682056
-2080.2035865846624
-2059.5611745065494
-1793.294497105354
-2048.2858232091944
-1769.468007409353
-1934.56407195048
-2040.0726643940652
-2095.840732344772
-2097.2040106848426
-1892.8202654920879
-2029.1367312623302
-2097.369500615579
-1960.7703053420473
-2035.6837559320593
-1946.8385284029691
-2418.460263569475
-2074.9012637859423
-2164.5333453222206
-2130.224365126453
-1928.0072576662326
-1947.383627160346
-2162.5496188910774
-1812.030720546125
-2065.4019991412674
-1941.8786847268832
-2176.476914087305
-1885.746208165008
-2475.4128965505565
-2024.0960194501147
-2339.571996070002
-2074.5693319379843
-2021.5458760451108
-1914.3190845059373
-1923.3466777795643
-1850.9470894256574
-1947.5764046157424
-2006.70948584047
-2109.5694887388113
-1908.1375563878953
-2311.8501896283483
-2010.0767265248296
-2339.5871635647395
-1982.8113531273993
-1911.2598295976966
-1989.1914794911013
-1857.1220378084197
-2018.9110221038636
-1760.8768442254932
-1864.3948272728733
-2108.0088087754207
-1877.4353812622828
-2153.330056069964
-2010.9494015299495
-1854.8314995700043
-1746.8373816994533
-2456.209691306522
-2108.411102723201
-1984.1675857315104
-2313.5585611389115
-2062.3314719885716
-1974.2629533605632
-1915.0123258772617
-1992.701231604867
-2084.6984648232333
-1868.3624048201925
-2061.3156098098084
-1898.1851833905557
-2328.143380260211
-1905.015537134429
-1945.65875754587
-2267.109013204668
-2008.8902463061113
-2272.97294833301
-2005.91472290037
-2165.115202220469
-1813.5413758967222
-1840.7574070238898
-1814.9403805379495
-1949.1240688540436
-2174.2070649976517
-2198.3855826449844
-2091.7595358543285
-2286.219666748733
-2073.799977626288
-2137.998288998646
-2157.8590774101363
-1727.2843045760576
-1918.8692395748649
-2006.0796303096267
-2153.068110988437
-1921.8811104263777
-1941.3878449583606
-2046.3352659744505
-2028.7397274968525
-2019.6150528362105
-2207.311173918338
-1793.4638438716768
-2063.0006187670097
-1863.1056208909047
-2037.3486211873642
-1917.2454474206706
-1869.6155396152462
-1799.4376883466496
-2002.4529982666754
-2014.8371176882863
-1973.7675753627063
-2190.118667675417
-1912.7100056209817
-1996.4694071350227
-2055.715060581236
-1988.7764546680785
-2162.282130519796
-2048.9606927847685
-2144.04484515392
-1915.7438208062636
-1795.5531350723786
-1670.5483468217449
-1885.4201596196087
-2022.5403697564634
-1953.4775011897761
-1846.3173138411685
-1665.5623355261287
-1980.5715059460272
-2083.1520846288877
-2096.413830681893
-1847.5241037267858
-1827.9150213296925
-1764.4253667897954
-1905.179909998461
-1743.2446039971776
-2122.4165112011688
-1792.429741972423
-1859.2040742001432
-2016.8096837822382
-2108.086656880069
-1850.0816142109966
-1745.661499904607
-1817.9846480065999
-2034.6605476669138
-2001.9691060484777
-1927.6563968815663
-1980.7439404587394
-2075.8082858401826
-1664.4521571907787
-1908.619910742022
-2116.6802093810393
-1841.0768255359349
-1932.9949127595614
-2286.2296434755353
-2304.9881722340665
-1770.0257234881628
-1798.62655906094
-1934.5196273718132
-1993.784699386487
-1860.4113643789206
-1877.3579574408698
-1698.2058127584858
-2173.7119132901726
-2113.073314782102
-1926.2332475138135
-1736.3026120016432
-2207.6336352545313
-2057.331167810855
-1869.912546352246
-1776.2591545263529
-1785.603105869503
-2066.3496736456673
-1665.081214268138
-2194.9829889960206
-1778.1023429392362
-1939.5979129781824
-1957.721385827816
-2389.781105805214
-1947.2952240091465
-1820.1005925074114
-1816.5114818848147
-1970.4444033263098
-1969.3181191593133
-1919.8912053058139
-2301.7914652435347
-2118.820340767955
-1716.6904262115058
-1883.395266290816
-2334.506956821233
-1951.2805087261859
-2069.924398470296
-1891.6395402846972
-1833.8152927778324
-1976.3601021189254
-2051.171002028387
-1832.758587944029
-1689.9492660714045
-2064.5453792425537
-1930.7274048168945
-2118.6660113068265
-1868.6010574488728
-1791.5981828055287
-1959.4798905098783
-2027.0638322920324
-1986.8251099121132
-1889.4069169495187
-1909.651331713153
-1990.1017949836664
-1649.8910347117953
-1971.923090705277
-2007.8664165050413
-1800.2241790193111
-1926.4153062818787
-1907.9987818236002
-2036.5404578664923
-2164.251424862722
-1786.881598950078
-1919.2461916531065
-1996.4422942154006
-2006.1009510128454
-1842.4340668662235
-2173.7834731341154
-2035.5145082087352
-2105.860691468248
-1776.8827373776317
-1763.2516898387541
-1832.2707793308143
-2330.4346331062234
-2123.6059991693546
-1881.772466935563
-2058.867837645179
-1835.8765420171044
-2017.853577837799
-1761.016908957057
-1938.465820034696
-1597.5766061217025
-2090.3184227655724
-2040.4173096030026
-1816.649411995798
-1748.0381988082281
-1790.205372480994
-1856.9493104125193
-2304.959117231876
-1988.9069083360014
-2023.946373980129
-2105.6586781894525
-1779.3318757480365
-2037.404732139277
-2229.081606637335
-1897.087550022504
-2300.2950882657315
-2010.9725739244204
-2358.7010349807315
-2060.2853612821327
-2162.10883527122
-2157.7336672614933
-2177.0475154030623
-2321.4305817860713
-2110.183576155169
-1753.6468199344822
-1787.5512364708645
-2120.9544837753087
-1935.553561166336
-2086.141972648061
-1909.4111406861223
-1741.4603873886238
-2030.6532131306406
-2132.006235940412
-1736.4090283551195
-1768.6874733301736
-2083.5909526998034
-1975.4573809015594
-1841.2401858752482
-2128.274115466501
-1865.0069791183328
-1796.9413575911597
-1892.693578231072
-2096.0916194127667
-2014.6491559965864
-2084.5133640418535
-2102.6974521810157
-1869.5947438714811
-1922.7031594233094
-2174.0721749771383
-1859.216970960971
-1934.9792605978664
-2044.127238830587
-1931.6381400448329
-2021.838548766853
-2167.848170483377
-2014.695395609915
-1947.8537760770123
-2104.9857210381915
-2132.255390438531
-2256.4937420243605
-2157.7908216955893
-1912.6540245573906
-1888.8465434981981
-1854.3778912728847
-1868.0313821380744
-1756.3239376467682
-2137.400155278709
-1880.3102202474165
-2001.8334543405163
-1806.4555985862225
-1603.1826002832688
-1897.5525062444585
-1806.0774921485686
-2105.8544494571574
-1776.9701206793725
-1814.723506227392
-2121.328836179047
-2100.7453585741196
-1612.220238977768
-2217.7575687958033
-2516.861147402831
-1882.193736947369
-1973.5878334033057
-1888.5245368392107
-2298.049622964756
-1906.7248289062989
-1855.4003060083612
-2055.754908865522
-1753.6456426745617
-1899.3804091104496
-2027.4708754603844
-1887.4413130169953
-1808.501721586653
-2044.2537522861305
-1831.3956328874983
-1935.912310726202
-2016.7228009747869
-1813.0002359755367
-1925.0851851650114
-1661.4312548397336
-1896.3171612504768
-2086.2519610204254
-1814.3367851712171
-1969.2756446904996
-2126.3054231648043
-2130.4868224562015
-1907.7967788805458
-2118.419094379449
-2009.7026689832594
-1785.7315845773699
-1800.9707859543867
-2172.6609269748787
-2043.8584741219559
-2267.190804281063
-2118.3328733523135
-2073.6290561910437
-2135.226345913009
-2267.9579030138048
-1729.2467083321817
-1928.9783376391247
-1877.819141235057
-1930.3231884106012
-2068.064681435125
-1725.708663393098
-2262.9804922202397
-1857.3243484227123
-1950.0378695622906
-2078.9773412839413
-1979.1960513904564
-2029.720529813133
-1976.8613340559123
-1981.9155413628296
-1988.9486483269638
-2205.0273235706118
-2063.7416985387094
-1670.0252137395319
-1731.712701838348
-1810.1960451732696
-1981.5981270841557
-2110.3506012745215
-1901.761974382465
-1827.7047248512856
-2014.3185026574338
-1870.1913636678696
-1970.484680521602
-2126.7811257206586
-2002.7526181234568
-2241.6619468379554
-1865.6473883739634
-1830.6383651241017
-1983.005353406345
-1843.4987273236218
-1892.2432554043644
-1849.8490321688078
-2137.8829762266855
-2128.969287869169
-1774.8676280481454
-1875.6189844011847
-1774.0754730412784
-1853.016715337983
-2149.8746930186226
-1744.0864463696262
-1861.2023889968555
-2021.6941542926652
-1876.0314899290252
-2296.41912554666
-1881.8355834004924
-1890.0709687190983
-1957.0262988328047
-2197.858438968978
-2146.8186164039944
-1728.410061935643
-2026.5994438577102
-1794.6097233260768
-2030.4736843555738
-1930.1189732036041
-1845.9050959177323
-1968.6391656789722
-2235.2672861958695
-1885.1592147537895
-1874.349159444478
-1671.7399526810561
-2055.7953284818454
-2171.5834086702375
-1894.1762216096345
-2074.812333063902
-1839.9096508467373
-1800.2984187585969
-2036.0714589603108
-2168.4066133921933
-2019.9525259391621
-1919.092317534063
-1734.8236818366602
-1840.8761022470735
-1763.5450513709138
-2044.307381149728
-2066.986644578024
-2011.9141819072556
-1871.1035379981904
-1866.1045109832035
-2065.0236424901645
-2021.7593530354634
-1826.2652573664175
-1931.5549397961402
-2122.1139575087886
-1825.9656589614906
-1649.165235041755
-2206.397224722922
-1941.8339550111145
-1841.549099163551
-2082.54212437971
-2368.202017291375
-2055.1505210669998
-1932.053603642751
-1816.0367746230124
-2021.9758046631896
-1894.801589121921
-1814.727882402394
-2261.3309264244895
-1959.4012672273764
-1708.6185361965615
-1800.832378425007
-1917.89635324526
-2250.3961170121042
-1983.624751540077
-2013.7691222574886
-2133.4051065604854
-1992.13532554622
-1762.0101713341498
-1903.8200661889323
-2000.998724904297
-1936.1970449555045
-1634.9815648964684
-2061.692824845346
-2056.164735766465
-2084.4478790046587
-2045.3528847614443
-1894.451311005871
-1948.3623789047595
-1701.2207954819633
-1804.5175456124712
-2045.2872060788686
-1843.7683624105039
-2008.6720367713058
-1756.552018180713
-1833.4069529078233
-1592.439281797668
-1990.0073480588392
-2296.073986481962
-1826.3018290166897
-2217.586011104235
-2030.6196225899312
-2201.760001357087
-1980.7683093730209
-1860.735223970707
-2303.9015045735987
-2121.439339833236
-1972.3759414286935
-2054.108679506327
-1938.5266764664598
-2033.338286266813
-1799.4741023402003
-2176.9588882985317
-1695.8416227205264
-1657.39156272171
-1690.065892972181
-1922.1877076485262
-1910.0941595351842
-2085.8772630511735
-1885.6520356860847
-1969.3722261427101
-2233.902595404454
-1961.3793313467502
-1797.8641931601412
-1753.10962475475
-1857.3110232286142
-2351.6138605724536
-1942.2206398441695
-1871.7373376075361
-1907.3550108719573
-1937.8329990051855
-1877.8193387952754
-2044.4635070555194
-1819.6653288401399
-1912.5179202445506
-1933.4812857854192
-1929.7427959895829
-1833.8946125500822
-1898.2759338355427
-1983.3624734607013
-2120.702150852783
-1795.508573590472
-1779.1688583158077
-2076.811569977773
-1812.107511816377
-1790.9497645663007
-1937.918063679995
-1605.6318417804619
-1845.6777133668757
-2033.6062956387025
-2114.1280814267793
-1831.3630250775518
-2027.7630889673883
-1792.5124531116553
-1991.3017280802576
-1980.2139232933132
-1930.5041095634915
-1846.6263775311375
-2014.731750914229
-1683.3335884799046
-1901.2834476978742
-2105.4454463144452
-2052.256237423437
-1808.0313457527595
-2072.964023683646
-1883.3377982424638
-1882.825103518363
-2295.7661443866987
-1935.477089378517
-2100.4940728625675
-1737.5741719759853
-1725.636939238547
-1734.165019385771
-1801.4625595967723
-2102.5848444408
-2001.8569920684106
-2018.5516561753354
-2109.3698760664806
-2063.4964188615236
-2042.4651040840404
-2086.1237322886104
-2040.783667322679
-2060.7494713880965
-1973.3536221808072
-1954.010410522511
-2017.2901504855956
-1968.1268443265542
-1832.5280341889184
-1969.7465647715535
-1990.4512777860955
-1823.080802352837
-1748.3383874277822
-2002.7901880236493
-2049.7228218254786
-1879.8773303735068
-1863.460019029171
-1851.0867658308507
-1663.5363518248196
-2127.3984348838367
-1914.3451054966467
-2242.9180820028528
-1841.9447461975124
-1996.8823401633426
-1789.4293360650279
-1728.5637846469876
-1839.8608242603723
-1919.3591816414444
-1771.3734627815302
-2040.392864094456
-2068.1720038631997
-2031.2605284368074
-2012.189530030043
-1826.9393787198478
-1961.2832401245569
-2188.1998005268265
-2087.557730202907
-1954.811520149083
-1729.6625359854006
-1718.026938220286
-1564.2095302988746
-2140.6057852015933
-2055.1398318292795
-2097.227172314104
-1793.8679728171803
-1954.8725401526008
-2019.509884383824
-1723.8393200738446
-1691.785561139153
-1556.1130688698252
-1685.2753243409127
-1857.179395914969
-1804.8105235859443
-1940.281158478827
-1902.127658826639
-1938.4289845805372
-1825.9335155266524
-1956.5424872193178
-2131.3984965293935
-1924.8590440887854
-1882.3442514777305
-2141.3087548516855
-2069.4664381334856
-2102.4424809407187
-2108.1144490455495
-1815.6874307060807
-1816.1398620980992
-2107.579570769048
-1859.0839216216116
-2905.5862845926094
-1949.3359946352045
-1912.2519563284986
-1759.4492192483647
-1807.0318547555148
-2164.004845749422
-1947.249136612826
-2074.645826718716
-2246.854197830967
-2057.82864340303
-1895.4267622364566
-1883.2864281788725
-2000.0702632863502
-1844.2076993727824
-1852.9280165282398
-2039.6618676429644
-1758.5869813769723
-1902.9438004188808
-1895.9779583885525
-1929.6340980794885
-1806.3415059912616
-1908.2946552684157
-1916.9940434975401
-1845.0916314933036
-1954.1236760072677
-2018.71962678067
-1762.1135443824714
-2015.3809280870214
-1656.3822914007685
-2093.5629062458474
-1689.548525137891
-1930.1048370381122
-1826.5442093481624
-1849.833020152903
-1876.2091634710316
-1920.1200798664345
-1828.0489428227374
-1748.5634485176734
-1916.2239047214782
-1818.6305805111192
-1917.5921685890914
-1847.880124357476
-1768.755025632663
-2037.7816367680562
-1739.3091487961585
-1934.9064538502425
-2042.8127540919204
-1904.7777732024542
-1876.2709853094727
-2083.004992454269
-2202.213000372797
-2289.828777763678
-1866.8567606292258
-1984.7496130710683
-2155.4004513667464
-1926.0521205135815
-2031.9914053140483
-1907.8210949038203
-1987.5904181994658
-2016.5518433477625
-1801.8613033200968
-1940.0145000824073
-2015.841063434631
-1827.1970572007053
-1900.5523780946378
-1850.1803510303253
-2001.3527778037414
-1776.554953461576
-1888.1996989163688
-2015.763772472651
-2095.7593239378716
-1919.8230133656875
-1780.7899526249403
-1991.080902250284
-1869.7981054764257
-1992.1386000766006
-1747.6542670423678
-1823.5736837668173
-2207.037870648928
-1887.8929200071948
-1892.0009939174106
-1722.4934326022594
-1457.7246908979896
-1666.2879735641327
-1822.3861398162285
-1924.2793574439963
-1840.534384871337
-1949.858419397694
-1933.9595094175872
-1866.8578005278491
-1792.0700438107685
-2085.7288444698934
-2168.6242784189226
-1919.6014686804629
-1731.7689188962631
-1836.5978316398978
-1940.4858016399332
-1976.8780102693381
-2156.6935726998204
-1872.0334798569352
-1728.9666650352822
-1767.619560830541
-1976.7836013852034
-1756.7533070347138
-1854.049970913212
-1746.6217316434897
-1997.095783838485
-1997.7091667727852
-1995.2751334668128
-2104.1660743944526
-1872.0091821656404
-1970.7911818305502
-1856.041892723342
-1877.4471398952974
-1803.1471860331292
-1606.0133422186282
-1918.0493818855202
-2074.292610548285
-2250.8459348545034
-1888.079918606346
-1773.6849568813527
-1849.9677265657517
-2059.993061723149
-1957.9886959752305
-1884.539850891877
-2153.3398388254914
-2214.1858655299366
-1871.5879924288283
-1912.2971591750074
-1747.538819059782
-1771.896402744906
-1838.0157396045934
-2075.713879192743
-2461.282353615148
-1878.5311442693078
-1902.9575220175375
-1948.4828913087347
-2108.6819721636693
-2097.7906739546665
-1912.7943626486776
-1941.7585556086026
-1654.9734047776583
-1791.267427130184
-1922.5698764539052
-2051.334603807686
-2066.5535247046973
-1770.5315276028698
-1808.7996838156994
-2126.815860964991
-1629.1686048361853
-1972.8060658852414
-2061.007375237328
-1922.7196939770056
-2020.5241328440673
-1857.7052106814551
-2077.2772840776865
-1917.6745903226101
-1895.586713293466
-1872.2383399639352
-2108.7286595860737
-1814.36999751997
-1838.2332196713178
-1720.8407789887458
-1951.5352666042354
-1837.1791231834648
-1956.9649416894492
-1663.0949400293398
-1793.003405466355
-1914.9307702206327
-1886.9639951898423
-1726.4325361032734
-1809.522031484191
-1789.6961236017248
-1936.092861142034
-2048.6552622720055
-1880.623645334111
-2117.728861658752
-1857.6848307936966
-1971.343341821199
-1883.243565883514
-1757.7495744398977
-1756.0799899646456
-1912.2729659305696
-1921.685518285916
-1954.466993694743
-1880.5109510481468
-1963.4392343544446
-1574.2355709993863
-1830.5985838527067
-2086.8138350945974
-2145.2949755590466
-2011.2148600961941
-2178.5810590383335
-1785.8187367000032
-2422.593458999364
-1792.3900636459273
-2032.197691362433
-1821.9299787833525
-1827.5620090464076
-1903.983400490327
-1916.0261613122887
-1957.9220061151948
-1787.7857143814113
-1659.6229599121577
-1905.78225421993
-1877.82380693409
-1734.7028893654763
-1870.9553692143973
-1802.3172815732084
-1705.7589623358276
-1972.9025258303202
-2056.152556462231
-1769.650981201182
-1848.2709204476
-2013.7715112639723
-1917.9676142653725
-2309.209335326342
-2025.9506480624214
-2004.1501418506923
-1938.302232887226
-2025.4420832869137
-1824.1421465661324
-2087.5799468050955
-1986.3499078931611
-1871.0196160642104
-1826.3429372238945
-2022.127381051554
-1907.4639302306605
-2066.9783034397697
-1775.2225063711885
-1926.057872177828
-1888.2051229651252
-1748.6999435456373
-1867.3356646427624
-1679.5792156412613
-2173.3636036440053
-2042.9275714769844
-2058.8939343977427
-1802.6408380569076
-1749.932498384726
-1903.5691445083482
-1800.6486614947642
-2127.9043240833284
-1746.2595823148656
-1877.7465053859648
-2032.356587857175
-2077.574406228673
-2013.7099550361077
-1860.7826269905509
-1940.7364105495894
-1878.5311295762203
-1969.4401590795817
-1919.774955166904
-1783.6454726405254
-1875.2924643918243
-2301.800541925207
-1875.50101738948
-1886.489014303243
-1770.8091017307609
-2040.2873722766626
-1978.9034234784813
-1732.4312523900594
-2188.8367595676627
-1830.2711575204569
-2053.382376526918
-2011.8143366123907
-1897.4891400529716
-1863.3370732727167
-1939.7276074468937
-1661.2916804834415
-1975.0457498203625
-1602.1169527453173
-1785.6066083406731
-1900.2889356830144
-2093.9466605625644
-1819.8985454235278
-1930.028427169555
-1933.0337589303847
-1899.59928431956
-2067.255891560358
-1886.4625739789897
-1645.743949339082
-1767.9928229991096
-1837.930939463209
-1860.2903707748992
-1898.6923897995837
-1951.422205517822
-2057.560013115402
-2179.838009967357
-1889.239293629823
-2118.0894234916445
-1960.5716719209568
-1925.4204997699508
-2011.163116233697
-1738.2778978530991
-1852.0415593341274
-1622.6681762330802
-2067.7447332496827
-2055.790869331711
-2034.0903455715813
-1887.503125862203
-2445.4157170589056
-1867.2478717816234
-1761.5913863423693
-1996.7747051487768
-1826.8549758721701
-1993.950291895884
-1996.2114420032067
-1996.3690195932459
-1999.6703629596896
-1696.079337291908
-1734.5702567038545
-1775.9489775077216
-1809.185002108074
-1975.421246301591
-1990.8499467791241
-2286.7679660888075
-1927.2464789418311
-1760.2618177157508
-1880.431953743132
-2048.1983167875746
-2090.091184310107
-1654.2443325590339
-1964.1781989237852
-1814.4547420975975
-1983.9250419898046
-1800.597849178861
-1834.6498117937122
-1946.5004554878844
-2002.1886609606445
-2073.673923913491
-2002.8457067113436
-1955.9625009298152
-2092.79948350949
-1700.6221348592492
-1830.1549981409055
-2273.651855083355
-1993.0300788198278
-1840.3098216433636
-1824.6299147506097
-1798.6921908873219
-1954.6202326960063
-1917.6113478626926
-1845.5323492668338
-1797.6351353699863
-1941.5486465775834
-1973.7299495761847
-1945.775541164694
-2157.3805819824834
-1825.3455842305154
-1740.1186257599752
-1907.320939949483
-1804.5067815582186
-1697.5157170116852
-1929.970417774467
-1821.8539231341183
-2146.2107678582884
-1974.7779976588909
-1866.031573134162
-1780.3581712570071
-1724.4900204458017
-1835.8912844035863
-1846.8360131254904
-1816.3921368218143
-2023.6208833490114
-1969.6713028655915
-2321.990121600041
-1911.0810246990104
-2063.222683414393
-2047.4577846277116
-1883.9854046478326
-1672.7011265607202
-1955.1225207923635
-1755.870029264737
-1974.1632747250897
-1972.8743915520874
-1751.5587146841
-2017.5011529490257
-2083.0204902587097
-1994.240432177141
-1880.3782802403148
-1542.3072697701546
-1748.53083073132
-2064.2203650056435
-1988.2084914178624
-1889.8316431009641
-1808.6846353343424
-1847.6217927372659
-1801.5081040766167
-1913.070167915975
-2170.553490111063
-1737.632304148607
-1613.3651579111647
-1772.1894124518753
-2035.4111638325878
-1902.2644375412879
-1915.0982880079916
-1935.8634627792246
-1862.0664962149754
-2025.80434784767
-1790.3269035763824
-1767.7626123042392
-2416.772243637359
-1993.7980429444613
-1635.8629854408368
-1984.7989202507358
-2190.9445143678963
-1862.1462708497643
-1671.1193628613655
-2067.2746448871035
-1596.0273388932317
-2100.323212023284
-1738.832849659202
-1884.1067953987013
-1718.1056514659986
-2056.615362303826
-2072.5998829092855
-2024.849036373128
-1743.934842312806
-1785.376791879825
-1852.3332938229812
-2041.7164265378037
-1827.1190692049722
-1700.3946421056107
-1850.2393719579359
-1896.1832571864197
-1972.0383424012934
-1897.6456493610594
-1781.9907753672742
-1970.1989477351392
-2007.115078872048
-1884.8701636945962
-1822.348818158629
-1812.5235659640596
-2104.5116535575094
-2055.893790984036
-1640.0177288885716
-1841.3102289115266
-1912.7702199486598
-1971.0834955618657
-1909.8564705251918
-1874.8181949339448
-1927.1822609120918
-1790.0256920290112
-1949.161427378427
-2000.7435325210372
-1775.0300250895543
-2019.8634814844845
-1936.5116679875246
-2089.8772267172585
-1869.4381596463431
-1834.966980769011
-1990.4949224239072
-1721.809205922153
-1797.7370025223947
-1764.7254371290503
-1683.9002593592152
-1859.3844430811778
-1914.6607335756134
-1936.234831713828
-2125.471022419844
-1926.858886918063
-1815.2664747736171
-1820.8225133619057
-1685.9219427282974
-1906.1658862881623
-2198.6910507214116
-2308.7620077113575
-1755.086943667027
-1886.768020701024
-1784.7971371050019
-1956.277068714474
-1999.0947749050215
-1881.287261045425
-1805.8098426368529
-1745.3299803038708
-1695.8812299037463
-1916.5978688065313
-2099.1192973853636
-1806.083995500041
-1918.7791302137373
-2037.5810803865156
-2115.2545482473647
-2012.4023561910144
-2069.1138707770474
-1866.0721888365138
-1693.455226567352
-1741.950589221628
-1696.9974118083062
-2073.356408660713
-1774.671815039135
-1980.98256838518
-2069.1364026958217
-1932.9455977213738
-1898.2063005251239
-1654.349785210048
-2069.0960029463517
-1825.5235809961237
-1912.1911251500428
-2162.2985663561317
-1818.7942722722285
-1927.4193149407552
-1892.556222802043
-2009.652320329409
-1977.3591265950981
-1931.527677265476
-1934.0796249962766
-1944.260361325791
-1953.8766366991622
-1997.986507934045
-1940.4439337582091
-1821.9643744201226
-1894.9377084705732
-1660.5522657033741
-1801.0595414355373
-1970.208129770941
-1734.8266980464205
-2028.1131526529412
-1798.679110553162
-1911.719282068552
-1943.8182694238249
-1935.0975783744875
-1743.1772975801014
-2085.171066073708
-1895.0800726369416
-2037.3453973234189
-1789.8520707339871
-1956.5170770824825
-1682.3054657084479
-1894.6931965450694
-1771.0926125336655
-1866.5600752571381
-1996.6783863203561
-1835.7649898781344
-1733.4652365554093
-1951.9388421507306
-1784.4453711791675
-2007.3611607188964
-1929.930943287356
-1853.3466185438797
-1794.9948408985847
-2142.4606224872273
-1871.4173222602294
-1978.396831548258
-1948.4281461523283
-1860.130834896628
-1946.1748489913612
-1851.2950973204204
-1800.8184551562933
-1998.42244864419
-1824.022698341767
-1747.7982980546976
-1979.7344195373853
-1859.3121945353873
-1979.3740643991941
-1900.619623480906
-1949.5899971325643
-1896.5742377564309
-2037.4028211089444
-1812.5069893728182
-2026.6759315237648
-1861.7438992571786
-2117.9643626708003
-1826.8088622389653
-1759.889645849472
-1989.6312195148626
-1899.9070175922302
-1824.6090981427014
-2009.0113429725343
-1735.6143876377137
-1996.2006775863833
-1924.333527915219
-1963.1523174493595
-1842.996311821383
-1908.5736656378388
-1858.0029800826342
-1912.4469813640667
-1743.9878620850552
-1851.1232300703268
-2026.931622363807
-1801.09113284847
-1755.3822130440658
-1874.1202497805734
-2048.607624889339
-1933.491855427981
-1720.9867619892811
-2029.8417960614324
-1813.4466863372938
-1981.1308516050763
-2016.2376871991587
-2049.884299317407
-1950.6309701239597
-2035.5772071063734
-1959.1982269346697
-1937.9147042223356
-2099.728297120269
-1950.2925471159158
-2078.650490153767
-2024.003913848861
-1654.26277788682
-1702.6805329829772
-1765.57936750177
-1824.931993636584
-1794.8518676331435
-1709.34762538622
-1976.1556884713832
-2111.195838719084
-1843.9980726435988
-1643.3578689449907
-1736.4059107345072
-2215.9244408621253
-2002.8149728379005
-1730.2054328643667
-1833.1103606323977
-1676.0945771895651
-1865.3116744632816
-1803.362378508494
-1922.7062900917929
-1884.4661990273635
-1888.1887556089785
-1810.555303813439
-1857.5258713046624
-2009.6491513225542
-2017.3621406821048
-1735.1616526693206
-1587.4600277101051
-1849.8566110307581
-1854.0214765708606
-1795.4187548769105
-2261.189694925797
-1792.7676315488252
-1943.2693307776144
-1806.4918863596206
-1871.3663940366223
-1899.7342557722804
-1862.7651153813777
-1821.1501877682178
-1780.6967720728917
-1993.6296703910193
-1987.8388370076173
-1923.30368072606
-1951.89999964819
-2002.7294233794892
-1764.4511915849644
-2027.7913574589866
-1589.9912175905715
-1908.9932375960698
-1791.6072574371076
-1828.5774100388498
-1823.7796397686893
-2018.123042847953
-2008.025950390809
-2090.627384137283
-1857.2221081466262
-1762.2664323693837
-1851.760606611872
-1865.475482854508
-1834.7162282280167
-2017.0896390346186
-1832.996187661787
-2050.894138308326
-1767.5302632398834
-2052.9959190996187
-1862.682420765477
-1904.2698572107654
-1843.738604740457
-1752.912671602987
-1942.3877653479144
-1864.4979427140152
-1866.9004782284458
-1825.6816262249113
-1839.9286493793852
-1815.7071133943784
-2001.9021998697783
-2103.078136103414
-1892.7000440275083
-1979.857472551477
-1851.8374764183445
-1885.3025919125155
-1773.1285680670987
-2196.7304240070193
-1912.6755004319673
-2292.6434293097154
-1831.2472522096036
-1973.2776616367196
-1901.9783411070068
-1925.534087619558
-1913.9559183697315
-1877.5553948260779
-2126.180027379743
-1744.0295912666713
-2132.3476614902165
-1818.624853271048
-2070.632971139662
-1873.4018698965615
-1650.423087362084
-1792.0091025262784
-1919.2699485055066
-1864.6466784522738
-1968.70117281693
-1995.6613188902386
-2215.8788899750643
-1909.9800997228886
-1870.7030785944617
-2048.068608874736
-1908.561808811006
-1975.6652565446539
-1982.062776056465
-1715.764789298025
-1688.090230731107
-1907.373723222581
-2020.1190601935727
-2057.494884679018
-2146.090746771197
-1977.079703489642
-1896.0615531914257
-1833.1299133250727
-1927.851592647884
-1780.5037577748762
-1708.034339410714
-1618.69277990623
-2098.253111432283
-2151.7005719959047
-1616.485354088491
-1727.9516561243902
-1996.8984605821624
-1897.6213484362534
-1970.4381116946556
-1877.175237871719
-2139.9334435589453
-1880.685297197978
-2023.2721582672461
-1969.4539200821255
-1917.4614222198425
-1676.3715959588
-1883.2408869889803
-1971.5944310527736
-1788.595992306945
-1939.6932917247575
-1922.826028754922
-1944.6186581105303
-2068.885509558535
-1892.4071386901019
-2009.4431157413446
-1915.6013585853239
-1861.1148472454945
-1996.1506976018716
-1754.0143076278237
-1700.3824832546397
-2119.262651947177
-1923.186727942959
-1799.866471728701
-2091.2353552583877
-1900.0569746543738
-1635.7199662831117
-2101.7437996691233
-1781.667289219452
-1711.8865658859677
-1790.5694899851642
-1763.446312892404
-1998.5587867681852
-1802.5106013200902
-2155.0202971118583
-1796.6862331392886
-1884.5227688860114
-1635.870675012704
-1993.9813023719253
-1930.4264191489945
-2004.6184030999282
-1897.4599918301574
-1893.7327074586456
-1817.2285211551134
-2025.3629387226263
-1739.8577270087062
-2049.8798810638746
-1882.2150416143122
-2027.9280412852015
-2023.8545886517995
-1637.68855153923
-1753.192136378695
-1847.6884583167725
-1962.9010149696987
-1878.3286788385667
-1711.864860999286
-2162.009632169191
-1876.8022263300613
-2037.8541264336363
-1954.9843483926481
-2034.7432997873138
-1907.1250003407422
-2125.5117759333907
-1981.8585453764297
-1682.3131425785914
-1886.0992329248782
-2014.7253902394646
-1898.0722582162373
-1782.794515288665
-1859.4919760575337
-2007.1747442280148
-1942.1661776547583
-2170.9740614518837
-1915.4833607921464
-1846.3518543099626
-1689.5082497382898
-1778.5916082283497
-1894.364314901287
-1927.2738564940528
-1850.094174911383
-1930.063327663083
-1701.9387563957775
-1985.6632702284082
-2060.925916363774
-1675.1693211947209
-1790.4062689125758
-1911.4541959722283
-1808.755423645641
-1833.7203564939227
-1798.3363946132367
-1692.979739721698
-1928.9498903610104
-1690.7237976782635
-2091.88295229447
-1859.1756953825216
-1935.2975561609612
-1909.157346605879
-1781.215700475756
-1697.9230031940824
-2046.787523035702
-1874.8608064099096
-1827.4155653248008
-1846.7380714519359
-1825.6405363883696
-1954.8173017326426
-2000.2379079162836
-1692.990438397335
-2192.548157768569
-1732.926572246572
-2057.4195969358566
-1819.729180877518
-1836.8585857657426
-1854.5864449402068
-1965.6191210252211
-2038.5759542979206
-2324.6238342976944
-1821.0342672497802
-1890.1277707588656
-1705.1097074785296
-1930.8498531291425
-2191.5143261483554
-1733.4499801316158
-1775.2710141124376
-1844.9138396039261
-1767.4448359964606
-1713.2060986087354
-1827.5885431034949
-1836.1784122282495
-1893.8556514228487
-2244.738055315788
-2069.7008991625366
-1758.053838497754
-1721.2961452241882
-1776.5900986810884
-1939.331220248939
-1894.2010752931358
-1942.6691125224115
-2111.2455038822077
-1857.079421016345
-1818.550707672318
-1901.852031143331
-1783.245965672263
-1853.8509251181003
-1767.4312759866616
-2054.0310220960014
-1924.349866476733
-1766.308364271054
-1826.797898320888
-1765.3241998974818
-1872.978810759181
-2023.8118471389826
-1726.7128572732167
-1992.859047474445
-1989.36527775798
-1982.5766975973056
-1967.7348696310573
-1792.915406153479
-1875.1166727454595
-1662.1046632229627
-1845.6749780222071
-1967.0838687393145
-2118.4869867920397
-1755.9368820452846
-1977.1783970853944
-1965.7732518770758
-1840.0756993388468
-1631.0466339902687
-1953.6601920937956
-1777.9086959416854
-1889.1498183409783
-1662.7588789106464
-2042.2306261929036
-1841.1765096133095
-1746.5351673002533
-2097.857600938814
-1748.345780912532
-1978.220754322031
-1819.770061293527
-1788.980779139773
-2106.7436778152332
-1871.9626890604322
-1759.4682303557647
-2046.9064567359646
-1886.0177883683014
-1666.4617575813006
-1727.6406800674145
-1797.2459978229008
-2056.1779605647293
-1916.8498348390358
-2002.2562415461355
-2197.8525121964717
-1745.8123073127806
-1661.596665377143
-1927.0628121511513
-2118.3028882010317
-1957.9108836466157
-1922.4392291926117
-2087.1120717909466
-1876.7421511335351
-1786.8792844655518
-2067.631708563825
-1733.7786639470994
-1968.7237631690286
-1941.7983875649898
-1700.5899605141026
-1768.069014278438
-2000.3095845949065
-1970.9081585355839
-1978.6783048180587
-1807.802462181509
-1869.5383712797156
-1809.2300913061285
-1614.283556496629
-2104.8316177819243
-1979.079575338775
-2074.424318586953
-2057.643362999996
-2101.5474122166866
-1654.2819737273164
-1760.9891313973546
-2006.9245882346597
-1900.1860306027143
-2036.1377740074868
-1805.8753600168093
-2063.0072880719663
-1835.0692961211412
-1957.3240483916322
-1677.1644415313376
-2051.8130519298734
-1630.4753447991786
-1789.99483556983
-2184.2430676266954
-2027.2438520749315
-1692.0487475391355
-2032.9269109644488
-1962.348907014095
-1920.8515551187688
-2009.198970588363
-2063.5680187481616
-2023.2761095712847
-1908.577541477721
-1780.3319045249818
-1648.842446472477
-1991.5797941175163
-1873.9008151261185
-1960.7956439648258
-1953.970321759737
-1811.6175466495188
-1883.2243330990852
-1809.9370503200405
-1900.028434256219
-1888.4999056802405
-1794.0396856876741
-1802.16600327022
-1936.991535734231
-1831.9210724234072
-1757.432109436308
-1703.549601675627
-1790.7905516746684
-1899.843413831838
-1822.0488134744135
-1751.422003042726
-1649.9733704458752
-1943.7524416046433
-2102.038149203057
-1959.1660314186247
-1802.0980495663844
-1966.157586688476
-1674.442424510916
-1901.460816706616
-2012.258221285338
-2168.9923481277647
-1822.3282881627836
-1927.320271063066
-1926.8336809115176
-1912.2505942736436
-1784.697400076684
-1894.4523559512616
-1989.0908133994756
-1882.6727767946013
-1828.4490923877902
-1979.059466208224
-2071.537576403005
-1803.0159411666905
-1733.414010807483
-1779.1566369847599

