-3552.1407051843885
-2755.876269364618
-3355.8164013925207
-3771.5896350323756
-1889.949021997602
-2612.033725803187
-3181.773326399227
-3972.3119974117562
-1898.477001256613
-4304.1673365522975
-4503.489413779854
-2040.4205328772016
-2239.1215194179435
-1706.758736283238
-1427.3628584389307
-1834.250588920503
-1809.2048226269246
-1975.4364351557674
-1939.2771873914473
-1487.9443954870308
-1677.5751078649255
-1908.6750732043602
-1903.6145371533783
-1834.6840164906325
-1625.446962284855
-1784.620133197292
-1337.661851684134
-1614.0372724576246
-1624.8295921478061
-1377.535970606798
-1383.0781921567354
-1456.7559096236976
-1508.77208859221
-1790.563633116657
-1394.3850217976997
-1524.4963699270436
-1674.273109083446
-1393.116646961324
-1336.3420476526462
-1399.594300044366
-1453.5264061257749
-1439.0416546122847
-1481.6724803184122
-1426.4232952129487
-1303.0109116206497
-1618.7686771154977
-1570.5798697787031
-1302.2963301785664
-1406.5554635041826
-1707.5781450976822
-1474.8255778306038
-1377.9465211413196
-1635.861044938179
-1567.013553908626
-1424.3847386033044
-1268.7780974399027
-1349.3655745201688
-1359.5229617564185
-1386.023368147324
-1424.9983194857023
-1551.14130654776
-1383.0784544879925
-1257.1050625571397
-1672.1448971443187
-1510.5280737080147
-1620.1534228166968
-1638.0597802490274
-1308.5638187099937
-1257.4167670321551
-1469.4789817369629
-1206.5732221954975
-1483.2480882582997
-1607.7088156980133
-1392.3465769455752
-1445.5116597442322
-1386.326665742794
-1397.870549790031
-1410.6132004941085
-1354.0363069616265
-1355.1131829785134
-1429.26454485932
-1334.904950540392
-1305.4068728427792
-1335.8074580582486
-1684.705699947403
-1362.501880183463
-1227.5351491245585
-1256.1438417426984
-1325.449416769589
-1250.3492143216556
-1342.6779646609614
-1267.2172680964445
-1382.8173496949366
-1412.4082750040006
-1236.2902833716385
-1355.488017103747
-1308.1712842464858
-1302.6138286467103
-1281.435215974716
-1462.1734480745142
-1374.5245552699296
-1283.5121916945893
-1441.6145259655011
-1327.3036672107105
-1405.0137752867702
-1241.1726561664605
-1249.305768722494
-1290.1676509009455
-1514.2887188341563
-1277.735442682817
-1340.7483442692337
-1335.238853715451
-1290.7555508946225
-1285.991972421345
-1371.1427177085002
-1602.0297253486203
-1435.487944190005
-1416.4048786073338
-1382.1555501507737
-1316.779900336355
-1316.6675803682049
-1368.087294081587
-1345.3991632515563
-1492.7532631197619
-1319.9661060075305
-1402.101263625076
-1331.7132939564497
-1238.500164860603
-1279.589300010276
-1298.2655535203482
-1292.597834838027
-1393.0268616276294
-1374.3522779031205
-1732.9857362080284
-1249.16119891275
-1332.2416476705228
-1347.5599008937738
-1274.8691478369788
-1308.6204159761382
-1355.922016316124
-1446.142977066911
-1340.8366961967959
-1352.561577282784
-1348.2075816001393
-1250.3142432382713
-1331.203359093115
-1175.1777855453572
-1495.6484178494877
-1576.9114889929463
-1425.3679692219603
-1297.3879248562043
-1461.102829877134
-1362.6527163068822
-1240.5016994789557
-1527.867847734757
-1267.1213706705175
-1233.4391564419598
-1153.6019250349652
-1250.3481483721002
-1379.9604073650726
-1392.546465123396
-1373.576001727235
-1273.642193816203
-1440.29890764976
-1397.5149263334051
-1323.9529794087982
-1449.519056588288
-1283.7801616585336
-1668.1749584384627
-1209.9950383221483
-1163.7034695626926
-1204.036187480793
-1287.5088053019472
-1329.2680495408358
-1421.9694073744647
-1370.272529955256
-1408.34273454668
-1346.078875433569
-1274.1331312236707
-1234.960936262659
-1284.4719411463539
-1327.8638735244283
-1354.7834967488434
-1234.5357709184045
-1329.7938660417265
-1392.3684651781396
-1291.2301039020697
-1486.4048002806594
-1094.0259689363168
-1336.883855767917
-1305.1982052577605
-1313.9193870502459
-1448.8697742919126
-1402.127819316427
-1262.2513652670405
-1380.530482472423
-1320.3689004763648
-1268.670585632284
-1733.0936700375178
-1333.6672842547832
-1200.9879837800033
-1517.3946227449997
-1420.1618616683181
-1451.5476354144494
-1284.3640426112377
-1554.433678612716
-1323.6501916324196
-1648.035826014343
-1250.656787970585
-1236.3704155980665
-1234.4498139067641
-1240.1347468840258
-1313.344444705571
-1267.595401297313
-1345.793432845818
-1543.036402374785
-1247.422066820205
-1368.0571278546786
-1276.4260887493017
-1291.5522460522889
-1276.7062852646895
-1234.923166375268
-1595.274290897667
-1224.644083621123
-1335.3791134611886
-1413.1868087402047
-1383.0588154882826
-1372.668122589705
-1260.5685071497771
-1366.4483819995403
-1248.2802822977371
-1302.4656664963986
-1301.611857789536
-1471.3546744800387
-1415.610011811225
-1399.2315477990692
-1453.7779549650786
-1384.3383956287068
-1465.0692590290028
-1363.6471364736321
-1283.117019264627
-1361.4112591756584
-1168.0007269392624
-1273.712300891993
-1146.0429323371357
-1250.3012489378643
-1340.4078924639775
-1197.502767546057
-1362.362075359555
-1318.822247977092
-1147.1002067779734
-1245.4628482368068
-1210.7408633967043
-1317.332929329324
-1440.1388931765923
-1303.712147418624
-1399.5085308787145
-1361.706286024653
-1252.091762631943
-1255.2467428099094
-1142.0907957440802
-1443.710576228731
-1251.173927177669
-1301.2629284128332
-1257.3394252292364
-1361.9190733101593
-1471.2693025500896
-1307.977490239044
-1363.6543761794846
-1374.6034447273946
-1321.8909567357923
-1386.1741782425304
-1285.8484424117453
-1748.3617330147536
-1505.8232042286788
-1296.5946742240183
-1513.9745562075448
-1466.1772906958568
-1234.147793162385
-1359.3884365599624
-1266.134258200971
-1343.4271295322299
-1177.1385317939842
-1512.00019197415
-1376.022943337328
-1449.648970063915
-1183.8077615082518
-1276.7833202346565
-1240.376979607349
-1332.5902076832417
-1175.4883140908373
-1408.3974684112286
-1295.8395689354402
-1168.7559742029744
-1112.3712523316158
-1161.3070401520622
-1288.9760240045593
-1464.3993284303579
-1251.9627041923297
-1352.7465652075796
-1202.9730094153506
-1234.717132377877
-1328.988746794882
-1240.7925937483124
-1259.049743786543
-1273.637548550886
-1342.555570938489
-1275.3971339851132
-1346.1840712862377
-1456.1947071686825
-1375.6304893183333
-1224.6311721225068
-1481.772987881886
-1272.5967231321706
-1377.6493199358865
-1188.8636593449817
-1532.7418483923227
-1377.290565086082
-1177.0092800270438
-1188.0537881807747
-1397.2159275653194
-1165.724006616572
-1299.2415204310016
-1305.304064742491
-1309.0649566399607
-1269.6966608408472
-1351.3662160896968
-1177.188432340044
-1661.0891640121056
-1444.2635430680568
-1275.2697327157464
-1258.6822396272187
-1205.5316240551372
-1365.90650902152
-1456.4665391304225
-1268.5821408943077
-1315.1649051706502
-1366.7259846072482
-1289.3918417692137
-1411.1927006720762
-1335.8935665652243
-1200.0440316801946
-1272.334810495643
-1229.0255156349149
-1262.1060254790968
-1297.3350802155355
-1275.9720986117586
-1344.8171805362826
-1205.6499839568387
-1290.8044431131157
-1244.2780345581784
-1257.8404721033958
-1476.5790625568216
-1304.687341331396
-1296.827648319444
-1347.0657349868482
-1293.27833065164
-1403.1368523204392
-1424.613007503629
-1580.6798036222617
-1340.4017241134068
-1465.7700708650373
-1398.51489509344
-1062.252135906874
-1389.979280188451
-1305.9718764862255
-1285.727407026322
-1205.3945622532792
-1387.5144640721524
-1357.6084965242892
-1387.5622590887115
-1194.1563130290492
-1466.6583003924125
-1421.7808300900851
-1201.047122490727
-1247.3849298025893
-1378.0591204099212
-1358.998133642178
-1290.7530492967744
-1289.8974835112604
-1212.5729097688975
-1335.70636372765
-1314.7697898277888
-1311.8638580682539
-1312.7426547674613
-1233.896221370488
-1363.078111284695
-1266.1081476254367
-1268.789787902827
-1326.7175811326315
-1343.0817785159713
-1439.6049929846797
-1332.4545730565435
-1329.5692368700527
-1391.0530603042737
-1366.5536425717657
-1295.9403957947757
-1296.5579468974397
-1463.98616188934
-1339.8422671675748
-1274.4679718566751
-1326.615573823214
-1222.704377708614
-1280.0204924187337
-1206.8931256352798
-1324.896691627666
-1310.566954295495
-1200.5501649655407
-1410.8592694806352
-1307.5641881423026
-1236.8348639149388
-1267.1144282339894
-1351.6074687314476
-1319.9450331229882
-1268.5286999715256
-1147.822750340875
-1232.6598578380367
-1291.6678424656484
-1351.6186336235958
-1331.6005299658611
-1335.8529197800926
-1253.4787021443974
-1298.8640116648196
-1311.6425273248217
-1245.352459428167
-1349.7053249839637
-1364.5541755288637
-1233.089053949879
-1241.758995232824
-1174.1219186358926
-1270.222604096526
-1170.596585304074
-1443.9196617058888
-1269.8136000366896
-1129.9585360811013
-1211.1276666385454
-1329.7989010225513
-1198.5443972928238
-1211.240528902316
-1271.2825381042308
-1417.898837916653
-1309.5276297187766
-1448.3582574728189
-1297.2228712968715
-1440.2632524440105
-1282.93694675166
-1289.3399534507014
-1373.6865948113573
-1165.024510443835
-1396.1202906587687
-1217.2153572130865
-1466.8358618036377
-1049.2456851070906
-1297.2701503421217
-1246.8421955472231
-1346.6434235988154
-1294.192232241852
-1491.4179141935797
-1415.0893977706703
-1322.0253035809592
-1223.2280743189672
-1313.105311114416
-1448.2941735428612
-1307.0317564119196
-1298.6390233754948
-1331.0137307631646
-1344.69771113946
-1213.5313187393122
-1321.8930781029073
-1130.285336211826
-1244.3709512415485
-1458.1432828605039
-1388.9148790240215
-1416.9665286286702
-1302.574479067254
-1386.3974207813274
-1427.8556267500728
-1438.862408985925
-1181.6846601775685
-1454.626254792439
-1184.7511787671167
-1387.5212307809875
-1254.044198626144
-1260.807082220093
-1606.0936495823853
-1160.4884990918754
-1198.0242081833612
-1262.7311399719747
-1492.9587674377972
-1170.627614036142
-1355.3447380152088
-1191.1092578008304
-1348.0000912561209
-1345.7058164518767
-1526.0803855910106
-1236.733027402137
-1165.6121926897933
-1412.7565624130377
-1490.4991806440187
-1366.3021670484154
-1182.3022599775038
-1144.5142079703107
-1182.2884906326517
-1297.2550872466081
-1247.1709431668585
-1176.5289602396897
-1517.0996917662999
-1294.2655676044778
-1365.1462830867422
-1323.2213092451211
-1222.0410577092116
-1268.6038207128986
-1252.4887024244226
-1166.2524048940963
-1327.7773351490277
-1219.5491917626255
-1246.2492123367247
-1187.3525904768496
-1196.9349667484573
-1139.3002245342757
-1366.3612282453735
-1290.7828276326634
-1183.305699128698
-1527.6871535550965
-1361.2672157111572
-1240.2784522398679
-1222.1365586558393
-1274.7329381045554
-1282.8640225756458
-1164.761702809552
-1392.726062970105
-1215.959700485515
-1314.1534767859475
-1428.3864926190627
-1316.874938669734
-1309.0882152533898
-1245.5790447820946
-1135.1625564720575
-1234.3049890068742
-1285.066253124393
-1443.5355095282175
-1225.858552908371
-1144.0947852310162
-1277.0433622436822
-1375.779414831801
-1298.0349180550734
-1385.5822107600934
-1320.798762975827
-1200.5898234003093
-1186.7863206252375
-1246.7670046540231
-1254.2598389309403
-1247.693293837289
-1300.7723366628884
-1404.8918854835047
-1358.9783590125871
-1353.7026843738809
-1433.603111264939
-1410.1043517671435
-1487.1382453214153
-1238.8699909133152
-1236.8217149844313
-1423.9000693018165
-1383.8634383647268
-1371.6289551446964
-1465.8613013616664
-1453.438020547047
-1167.3627456184686
-1242.8885422737476
-1302.1800424576174
-1538.390134161095
-1209.1085661242646
-1130.4953481335053
-1290.5990617360528
-1185.9233122996181
-1208.619012398113
-1502.73863518925
-1337.7805520081497
-1387.5902920289052
-1273.1082833205953
-1263.5484351503137
-1284.8430739100406
-1229.3692895587135
-1304.3182055054194
-1451.4433454711927
-1364.457839830121
-1510.7467099625774
-1240.0812857253832
-1314.9821133111534
-1208.0625525602843
-1263.6211281001238
-1280.3766903661121
-1055.3179303769844
-1387.5205058834192
-1223.2602737034483
-1398.1789495013882
-1233.6211248061963
-1219.760047755143
-1204.0015326411024
-1431.2328332147708
-1308.6914904744483
-1589.7549218346871
-1293.7853783495127
-1395.559217586801
-1271.7785091599555
-1302.8109218428697
-1332.791681923103
-1329.332141209754
-1453.1973545697383
-1402.1090120844333
-1461.1130360712862
-1189.6186917374396
-1186.8601639809049
-1326.857265902581
-1151.4768466716598
-1290.4167003289385
-1330.59839764962
-1098.0263204314467
-1184.7192910615963
-1378.0288537523688
-1332.1058086681114
-1359.8452086059435
-1341.0113293179686
-1464.289621200216
-1320.458990075751
-1229.3251544221243
-1338.5892150075786
-1316.7382790745842
-1204.5805566139004
-1331.8139360733226
-1165.2075650670276
-1340.7661206622436
-1263.638371478709
-1308.1510243576818
-1224.4802981282085
-1500.5370329771124
-1469.992897045294
-1365.3656745504586
-1237.949459174962
-1231.1171361657575
-1321.548229281353
-1356.0177164266074
-1208.1282627851951
-1163.7578338793935
-1308.3549885279178
-1310.479965874316
-1199.4225117493606
-1291.94213653494
-1204.6496394390958
-1213.352261231977
-1338.3752225686433
-1287.4777951546203
-1268.5435140501156
-1377.677260926399
-1228.9759447230522
-1192.43839590898
-1397.4544418064327
-1257.9843880129627
-1262.7606325271054
-1401.465302178196
-1341.4113968660486
-1331.807548006173
-1227.7578391918003
-1187.9569294295231
-1401.1167419162423
-1219.9382739701505
-1198.2509774661032
-1428.0796945369789
-1383.0396015271417
-1250.5595582737428
-1337.7109033964089
-1184.9000555544624
-1394.7634526225145
-1178.822181710672
-1324.51054242647
-1195.091409501181
-1272.6529229634214
-1286.399671211685
-1308.9924480704447
-1184.519338054583
-1200.44379000186
-1334.7445854474072
-1086.9889054598623
-1531.7655469602926
-1230.5458383235118
-1367.5516107969352
-1394.9422775544908
-1266.6871587377036
-1384.5646892559396
-1164.0901971582318
-1100.5476531199815
-1339.4737152461264
-1302.0357817350132
-1237.3945856473888
-1324.2710027449157
-1174.1758371944595
-1276.4222052882224
-1291.3653057015263
-1269.7252510280134
-1102.4402999800286
-1270.90459747746
-1218.9030387516211
-1382.9109559394274
-1197.113928216514
-1264.781406573385
-1299.4882707665981
-1420.8659275531472
-1303.8452738756996
-1196.5641471907436
-1261.0074677554167
-1312.7750417835355
-1287.3705822272868
-1264.004248367514
-1402.6669469445387
-1634.0782870611208
-1251.2865013503838
-1294.6355123441144
-1272.769367567662
-1121.5315975781257
-1261.8793257594705
-1225.9787382561487
-1420.4754633368411
-1276.717094099427
-1298.0438382879177
-1329.199338041984
-1285.6098587716199
-1202.335168992375
-1177.1454000875199
-1366.8540200172656
-1215.830828118876
-1080.693242283882
-1297.52017538215
-1486.1664003188657
-1264.9897842435912
-1309.9750459829322
-1205.025439083221
-1177.0640082053112
-1321.963565820786
-1212.1283214030123
-1217.900239200814
-1205.8202660691297
-1221.8668246898703
-1376.43820074185
-1275.1013730773102
-1199.8979366834467
-1318.2277803855084
-1305.965749221808
-1213.0567596378514
-1213.5339796288765
-1338.4063900486958
-1333.8600338131741
-1324.2456713026477
-1285.2509997795723
-1634.0502389993703
-1279.9901403362308
-1168.2237931076186
-1380.0170077622838
-1101.4213870941026
-1208.1983855432416
-1396.611395297199
-1183.7510206755082
-1439.8173514913005
-1280.9197058535085
-1278.3237950738894
-1218.251479529423
-1458.5508558598294
-1403.6556580064948
-1178.1104256370386
-1239.6065140494495
-1226.8547200532971
-1119.645011515443
-1328.9902857013328
-1333.505367592093
-1050.0902050864722
-1381.3555297428532
-1245.9039514343142
-1205.8248164006
-1304.1822552613767
-1359.0835021204346
-1265.218874805836
-1012.2029069177594
-1266.568399576714
-1195.4299514517468
-1238.596116285034
-1042.7898466635463
-1243.392306069388
-1329.9912496424874
-1072.7051384822687
-1232.9843300071925
-1245.5225279613178
-1390.143809236242
-1253.449857671502
-1186.2674185523674
-1375.810769541134
-1355.4299266440314
-1228.4865845700976
-1357.0697643478964
-1242.0830769132808
-1240.9501681545978
-1118.4161860007564
-1392.664001127031
-1321.5880019894175
-1342.0919584490616
-1130.312959046974
-1288.5633178585183
-1270.6008220151816
-1222.585884988525
-1263.8542179926444
-1255.5477083241221
-1395.4950256698655
-1478.4349181531902
-1285.0773634951468
-1363.858642033216
-1424.4782683514213
-1326.3538861636325
-1312.8003783822016
-1234.7891447086229
-1183.5877541488305
-1187.372408580825
-1259.0781536967424
-1324.7592377837545
-1176.8605737015694
-1317.3195896690738
-1343.2030161525497
-1412.455772740999
-1356.0840452893865
-1288.2000854248763
-1257.4981023234247
-1268.613466070402
-1435.3854609312182
-1228.3358654833683
-1147.409267865477
-1316.9566139088731
-1363.3399421349886
-1224.8305442599362
-1248.0519880967993
-1148.5214240189614
-1255.987308957779
-1222.5738786906238
-1064.8101556691051
-1288.2795235060266
-1262.2401770439656
-1362.7831896886921
-1196.8685505110413
-1391.21625694289
-1381.4765438875856
-1248.3072407335003
-1279.2423951118672
-1274.9435952296244
-1348.2085305879975
-1134.2250236882435
-1204.477934825367
-1418.8086354393697
-1219.2906071557743
-1297.9757946108646
-1275.894357492318
-1220.7855008476117
-1239.2815121418932
-1302.6320782601902
-1234.084769343574
-1251.5498240445136
-1211.3022318832882
-1264.7276563184118
-1352.137056279815
-1258.580096825112
-1169.690216031053
-1270.6182558785931
-1249.2042688078918
-1246.7385306812255
-1166.2124720613447
-1281.9356661193176
-1317.5616877395792
-1362.8763913039427
-1274.8264045642716
-1349.9370930678622
-1276.4436764123113
-1230.7074647834686
-1291.2427798203698
-1297.5815715003262
-1548.0000932458868
-1351.6848381911832
-1309.4413969692241
-1347.9272047229067
-1401.1312113011618
-1439.2837674801885
-1170.7340023193244
-1183.9290322315876
-1197.9784985482454
-1141.9825802595335
-1211.055816863979
-1263.479160940864
-1247.4406342838563
-1377.329263456482
-1331.2932615886134
-1348.8562960343359
-1226.3797418337883
-1229.465936946073
-1394.9916909957205
-1232.818589750858
-1310.7166035415248
-1377.817640439375
-1333.7269030305663
-1129.8519958423528
-1312.0947133405618
-1344.639200974043
-1398.0915814713642
-1502.64212217123
-1298.3178524770929
-1369.7698135320286
-1253.198002584591
-1161.7937768617176
-1137.3679509721408
-1135.1485163581128
-1245.828859494451
-1301.658569432592
-1264.899550270209
-1186.3197346948173
-1234.4645862173584
-1377.15803389766
-1321.6789460732537
-1410.435164031198
-1406.2796514639322
-1196.533964219925
-1380.8147857484507
-1351.3792624281784
-1241.1155183997473
-1291.5239918982074
-1425.4496986640877
-1239.5834103176135
-1062.2155727313077
-1187.1961038041811
-1220.9068167938108
-1083.7549780542554
-1192.8299814894053
-1241.0259823965623
-1255.3066449971313
-1296.9324131096096
-1214.9081134506805
-1284.5601162678788
-1364.418671403726
-1338.498000179956
-1215.0824993468914
-1156.0202190691564
-1383.097325540684
-1375.354801742557
-1381.232354141107
-1329.7307050490037
-1172.930999014686
-1169.547168144141
-1161.8687191446338
-1177.4976844987543
-1223.1195176285364
-1135.5754605523355
-1318.035844271272
-1209.9957476922577
-1343.496592711598
-1379.6459777574812
-1416.7442989887777
-1252.7366147087662
-1338.0236047629523
-1154.464013702276
-1216.196358997641
-1349.2552056017823
-1242.4890147995395
-1332.7473470570496
-1392.4557158804582
-1229.5117873694187
-1405.3523372006066
-1067.6198705896286
-1200.5869504614607
-1226.55801935624
-1174.1554391106981
-1234.3044035985674
-1211.5644951051809
-1124.5867911904293
-1259.8406819279521
-1119.8028365716955
-1182.1759732495411
-1072.7930083414483
-1101.48908115368
-1236.765672018785
-1237.7829156460703
-1195.47567920014
-1242.2876926654744
-1257.2681917198163
-1334.5266627532567
-1154.4344770404157
-1195.645879259569
-1314.3125507986886
-1151.6758039428462
-1228.2243663259555
-1179.5149241160955
-1556.7096550776612
-1198.6077112454157
-1199.010701284479
-1118.3432772379679
-1326.858481205491
-1358.84595264909
-1071.5408434792246
-1272.3119351659607
-1299.871029884349
-1386.803461440992
-1234.5865449450366
-1186.0773057946915
-1228.3096570087228
-1299.768802831135
-1247.9209884759134
-1304.5583311692444
-1331.0039253154225
-1158.8012425614224
-1266.4483313312858
-1314.3555037852261
-1287.629866819965
-1140.966659358616
-1223.9263725801763
-1194.3214365816932
-1154.333924381456
-1375.8447167739319
-1231.1350560596381
-1241.741974427857
-1278.01209676124
-1216.641998221062
-1226.7959615116351
-1371.5875498078058
-1310.6363346417334
-1162.6052702713414
-1325.235872514995
-1295.897940795653
-1340.5486178682731
-1281.4074296757497
-1250.2560663365884
-1236.9969118281551
-1213.8502210031418
-1230.7967062850412
-1409.6764467857292
-1378.2196955734835
-1361.0165758413489
-1181.7133413922463
-1145.1410687902962
-1292.3735855350335
-1252.6436259028644
-1117.2199275496719
-1229.5764125482356
-1125.1222385164135
-1333.7169920241583
-1253.3697607677254
-1278.777937607827
-1246.0932528168878
-1260.236957884223
-1294.1928192592582
-1317.3021359786926
-1556.6405313497187
-1228.870816937243
-1094.0042516782285
-1089.7697770850905
-1229.4752159871596
-1169.7432627329215
-1424.7067991026686
-1231.7150733114686
-1023.505366892565
-1379.2033168402531
-1255.1385287930125
-1318.9475216964436
-1242.8832809641133
-1294.4867997914334
-1233.7578620670781
-1304.5364048116153
-1282.0281730275635
-1385.2069731483516
-1366.4037083928804
-1202.811645550044
-1284.0824747625365
-1254.764671781726
-1400.1912770546846
-1270.065523580523
-1429.1664476348715
-1371.1527497653842
-1170.4814496527379
-1154.5841430738978
-1226.1825109360775
-1392.9008924273485
-1335.1405314763158
-1236.8254383641633
-1303.0504641784883
-1263.8053563826652
-1321.239778067969
-1255.4016204415684
-1287.3446717673423
-1439.5659338435953
-1513.7171300330772
-1304.6260280699253
-1372.8314971971386
-1175.5370857580308
-1225.936503561117
-1127.1131070945244
-1304.5792534558816
-1483.4703718346998
-1160.5532140155178
-1215.0402136698376
-1307.1848544417705
-1201.9617009165368
-1244.6624682011607
-1232.8137756791502
-1441.2169061334675
-1166.9539128762724
-1253.4417485416282
-1327.4295723141095
-1228.2621836885396
-1286.8065134990338
-1300.5132584971734
-1377.3766523349775
-1230.3646715097098
-1264.7721335490587
-1277.9778022284852
-1372.8800051799662
-1294.7037700991018
-1259.3872837808121
-1209.2811573599654
-1233.3406644637698
-1219.3321345881473
-1254.8241995677565
-1229.0519469336211
-1147.4681253459203
-1363.9749008044519
-1213.2197435267292
-1414.5130922707076
-1272.6831883140703
-1228.0203140018336
-1109.7368287440347
-1235.5579188188349
-1204.147344879247
-1068.4052869157292
-1275.417197934081
-1305.6896976051562
-1373.7979909290289
-1332.628719314846
-1191.929393404878
-1325.1262675811984
-1398.0430223430153
-1169.3006110182719
-1154.7848614361935
-1107.5301190612674
-1230.5849781504066
-1226.0275213480243
-1206.6117944014181
-1236.6708317546124
-1399.9173774891858
-1163.5569074775976
-1086.2481056272893
-1259.9776185510586
-1345.9109864816917
-1437.1319128533041
-1317.7187096721873
-1260.4640124759603
-1270.8316147530913
-1279.3873247406927
-1275.997219125781
-1159.4129375276857
-1446.2321444189276
-1251.0723277020256
-1330.7425736711084
-1124.2153182130212
-1381.1708730201608
-1256.0791048475996
-1317.1289595564658
-1307.6871672879024
-1369.646218452366
-1269.882013771301
-989.5204325938623
-1197.3155427615545
-1223.5477812294464
-1250.9681436939625
-1322.4138346311925
-1211.6007623166179
-1411.870283277771
-1236.7575549447486
-1393.3913172462703
-1252.7770632684583
-1152.0450296413233
-1416.304129853709
-1347.272234141712
-1308.005089456971
-1300.8942570284564
-1288.1635036397677
-1273.201824971804
-1392.0473082137155
-1279.65778073207
-1307.1290030968348
-1386.2710977334823
-1358.1333648669897
-1293.283280251484
-1248.4955798244964
-1143.5128189969046
-1199.6641763783805
-1304.5577170416318
-1233.3349037220178
-1251.3655296274294
-1158.3039145672053
-1139.9242344594547
-1252.3928600024167
-1300.2473907015224
-1120.705035226385
-1215.8713860356258
-1234.6171181058069
-1289.226038154915
-1219.8315825397829
-1254.757581044113
-1316.7918663043495
-1280.8598723700861
-1260.0274381494692
-1263.7246285752199
-1166.0666065835348
-1413.745826869801
-1310.171991788603
-1388.0525982144654
-1332.672678435339
-1357.470538797357
-1225.2244948017135
-1356.914932279941
-1321.9615179326454
-1215.306603399428
-1246.0170020549294
-1198.5663995605364
-1128.8331374241134
-1268.2122330114453
-1270.9517688469941
-1226.103992822069
-1304.2206298857668
-1387.6438487409596
-1470.0323797122153
-1345.9830857789095
-1178.4600486856907
-1303.3286349197235
-1177.113144260427
-1252.560994206567
-1180.2346411617043
-1337.7316309068483
-1133.6470121961863
-1336.4682698588974
-1197.1126915108325
-1213.1453327255076
-1400.0639489328178
-1314.0102467654556
-1425.208344529569
-1193.935032560123
-1271.4568861359755
-1211.4509072471299
-1351.021701213067
-1294.5547789389082
-1280.368677652193
-1189.2473295714844
-1290.9007891479018
-1279.1627497173522
-1283.5067787533196
-1556.3902048789325
-1260.6445506191585
-1219.5721183354233
-1102.547124605545
-1278.629886141648
-1257.938360938217
-1253.3502633967637
-1302.4506143118158
-1204.670301021123
-1264.846775570747
-1282.6300007012808
-1271.8198925555616
-1105.02193350745
-1282.302415517175
-1206.0787683945136
-1273.266546008816
-1287.4411605116884
-1139.5191362010828
-1265.698175775121
-1195.652333302359
-1311.214174030748
-1221.8025947487329
-1281.877192832403
-1231.8668369176357
-1237.5628609453627
-1299.0183534578275
-1365.776087531144
-1255.193102163607
-1358.6826986897167
-1235.2897067031327
-1347.190506904925
-1223.943705968028
-1269.0369377395139
-1363.3175046200085
-1257.5642024785
-1226.790385481251
-1169.2151969940912
-1203.3663933273137
-1314.058323616608
-1379.2305037979331
-1434.6390798221391
-1283.1790029702634
-1277.252752695991
-1264.7944672043188
-1210.3032111162647
-1271.656182971073
-1252.2595660127731
-1164.3666905307725
-1290.541966517721
-1377.4239433874056
-1418.1320415274022
-1401.4724934998621
-1230.2901600183575
-1187.1245807118687
-1236.5955709337534
-1217.587970179779
-1135.303030752956
-1200.0575392546305
-1239.5381528172045
-1316.4870029717472
-1304.7637954140664
-1198.408568640314
-1253.3773151509213
-1126.223143153291
-1174.2470213692052
-1397.4280132721697
-1352.0397854731634
-1280.930975089968
-1359.9144888529845
-1403.8391628584764
-1309.7908300236247
-1205.6032179389529
-1281.0204026031388
-1370.144876181389
-1228.2050398007534
-1219.9716433443673
-1197.2327358495552
-1296.2365401274603
-1118.14523284299
-1314.5680487622446
-1164.8800605449062
-1188.3930832031922
-1254.830471181146
-1235.8220234749997
-1173.1683573404187
-1349.7150083452798
-1078.5317930346243
-1167.8349422173249
-1265.2939206762221
-1479.8069563373454
-1212.5050599629797
-1179.9259263631518
-1248.9668401774468
-1201.1739378375148
-1263.266215121025
-1252.3662107002804
-1153.4894467401784
-1223.3770456078457
-1297.547835037051
-1296.0433793131183
-1196.023374998637
-1145.9093977517855
-1288.0727079442906
-1250.0838607825076
-1271.1715020108097
-1225.0940036093823
-1155.8589091288868
-1294.2720811775855
-1149.3957298189714
-1284.955661863426
-1201.9100955519832
-1219.5156177375766
-1156.227257447288
-1269.4351483556675
-1078.615384448517
-1343.444094081135
-1234.5986684978757
-1155.3181788683999
-1146.176285836611
-1267.4122961518387
-1295.6753839573903
-1224.6341363552551
-1241.1530127678052
-1222.0546277683065
-1469.7818764910462
-1273.8081202852438
-1130.238451187645
-1387.0636798161286
-1189.6616955611503
-1202.030909297268
-1243.448944427927
-1398.540190021712
-1313.3273081892032
-1248.4067315759148
-1281.7349273819227
-1254.192319151583
-1085.940261525093
-1203.2786428270165
-1281.9130826559738
-1269.6195199142476
-1371.2720444132397
-1237.681514786049
-1228.3852711252646
-1393.8681890568323
-1134.0641110827153
-1162.4092968077302
-1425.2634805257549
-1179.3060741281208
-1299.8127248658066
-1273.1821732827373
-1332.3948828925072
-1238.1392766819026
-1267.1996624177827
-1277.0992427429883
-1150.5478501255836
-1496.3729302009606
-1314.2586583736706
-1129.100877990328
-1208.4368599317372
-1211.2196836732217
-1276.819651730492
-1202.254938557811
-1238.836636460087
-1220.2109210315775
-1328.3540277528687
-1150.16403156969
-1170.385524126005
-1223.5319541202305
-1220.2634436540436
-1256.4377009553023
-1317.0343540082617
-1239.8520859549983
-1240.0152935968927
-1243.4893216096298
-1315.8594041847984
-1241.2778657697916
-1215.0680671710022
-1229.3440164637982
-1193.69303484611
-1180.9108162290088
-1162.4840190385457
-1367.3380978936386
-1202.3063633822094
-1309.11084647446
-1174.1052009740126
-1291.542835018042
-1150.6316623610815
-1222.1636521365854
-1263.4570457244665
-1280.5211562984862
-1170.5575785589408
-1192.0037627969011
-1172.4828334493184
-1379.6788909352235
-1245.6008620235368
-1196.8600089957051
-1205.5350566322359
-1256.3478582686473
-1173.0909643357434
-1272.2214450821916
-1194.542895642168
-1301.738025504305
-1274.5244165363283
-1159.5586137957905
-1227.3591190786071
-1396.450560508927
-1369.8166354189434
-1330.2603964929428
-1080.610605622729
-1165.4299497788859
-1334.8155225502703
-1239.9992693760958
-1388.751787561638
-1189.8629814591484
-1262.8779235977208
-1222.7532288277375
-1082.8334263741951
-1226.8802104680187
-1286.829538702022
-1240.5094544591786
-1223.773527410726
-1263.6842929982072
-1365.3603139756906
-1318.2289104678327
-1295.618723339915
-1250.7921115251902
-1187.0309924629455
-1287.2305184712473
-1151.5055480421133
-1252.1944381217363
-1288.58839002952
-1359.0191661918307
-1220.9492541155598
-1089.9357470671378
-1195.107268905833
-1324.0623871534863
-1365.8838416558856
-1237.928838598998
-1337.2510704017773
-1122.2391469036447
-1249.3086382246972
-1242.4917115407043
-1310.2459654094023
-1208.678568500278
-1351.4999379545234
-1191.9409505557617
-1312.9985734145348
-1163.1669231565168
-1129.6481953369534
-1224.85059686179
-1362.0430709223335
-1323.775728639539
-1311.1200394593388
-1163.354350322221
-1244.4289736102692
-1330.6065060959504
-1233.05870255972
-1227.775398602364
-1296.3925574599543
-1134.5643330011196
-1143.421351604107
-1242.7987405885578
-1119.8464065528487
-1339.9646268259949
-1227.5364094079873
-1218.78274227942
-1167.6542790281758
-1161.4923580812974
-1188.7921958109066
-1119.7728961324594
-1115.0255385929204
-1147.3281182796852
-1192.5139896328528
-1230.4529501038378
-1028.2877994339083
-1243.0976477550005
-1234.5781324938516
-1308.1348536575922
-1326.4895537903558
-1220.6520526952152
-1214.4007859911708
-1155.9775781302103
-1269.777379366464
-1120.7146134072539
-1163.5827659309405
-1179.4265434750666
-1228.568321778703
-1220.9170613816143
-1204.4192332310652
-1305.9498325610502
-1199.4734410524065
-1218.5451512056864
-1153.562466294459
-1238.984216204949
-1408.2586974528667
-1173.2443147015042
-1205.428902096114
-1234.9673278343876
-1197.0485445490983
-1128.5937443435905
-1221.1633799951223
-1152.419594437295
-1268.054336095428
-1271.2509318805824
-1164.7477540231428
-1206.3811712248432
-1145.1276868411828
-1282.5324181982435
-1058.9511466013316
-1175.304115216084
-1160.9981187694773
-1165.92372734291
-1304.2549391441335
-1274.4539973742872
-1138.9336713406472
-1137.0428887439264
-1181.0323291636994
-1266.7576355438837
-1296.6640872712799
-1186.4703446835265
-1171.015215156495
-1286.9009416015826
-1263.0797659779164
-1170.2027989677301
-1378.4771818421711
-1220.4795385737648
-1265.676053520401
-1093.8640128788527
-1195.5901231754274
-1282.3717144602178
-1277.4233875614927
-1257.6232910451527
-1278.485347423255
-1333.388210719641
-1198.6063764853832
-1206.0450144681824
-1167.940425575522
-1067.875285870888
-1247.1451689905252
-1258.3999418519577
-1241.5313174965895
-1250.5814587881823
-1100.73610727445
-1291.2358288659416
-1249.9328292016235
-1160.070438679842
-1298.5276383747414
-1335.430200732325
-1201.9086673640484
-1318.8325904410403
-1255.2152924742807
-1245.837681464792
-1253.5755327949998
-1135.06280502021
-1292.0341979205582
-1171.7339621264796
-1152.66159314615
-1202.1863512946109
-1186.9584775418518
-1090.7486885821597
-1167.2716999247707
-1221.3304424865805
-1414.5874837814517
-1108.9142631219277
-1226.528566343432
-1322.7635988475404
-1207.85752724876
-1257.229884695782
-1205.899401326891
-1198.8334805472505
-1167.6713512106105
-1320.417369781425
-1313.6400259199702
-1241.238489856185
-1286.4655753750478
-1141.464796447859
-1298.1646117940081
-1178.498315838869
-1208.0942753237637
-1148.4138029034052
-1105.4184979022648
-1403.010349830125
-1202.1244797165057
-1281.627024913279
-1400.583855498451
-1211.1540864106198
-1315.5034394301272
-1183.8157777290878
-1220.3555114427056
-1093.866586378746
-1216.6802229232496
-1157.2124405823831
-1275.8601883445297
-1177.692071574853
-1314.4153181387617
-1398.7643193519025
-1201.2885956352773
-1162.5424565351711
-1261.2723197855257
-1140.4362575385233
-1194.1853758153575
-1205.6011423328919
-1111.3149204350755
-1242.1876792668281
-1309.9828804225117
-1435.2775812578357
-1408.1742747834785
-1333.093370479738
-1066.2373608140736
-1120.9179271724038
-1192.727361770323
-1196.1334140299666
-1051.9816179449028
-1223.7493835606965
-1389.970452011914
-1454.7843886291707
-1382.3892117694797
-1235.75572875729
-1251.9510411822505
-1223.408357588048
-1127.9697927018633
-1213.0885250701047
-1242.712428579575
-1210.1143461862182
-1301.234190153845
-1319.4987014403896
-1264.776638422081
-1234.858552765476
-1024.4312658166054
-1250.5265977014058
-1126.226932203516
-1211.0691980694794
-1239.6528940815524
-1259.7922808645471
-1220.7078244985473
-1285.7120422567855
-1220.6339564540892
-1163.641067476342
-1229.1363071877674
-1240.2371195423793
-1254.6381541939134
-1265.9101107455824
-1151.9123458449737
-1252.768336735063
-1264.9508338661335
-1266.7328358942777
-1232.5856824476068
-1155.440560389969
-1302.4664683865637
-1174.6482695191546
-1213.0278266081164
-1339.1135070493829
-1153.4776976094645
-1372.703600253185
-1103.569142857095
-1282.2073967124963
-1230.7644942288061
-1276.1708305294283
-1264.4774014840677
-1195.4586374787414
-1249.2876655403172
-1253.9988856490747
-1177.9708571307708
-1191.015905361612
-1296.8855182076804
-1289.1722916565877
-1135.6609118600547
-1291.8242674329024
-1316.6251037438396
-1257.5937447633764
-1165.949866922282
-1150.6718340993848
-1209.0600763336056
-1183.1688216209884
-1388.30911665245
-1162.2809026563916
-1145.7869234126358
-1179.5548552845983
-1233.4431882301024
-1264.4215829253744
-1088.054395940755
-1228.7099654316316
-1216.6450978218832
-1184.5109836976137
-1245.5408888244353
-1248.030067598848
-1215.4883141531725
-1255.573156813818
-1316.1288229450065
-1334.9825810749162
-1198.72396890412
-1303.2090079134753
-1152.9862518319205
-1329.6411570505622
-1243.7710848755999
-1257.4521501729507
-1310.0030989752715
-1196.4816414542793
-1268.2002159473668
-1352.2663156878723
-1050.9383439797275
-1253.5375950085572
-1181.1274017181909
-1289.258303545166
-1215.5388036665681
-1152.1180665679133
-1198.8876292482107
-1168.147927688519
-1355.8852047001424
-1214.973538734014
-1319.1503040001337
-1153.8880744048138
-1297.9389725947478
-1187.5533451075985
-1228.0765226963838
-1053.29246581843
-1338.5379632901888
-1348.1682672748238
-1216.5891252146782
-1353.2364078354574
-1199.9729591189564
-1195.8313286168911
-1208.1861023996764
-1227.4411879795514
-1228.2432342782727
-1169.9471740820334
-1194.6430914020725
-1250.0151605156036
-1204.9619012362614
-1175.0088987856334
-1221.7564298328487
-1156.2466354397009
-1334.1506911962622
-1306.8735441384115
-1399.3490946314305
-1260.879394566612
-1272.358227962049
-1272.6283669755724
-1266.9303793825848
-1176.7367183563263
-1388.77699747747
-1304.946179119238
-1176.7251041809145
-1252.0701307570378
-1222.8963297662988
-1298.6778681288918
-1330.5726449348165
-1244.8945846312981
-1270.0910145408764
-1193.588722708947
-1189.6428741547586
-1287.5358566170773
-1433.4227877054527
-1109.5368462992312
-1202.2481323914594
-1218.3258712320662
-1231.7971287590779
-1173.3353977132815
-1260.191399448864
-1143.9408660161796
-1204.5932732990545
-1134.384677907872
-1145.0779600904461
-1270.1009348629955
-1199.0055340681424
-1284.9090636196015
-1116.1723097539905
-1303.479725209003
-1288.1865890332938
-1149.5429372812773
-1189.3149942382895
-1292.1745521132507
-1198.3652925854742
-1381.6383408265285
-1277.3827754629933
-1198.45949493606
-1307.6166514514723
-1238.3588275518205
-1191.4870772347845
-1143.407109310793
-1367.5709642184295
-1286.4638348400722
-1251.5574126642323
-1259.4123576130023
-1251.631273743177
-1286.0316057779228
-1155.9342429535973
-1267.9245898487798
-1108.234328568672
-1128.1245074775898
-1284.6477491199707
-1205.5197134047894
-1246.304418826955
-1269.8014180617872
-1366.9262322766488
-1091.2720892483235
-1154.4248983394648
-1233.9727763952737
-1278.8671943090956
-1225.6710948690134
-1352.3707692706548
-1282.2224281804638
-1279.3851253670696
-1275.8547240085543
-1240.5704223863227
-1366.4222669915355
-1247.2550737105857
-1213.2446533537927
-1157.0130209196302
-1333.5157506270848
-1229.030281442105
-1248.0082157207253
-1299.5888650897768
-1228.314487007313
-1231.9670386249477
-1219.5059872713834
-1138.062162464627
-1242.6507107388277
-1208.5956418122337
-1144.0869271112444
-1248.1383962056302
-1189.971615343588
-1135.2734188521788
-1340.6951149077624
-1208.7031526074823
-1410.988582040607
-1195.0611189491035
-1393.4903298673044
-1334.8725905267847
-1370.709118716668
-1092.137464403145
-1186.3095289823898
-1196.4540634008115
-1182.4752549084442
-1240.8513962268719
-1210.7603166169304
-1149.9655331494234
-1314.5130146465476
-1268.6502510193375
-1295.962463463009
-1243.263001091791
-1330.3463135194445
-1362.2520745065708
-1225.485136463711
-1198.1412682466605
-1231.9270936269158
-1173.7209126860705
-1273.3678350619903
-1196.5009553533646
-1277.7499488998865
-1234.2645241741393
-1333.5101642688478
-1214.7679495803177
-1127.528468858745
-1209.21875839767
-1230.1168394509189
-1245.090791773919
-1142.52587721544
-1154.3301755345483
-1219.5964103859947
-1291.1840131070792
-1166.0636743943794
-1176.598688866651
-1118.0850183076207
-1245.3520296277986
-1322.693028744407
-1210.3627232240954
-1354.570484982902
-1206.2597996413506
-1205.561047362632
-1166.5706532391403
-1140.301846962991
-1160.1243568548414
-1222.7214048530138
-1239.8311076842738
-1270.9920230547605
-1109.1522770573345
-1200.1636379048332
-1349.8878822763736
-1323.845071896114
-1301.3488147700937
-1205.1396416551513
-1338.9048487003681
-1108.409169812432
-1148.0736726454502
-1325.9069000486504
-1170.8688513631137
-1164.91582763704
-1097.8280776769113
-1274.323198390539
-1178.8016880999114
-1238.6529725583134
-1300.5921123147536
-1343.6020127232464
-1135.9873374440606
-1329.8234238075765
-1175.6535361535798
-1145.9344305299119
-1330.6844454500444
-1255.0502634984077
-1266.2611114541578
-1365.8995638981517
-1228.6964804097106
-1259.150836301248
-1238.0646655061703
-1118.890377489959
-1268.4251206344584
-1273.8483502398662
-1236.532320044651
-1312.0360487738508
-1146.3777478604477
-1199.579411861338
-1218.0582850752944
-1244.2288956264545
-1308.9453226283094
-1208.6953017866485
-1282.483436645623
-1334.3560123872248
-1244.8846103709711
-1341.7958395200692
-1400.248900084985
-1295.5600716792542
-1187.4591653590335
-1232.2731142084658
-1185.2791006660052
-1204.0896412989132
-1140.3428619432036
-1300.320066771681
-1280.8185586745692
-1280.57650802719
-1212.8055899781666
-1332.5491862320034
-1354.0890831904444
-1108.489915281811
-1269.79230360145
-1335.7432065343437
-1288.8617182588973
-1300.575288395163
-1234.6316020373752
-1254.283978252561
-1220.8826950080054
-1152.6663927504403
-1300.6325644257097
-1138.6055941503191
-1172.6209679441627
-1224.8225998881203

