-1307.1244168191884
-889.0873126433391
-1695.0991514681657
-1530.2149345138853
-1185.509578703087
-2144.8852308069145
-2169.270143379877
-1097.2542906271728
-1213.2513714983852
-1945.490934669596
-3281.362572289644
-970.3915448699977
-775.0970228033303
-966.7966976832042
-1121.6703219250003
-1091.9259759884317
-1139.5243348305273
-949.6855671306876
-1141.80671604615
-1020.6510394138419
-1106.5966662723906
-1045.4566697555492
-812.9099209202955
-958.6810078377184
-1048.1253557575558
-891.9079820579396
-845.8060007082601
-835.6117611904991
-811.9937528880096
-795.886289294512
-943.8826084617078
-875.5632784135598
-778.8930058266434
-809.404695146704
-800.7049471068591
-753.9861960255281
-938.821517705226
-679.7901954210029
-844.6277075542184
-1019.3829891421182
-949.1625005957917
-877.7212580775473
-735.7318081698155
-689.6835451342032
-865.7491997491693
-782.4387982729228
-977.1600538918489
-768.8845069246227
-795.9711585696376
-883.0511764146839
-805.9842107056049
-844.9545180077226
-785.000438021818
-777.3020053974778
-748.7819420806605
-985.9124825708595
-848.9996558095769
-913.9043812705272
-706.8500515773379
-784.8725947886139
-726.5333723942499
-806.6628010654372
-805.8899533991172
-760.2342907665825
-782.3267947172399
-781.2095933140326
-712.7260204518634
-781.8413334006461
-742.8738084438969
-797.4404495097142
-789.2591869091389
-889.582670714899
-759.4748081800674
-902.101989258565
-829.3537433698326
-695.8397664976392
-852.6269119059867
-801.2856967712056
-818.3769635443105
-846.3466891548737
-967.111182016539
-779.3986363822078
-786.3645793974133
-905.9585029061113
-801.5642627414124
-749.992603890503
-717.9802129439762
-805.0711869510606
-888.8047632909149
-829.0341659311342
-812.3800496121926
-783.772326035952
-755.5632432415791
-746.691320250582
-845.5405605945184
-741.3327188855627
-782.039182753651
-812.7965359653499
-951.3306428074543
-805.9220109084004
-775.6703848114248
-692.7853536294233
-805.5455879928593
-823.8312061242664
-729.5515515686175
-762.5598218468169
-739.9906108190904
-745.4779204953334
-774.9627420327915
-729.7833289544152
-784.0958547485003
-742.2320739229008
-898.9175117901614
-764.2054641324186
-773.0833945472777
-878.8439420744531
-793.1297095869851
-842.9880057436571
-820.1782575432774
-759.038019471407
-723.6908453689945
-687.5455877433138
-738.3462541707504
-777.233546249641
-726.6935259273429
-723.0106650737405
-788.4438176451736
-862.4127860854878
-879.0340967465256
-739.819567867475
-823.9347952673716
-791.7298749416996
-712.3611283478496
-824.9435894163788
-766.8491582089831
-856.2884783121194
-800.2804495776131
-770.1513088547088
-690.1678054213415
-892.0154070691588
-762.480027500534
-821.0551494635715
-707.1774484381884
-721.5143750868382
-805.5455947416317
-825.5681615149388
-669.2278269979608
-753.7308989898503
-726.6370087843932
-839.9483362094209
-764.7051690199891
-735.7090573210791
-808.8318250622224
-782.0579937027767
-736.5908286115255
-963.8228271354428
-738.8456360427322
-671.7023986900257
-759.250094502418
-809.9242328105071
-807.0031752797464
-809.1142859553746
-722.0947078551245
-707.7332295662018
-867.8730391145808
-749.5799167065456
-715.840661722321
-732.9292165912657
-731.3383061652198
-787.8754446922152
-791.7676873941718
-852.4021470899448
-780.9090038784934
-741.0557855542661
-762.65666581734
-793.178574133693
-830.5472475761671
-662.5031074850722
-756.9981329272846
-741.90703257113
-699.3804713486179
-719.5896735152286
-786.9320175936396
-809.9878994782474
-705.7704979907426
-832.1321007552608
-782.5259002457606
-748.1157028422822
-910.4333801199182
-890.3389546272598
-725.5782987739085
-827.535252533045
-666.4377303015317
-738.1512612187894
-708.1118589516504
-712.7896616893377
-750.295549524772
-863.1238628896234
-710.2352735037399
-817.516688325064
-671.7609267585806
-807.8902079805689
-764.9719376801118
-719.5208568061976
-820.5424297078451
-708.652711037395
-727.9615519412816
-819.2636747647548
-726.1749400747585
-770.4012115103067
-767.0870198372362
-731.6623289617796
-757.659721788465
-747.9851003214443
-762.8252344533189
-835.142824976191
-793.2478101169796
-837.7594566231445
-785.6290926197362
-681.4658600476942
-728.1680499197181
-738.8891053863827
-738.9983524117407
-689.8227888165566
-774.3410823774396
-715.1044540140715
-802.5457797695758
-653.4749843233093
-882.0938429605867
-854.2427956194412
-800.0152123426358
-724.4214162607636
-676.5630826674369
-671.04131640229
-826.9322135381783
-694.5238172302471
-741.5293929816621
-803.6837637940172
-764.9294659387843
-703.005236233748
-769.3236033848758
-843.3045593335273
-627.9277930342982
-740.3181645684917
-730.4322521755175
-750.3521690281262
-807.7520607750575
-767.8000592204394
-780.7517381390581
-885.593364512056
-833.6975328826579
-865.6452720180332
-679.8661774864306
-695.8324638685724
-787.9525457099678
-743.7649874831461
-731.6473937153437
-703.2103998016327
-670.6173481838815
-720.2375099146869
-918.2126916847967
-776.4240293877256
-690.9560872991769
-795.6930207619888
-731.468542009089
-660.7356439336232
-671.9702075511491
-728.0250024883197
-700.6376867471228
-834.2412425252805
-674.680904619044
-708.286496734474
-722.4561464196889
-725.8936691714194
-710.5480005893348
-692.9994232874323
-702.1096051296854
-739.7648926285366
-830.7804382436382
-650.2693507063568
-646.2814130211773
-738.0811373852396
-651.5391115782077
-698.1693015600054
-745.6278012949716
-734.798251889555
-703.0615023050626
-750.4978375818837
-744.2113968174044
-644.7307998744984
-717.8445550797373
-713.8257770608998
-814.8861071647896
-698.3557910205642
-741.737821329412
-755.6486854773434
-621.2716938202359
-691.141175348942
-765.7213326876456
-782.1017103059116
-714.118872704583
-724.3791713154889
-731.6744595953469
-692.6363327604722
-715.5714587828274
-701.0093832649965
-705.2514399525371
-765.5948879389731
-761.7652334594181
-755.8036207422568
-695.1714328640537
-746.2639514615851
-677.3341563339492
-747.4975960909393
-799.191963372412
-766.1983555206289
-705.6720652957996
-787.3749132368382
-722.1123540593985
-683.6804066580635
-690.133877330264
-711.2633382172579
-668.3811486053969
-750.2453822772013
-621.4508311776485
-709.4112428300401
-673.7615637204722
-756.4856921281159
-719.2629123773778
-720.922879921171
-707.2277194558849
-740.66163326031
-775.4161493640581
-736.4023783786992
-740.8550434964027
-666.6166552980341
-673.4208009665917
-663.991436857506
-675.2069530058395
-678.5959751846491
-699.0891161120228
-732.2767467046313
-707.222505536488
-814.3243774604525
-745.9196135124724
-643.9529613154137
-808.7401332210055
-737.2843894376052
-662.2319486778051
-757.4053094288448
-710.019999026099
-715.9447677278781
-704.3811484482169
-775.3130773686362
-785.6563214604098
-725.9425018070764
-715.5041304362625
-710.409659667725
-682.28877999408
-759.3855201152554
-741.6360857147603
-875.4573880437083
-741.0818125212131
-645.7501307688768
-721.8176877195597
-710.0080137796657
-728.3491076996623
-725.6306675901878
-815.1199138372352
-715.060593450619
-717.1895137405861
-772.2563038262866
-785.9591486675936
-770.2244545374633
-691.455437270683
-686.6619716216054
-698.663579755004
-688.4338176183719
-687.5078637706392
-797.3751942575095
-752.0508325521869
-815.049185408333
-782.508326583967
-754.2084137136421
-614.5777026448665
-755.7341993185964
-795.1089659152785
-723.9866868865602
-684.2508156387177
-626.5050028627306
-700.1348122507333
-772.715107245033
-718.8040630875747
-671.1591607988926
-676.7617063641097
-772.9750811510677
-738.5846399766455
-718.0633003303107
-739.7638252666029
-745.5757228768547
-848.3276314166113
-737.0610218971151
-699.3521716361129
-743.4324875047421
-803.2438079298663
-740.7779134025225
-699.4901917676505
-652.3765267659559
-700.6998680054024
-670.7885842402736
-718.5958980509834
-734.1062163989858
-847.7366278438484
-748.7901963414288
-677.4632932294584
-795.466688848403
-710.8523202669226
-765.8143039122194
-758.8292107455754
-703.8487177681409
-775.8957835124909
-793.6605599273046
-713.7422968372709
-715.3861584013434
-867.3792420435565
-691.669826186341
-776.5309452213862
-803.2688176734139
-688.4295836064817
-773.8598978829054
-712.6766300649763
-663.5749173990246
-757.4612136799742
-806.8700789424629
-840.7333888486239
-688.8611449455666
-894.7857875993321
-698.2926169424985
-814.519458404037
-791.3331791821325
-783.9146197202194
-722.6159958673435
-664.4585666437976
-734.6762438650753
-717.3905845668352
-743.0326435747461
-739.060049671527
-751.4584759044227
-641.8708552669979
-874.1485031553219
-701.2072274268602
-724.0820808944064
-654.6881754125164
-755.8612679670323
-830.1194855584029
-748.3984152304204
-783.3317489987968
-643.064417422098
-757.1884049412707
-831.9887695843618
-760.0584898295633
-771.591168097025
-770.2362839283619
-689.0555551528805
-684.3763365245877
-765.9227532535831
-659.525979320156
-654.7207603806423
-713.6418757418248
-794.2370294922615
-720.0506069980288
-775.5710767591553
-604.7843992471622
-733.7517476302606
-675.7613414336556
-650.6256070446102
-631.2068115497733
-679.5614096153242
-742.9226907879273
-669.2179087803612
-798.8860078717507
-902.5093123938034
-845.8035124406139
-730.1234870762418
-683.2359437144688
-750.5928173853896
-728.7797324106181
-691.1789083408885
-697.9768316414088
-765.1546640256154
-776.1541126536582
-690.4358923824731
-759.8925154559769
-842.6026842253249
-743.3746011453455
-805.0127995928715
-682.6443201454135
-767.8804724268991
-694.6084323209624
-729.4070566387891
-702.5068988167402
-688.6886344030697
-663.1101821842261
-710.7978150881239
-732.1523354466897
-882.824335512391
-678.6507349013858
-721.8759706591763
-671.1180916184845
-791.9064179909225
-762.7738428233495
-774.9158966359784
-725.0220893186784
-773.2872122881957
-773.6428913966411
-702.611002593102
-618.0724920743769
-683.5255314918882
-643.833917842308
-680.0698641994235
-729.7445134608175
-678.6500764104708
-689.5180659997334
-836.5174404429396
-731.823819100515
-626.7934067175578
-644.507321805072
-648.3338732722905
-765.178080246345
-746.4629211668918
-757.7937780776491
-684.5743442595517
-642.8943212884078
-678.3971648234108
-696.5008191457239
-726.2320493860256
-632.9869973081774
-715.7259129932295
-635.9335479384545
-692.3758829311528
-804.0346800535195
-687.1224784283473
-668.7922684334967
-711.6349224120485
-792.9588171959151
-738.6531559135974
-759.081449425563
-708.075861296159
-710.5125533815425
-674.5162597001399
-662.1292829075319
-720.774392410689
-742.5720880980239
-661.1783758254247
-758.3739054555289
-746.8912892240061
-725.9088517113323
-811.1725103465456
-660.7330171420467
-738.6597961756703
-714.7846436653226
-741.4946391739932
-725.6941299038767
-736.1739826955046
-731.6080729932347
-681.3441803663982
-733.6122726719834
-720.3649745826883
-672.756737594844
-751.978385835923
-667.2354888483346
-811.463064859238
-736.1225066090968
-721.9035663895653
-757.2333791458827
-646.3994116934348
-724.5777604157532
-669.4850448813113
-709.0259944020713
-711.4986183421221
-745.8124884537008
-670.1140390406684
-656.3539399752932
-596.776384297801
-721.3851383205805
-717.8869555390725
-821.5382040017311
-682.2007675461614
-637.0907010781016
-751.1721090440237
-732.5174861309773
-643.0508467552495
-701.1672852381352
-750.9856975137977
-726.5229971707823
-743.1640186647023
-650.4821466822808
-694.2225190549057
-835.8167304094627
-721.6822674536897
-732.359732083911
-823.0127136064983
-704.856665453603
-729.6985901984613
-695.8763183696715
-694.2238144312005
-723.3725334263901
-681.111848959049
-676.1752744144906
-695.4553552933806
-641.3477958588601
-729.8922614361759
-766.4041950395374
-742.4615174176378
-713.7363989775054
-766.4067632260579
-753.2607316335483
-687.9785018427737
-747.6340075737584
-749.4493152510204
-713.4967656047
-760.4549775442368
-692.3722548272777
-696.9414466892298
-742.0724683976279
-706.9871123538301
-709.5216854692849
-758.1993092677844
-717.1187058141045
-812.5992755640241
-616.9222455102507
-699.0425340000438
-669.6181173535352
-680.2113106822677
-698.3003515739359
-687.7245451218355
-675.7050743000409
-698.1021576541411
-816.3499863435605
-635.7128524056684
-775.907810246722
-707.7077308208196
-709.4647103539619
-705.5087587572272
-687.8688307835265
-792.1785221483525
-721.1804010817382
-665.0287918733025
-661.8636531168346
-662.5877265735212
-635.0339635387013
-683.413063580665
-716.4468388353438
-629.271012430972
-715.2825488217231
-712.3356154702291
-723.8030201625226
-728.6289539128271
-681.2155894919995
-676.2821575675389
-659.2229299716756
-711.0467097243167
-625.396871376414
-648.5038730247584
-714.1043596883594
-710.2564344557123
-651.0099394983566
-751.6994177271262
-655.6728654779604
-651.313858439621
-687.5458338660966
-718.2946732885601
-714.0626352099016
-660.5882148408984
-622.6223985355796
-647.8059124536362
-693.0311788035714
-784.8414574791768
-696.7880372919366
-753.7691959811679
-708.7993579692948
-645.277744427658
-677.9112791127011
-653.5930307148683
-672.4986033737842
-724.7982295330784
-747.9601016594461
-670.801134748526
-665.0768324356369
-666.2447318229772
-765.6869454979554
-733.4568342356388
-827.6816500237
-749.292756768541
-661.8235313837881
-667.1672852352001
-683.3725347462048
-701.3058200784311
-811.0358819373879
-638.6076605992712
-645.2243634866807
-608.3486073962323
-723.0400166262555
-660.8993664523509
-654.0249283899184
-766.5448606159641
-663.6176633621363
-682.8479316565891
-743.8508030112031
-609.6053729177917
-703.130625318232
-662.4696595921855
-642.0780275297279
-913.5947207408307
-706.1445925371594
-668.8016281051854
-625.8372834789371
-679.6349722433687
-711.1490956356993
-642.6642120264852
-664.6186788021672
-695.2544260700479
-611.8588640276056
-667.8128601404501
-659.7469009225657
-750.1349433913618
-756.3607354120645
-704.0461947001018
-672.846070101974
-683.0939877135446
-753.9714769377484
-710.9163833847102
-696.3285245178499
-629.4193558910752
-659.9342820558547
-760.6710037237335
-720.64585152347
-685.8806806122626
-634.2929018111787
-682.5339672917039
-662.4968663007597
-749.9789788147597
-809.8349369427754
-607.7004557376407
-685.9626836482266
-668.5745071995937
-641.5692018104186
-675.0277656877734
-735.3027793460411
-680.524392511206
-754.4738943042322
-668.8437533800864
-776.2762139603678
-773.169288159364
-656.430001054086
-679.0511494483256
-699.8692543173219
-625.9607260105356
-685.8778407809814
-714.4208589140055
-751.3501930710721
-739.537134396242
-761.377400774221
-673.6755952949416
-734.6615682049897
-857.2288855514989
-685.9692384753921
-675.0741978954268
-764.6451900851011
-656.6084718906354
-746.6718219298039
-695.0382937918555
-755.1177408033436
-755.8266076754313
-691.2040469250069
-643.5705597572678
-745.2382450975268
-620.9125146033672
-686.8750099432856
-670.9130963156969
-744.4466988298676
-680.6682645031362
-643.4395695446581
-736.2560636954508
-814.083190036089
-646.1611078828778
-671.348990870983
-678.2242094247754
-703.0250906838878
-638.8724168139038
-783.8333472847527
-663.463974752398
-612.8269981284938
-812.1246611225504
-708.589125894371
-631.4761300952285
-757.0532431441447
-693.4080310566592
-683.442261229784
-703.7860506834276
-738.4470360909241
-673.9835321811422
-652.1205310345599
-740.1079491119009
-647.0223461565997
-748.2958545935089
-642.1933386442126
-817.2588105654795
-773.025184938699
-743.7535352726912
-748.3579718393818
-690.2000488897751
-708.1982479348912
-689.9391311316368
-715.9312742855606
-786.3362345055533
-729.8512709740319
-751.6231370041761
-700.3743398719556
-778.2231880249511
-715.0353277077317
-684.3487485024366
-594.4557146835268
-697.4899576272283
-588.6877263054866
-672.8470140330563
-672.8326947332562
-671.2654692067019
-644.353706936239
-704.6482185410119
-593.6044933126725
-713.1063771591989
-664.2811012265829
-647.1153156387346
-680.7657838422975
-669.2744990401533
-705.9816399780759
-677.6947440474312
-718.2690047511242
-667.7814257076002
-712.5254284637376
-718.3921278466916
-637.0483992242307
-833.2541148895202
-688.8438481006701
-671.4455444478731
-686.7636316421354
-732.2479924407439
-723.3850973461832
-584.6326603882143
-766.7313670931528
-721.9704820889754
-703.1941486436224
-614.5193096618468
-667.850203933663
-637.215656086784
-642.8047233443583
-693.4304082288037
-661.4061047466263
-721.5162546532591
-708.7905182034456
-701.1825751934051
-693.4405668025988
-680.1190545163655
-620.5196451689949
-693.6443813871779
-697.6869196260108
-689.4674399653895
-702.8758970779735
-661.2052986059838
-663.4264841208168
-591.1284245574518
-663.0361648827128
-708.9484329964719
-672.4687904798716
-679.3383322986591
-652.0139100348425
-684.6794249960149
-667.5165318607731
-728.0936564297617
-625.5892897406951
-714.593188243844
-635.2677076869096
-677.652873282108
-637.1049464535535
-745.1214536608348
-739.466924204045
-711.3490255286234
-711.7976644660811
-782.6102708174399
-704.7808674208637
-740.8776714401313
-671.1279214156009
-731.6141223492511
-647.9669425322979
-689.801060554022
-688.8189571943242
-754.1414509780855
-619.6595577941349
-689.0629571808813
-631.9015925638204
-729.6788917451072
-736.513129925472
-752.939216403053
-639.7579736704063
-639.8119530613644
-683.3217739890376
-703.4916493892665
-706.0852326319972
-727.669892596347
-679.2818532713909
-696.6540963308448
-661.0044107226299
-703.3492928121373
-591.6266975840947
-778.0707320784013
-701.006077881262
-721.1819562151551
-870.8435119348253
-697.6776269565976
-689.9582407020984
-747.3506432731288
-696.8857022706434
-695.3926182013946
-637.8935656672729
-678.3875305002543
-788.6622010348196
-743.3935556885882
-719.549474151026
-681.2743398110923
-753.1995909544476
-633.3275932550931
-689.5048259573625
-646.6209385955003
-698.2286212648472
-727.5283142414854
-660.6974919729464
-709.5664245980842
-690.2778598498235
-618.5873429600431
-676.5882358357744
-671.2620431128779
-632.6691181910978
-656.0238606656087
-755.3439578639658
-750.9183480513215
-688.9865215456238
-677.1421776513353
-738.137380072895
-706.4774598393028
-702.667865805693
-667.1628057960306
-663.5363090996693
-661.2457403350675
-647.2096031953979
-649.5979020401674
-675.2695139232031
-684.3215787460372
-729.1699171768499
-739.6069147552225
-792.3588224161848
-645.7109883054036
-639.3455399370746
-629.5703361161645
-693.7176751348688
-709.463196828723
-722.3500808314789
-786.3801081691987
-649.8322256853731
-673.9531501748085
-641.279803946081
-687.0084186404315
-711.1241839897369
-655.3942767680131
-615.6365734049825
-765.0916089104928
-736.1607368758436
-628.8030458141867
-710.1248238238604
-729.2210722722684
-585.231084119956
-768.213342764945
-755.9119721849004
-642.17904828282
-648.6219276907701
-685.2908720932596
-651.3684699399497
-699.4227346581442
-677.0919955220847
-748.2505523049841
-720.784423498738
-697.8649617162246
-696.6784397801792
-619.3075971664149
-721.9672988016907
-647.6716758778605
-686.9184902719098
-743.6486409298539
-767.3994919509443
-700.6940025468826
-664.7581478478915
-610.3421564723329
-620.2706226724581
-660.353667908968
-671.6914112189725
-653.9297195826313
-701.092983448201
-726.7554741014956
-683.2797493191606
-691.2939885894976
-733.0404781891925
-613.6211917300801
-766.7008687638378
-727.1044353824742
-685.1064396175686
-639.3664192686668
-706.6941581907264
-709.0469346200109
-648.9824541995733
-689.0110573711686
-713.4488679401666
-726.9784664943883
-729.6461126199996
-798.5714902226414
-687.5552126771954
-693.6175739191502
-658.8233224211177
-685.0464894307347
-660.7525738329709
-662.4958901118589
-677.4360931729566
-692.700384960563
-778.8883808284432
-726.9034566034594
-698.1418197937669
-765.8460125678837
-763.2931347798158
-764.5465847035625
-713.6102138372394
-652.7088875166355
-702.4898118350989
-651.331848433601
-633.1608982234502
-687.052836391847
-749.5115405395635
-717.237680776459
-634.5723075657389
-675.4471232596379
-662.221334708452
-683.9742831771504
-668.7216539465843
-729.1668827121825
-691.2008096316337
-601.1501014517462
-670.6279437384419
-662.2965535425338
-682.9065281632139
-669.265741934919
-687.078899005473
-719.790358935256
-667.9342782989
-656.4700357719346
-723.7201959508976
-665.118952791428
-702.9795581515089
-638.353469302122
-729.197846390417
-659.5001628273935
-653.1439591047417
-673.7665307861744
-691.6086192979315
-639.7384183203005
-684.5948280702621
-764.7825058002315
-705.9613903076561
-737.0116651831568
-805.9629336014308
-714.7838996065007
-725.2101971193757
-649.4784941205039
-684.4236866277621
-727.5358280169012
-720.8118632646549
-600.9836620353276
-704.0574762700699
-707.423962717884
-615.0463819572301
-723.5960509584716
-658.9920268373403
-725.1845691069459
-659.4302513605307
-696.4924784510275
-745.9155485068426
-690.6088490221018
-624.5863198233836
-672.2793166112917
-675.2755689704104
-675.3042577063445
-717.149138826187
-709.6350154700442
-753.1741897714045
-728.4864057602996
-679.2746510612224
-660.0429427098688
-696.3405969625798
-714.9385257346335
-676.606085005691
-650.5427310621741
-683.0378115751087
-663.4327008590963
-688.0275253506734
-614.7998204703766
-645.9491093400111
-716.9462351172424
-796.1749147395058
-675.6102318493122
-735.5377579834374
-685.1913158843473
-641.3214877203372
-778.2606786583237
-722.9090388878728
-627.9075974419706
-661.0671718582423
-699.1283494200997
-703.3787151372361
-746.489620233904
-689.036267393531
-683.9389398696202
-769.8388910988614
-644.9707853307464
-698.2228828510397
-672.6796776557587
-712.6645897608819
-632.1702335463824
-697.2216188083612
-730.6636705612095
-741.8960011884602
-722.8313481105051
-704.5341250675527
-673.0228802595768
-612.9681084989057
-745.9888875031156
-665.364265469756
-656.1740522090606
-659.290568851769
-660.3172423144953
-678.6134926358359
-634.9094848434497
-660.0421822806761
-692.9036480851634
-708.7541879563512
-684.8161775390837
-697.5910084558569
-585.0075770196192
-660.7153833272812
-737.6080071066724
-705.5551587808485
-662.9001204072761
-756.0229693945284
-733.0722885833337
-768.8201208496633
-682.2445255179191
-606.7728321927125
-748.0780512216114
-681.9945482159483
-651.3658012517396
-680.0793135449328
-758.5731919413985
-703.5429731587765
-719.2251581727171
-687.6141622303534
-667.3965598115253
-655.0237367425984
-662.8244089649746
-737.5127377714198
-646.8142032189369
-699.9179397661071
-653.3568408618041
-653.950680154552
-728.0399603630162
-653.1037413210682
-674.7033739379983
-683.1491536338526
-736.332910283947
-701.018910853018
-693.6252820468924
-772.9555662967354
-716.8556024870854
-710.703555787166
-768.200502973853
-775.2584787540202
-671.9615861976004
-620.3898459854449
-632.5382497071255
-702.9266072286246
-623.872015806601
-702.3026874309811
-605.9454710627002
-685.0272892922156
-712.8027609226742
-704.4823289315965
-625.8552935327832
-701.4586203956887
-709.8305590097629
-801.2815399410221
-694.1111376121275
-626.0483706956547
-728.6329650987844
-684.7058286283285
-700.4164048763373
-579.6699291142562
-629.4855142254586
-752.1194559975766
-674.9610492364031
-719.0970241627866
-657.4605744179813
-696.5998021249034
-709.8427080130664
-683.7764843874481
-739.3655561896701
-670.5245465415237
-698.4525374288037
-731.989776398746
-648.2154584942379
-713.795919180524
-728.4247826588403
-613.8513982210035
-651.7172125940579
-703.5448697352722
-750.5814086027535
-644.4674120017044
-761.6842923416098
-659.1409752667237
-639.8593148402543
-650.2827795960826
-684.5307365088102
-649.8182529040255
-619.3682785665294
-667.9916412791034
-638.5032559189971
-750.7051418919077
-840.2742649119386
-679.6084530481211
-671.1995361741317
-709.3226208576303
-650.3461756959805
-805.0671470318329
-672.7911025977382
-664.2121495605934
-684.8097933237559
-729.3833569453988
-684.8076147972106
-739.4423774311617
-708.9861527532676
-675.0710582254279
-635.2496362077458
-692.071512528293
-646.1299060433022
-644.0647979156784
-712.1663733289919
-707.1836981172412
-637.7369500627401
-674.0654125390652
-662.2448376710383
-747.6737030190318
-663.846651453895
-730.1497270221677
-665.3537454795104
-680.4289145601457
-646.8281948293966
-709.8492008695174
-728.1751436388014
-699.9243633960228
-631.0223939984685
-683.8276690180764
-678.6903164757754
-737.439726888915
-687.124183880108
-655.6907379840919
-753.6052920476826
-750.3837410671139
-774.2915695861886
-700.7173384491056
-738.2672998671121
-735.138823267501
-620.8727919073558
-658.1530864653623
-677.6492528569296
-754.3585537003729
-642.2756973755639
-711.250218269574
-710.3360384156073
-762.4773462297712
-773.7111567106599
-737.1106339433036
-711.0429603394103
-691.9270873957925
-728.4206060873339
-635.884532894753
-665.9115261592644
-625.4307093296002
-686.085114228071
-669.5490976587698
-701.6282407052804
-735.56429388688
-751.6559511861576
-670.937881884005
-680.5991717845717
-662.0260093457541
-659.6818732311193
-670.3510579893306
-725.2753166876892
-656.2714986246192
-750.2185241643117
-714.3801460486719
-650.078509040497
-678.1792929163938
-690.6858455005513
-773.5751150271549
-704.3971070401726
-720.272625339665
-652.9178586880944
-731.8698365442689
-723.1450463223174
-744.7676106031707
-630.7394370901798
-626.6158484928719
-660.0081738773076
-617.9580719731065
-646.9190660742072
-627.3563289882177
-746.496087135109
-670.6852046044487
-671.252356144454
-728.0969814848188
-619.67897969801
-698.5014012527254
-709.1885861683554
-675.1521531661734
-651.1715819726106
-742.2638067084134
-642.3092852167414
-738.7719215637153
-704.6180973232932
-649.4617454311078
-642.6912687876127
-681.6265096733559
-692.8912451913793
-703.015925938118
-646.3829986613836
-690.3125655293978
-637.6334245759203
-694.6102889636417
-677.5357660344357
-721.2646838434313
-649.6254540042497
-689.068335254737
-626.3472854608993
-653.5456515158941
-735.7805160083346
-668.3512989199107
-655.5983931630253
-663.8473406682851
-666.1854823961355
-660.9446618588744
-664.5729407353876
-742.4096184398966
-675.4677727487473
-687.4962279216757
-711.3073760109328
-690.7474441836989
-650.0402532851035
-742.4699421450632
-672.1503744547782
-670.010642176611
-672.2765976258202
-614.9434743159308
-679.2962552964295
-673.4818247474859
-619.8376869564778
-793.7798317328231
-672.596275437134
-676.7066678605984
-763.4868020480876
-666.041616608748
-653.9778283170625
-649.8404041019226
-684.9323645126568
-587.0901065742955
-687.7812993798268
-746.6396192642561
-680.560374371109
-672.4324864487321
-691.7228978316512
-637.260184562306
-658.2471761602333
-650.9362781656288
-750.1939094772258
-733.7306088817651
-704.0511852784971
-732.0309464376177
-641.6550977152401
-697.9877492856104
-708.0607413653745
-729.103019325154
-703.6609534461126
-752.2459088086928
-661.5544038064392
-629.4285948626624
-670.7287942897472
-660.4582223186335
-677.2478962779563
-654.980796586947
-659.2968103901418
-713.0586239647301
-659.5871135442858
-707.3201027857631
-704.4434445494111
-669.3361781883084
-641.9149186276733
-708.6485168830709
-695.5314671354739
-644.0692090788625
-727.6577878725448
-736.1189412807553
-646.7882555831794
-634.6462974122765
-783.5295836312757
-662.6275071553887
-624.2327706643097
-717.4162932901531
-722.9213809299482
-692.9020708625251
-779.2367052306472
-656.8598853217111
-647.9067839430596
-678.1406448629627
-767.2674409726432
-629.5805480857546
-687.3651717015329
-700.0826868267409
-681.8410613514552
-690.8206264169813
-689.5505508200049
-660.8693312375902
-695.7012034074655
-678.6639878597749
-695.9434943141284
-668.9332484311049
-584.3424165216339
-697.5800928449479
-736.7643341739067
-699.6103967595343
-719.3580148734595
-746.1393044315531
-695.4816060799845
-748.88075968411
-678.73269204815
-744.7250532746775
-706.577682310365
-652.8280695514127
-738.1547822291226
-708.8947036415739
-594.418181265049
-670.5073660539578
-720.8783799964954
-748.8588605830305
-615.0910546419904
-656.2353961911426
-695.448417602635
-774.4793495061845
-656.8254977526733
-685.569652103338
-683.8221435734175
-714.7727597880187
-656.6141524689718
-624.1010017706744
-666.4371480294436
-689.1658984963575
-684.4169613931793
-732.1523199993908
-703.5387623007617
-655.5431606000392
-777.7834110434343
-623.5663549478581
-619.8906883181866
-658.6219730493189
-691.2508869349249
-722.8492691997518
-698.7349811046138
-672.8992821757975
-649.8116554022936
-666.3020139293276
-756.5481824205299
-699.578118844589
-712.1339096330169
-723.9393363800312
-668.2465772176357
-688.1993235143517
-714.5372443202605
-725.3623874493563
-698.9149395562539
-643.7686752514638
-737.602884619103
-712.188159396434
-659.853689889646
-682.6286156647141
-610.7903882992432
-760.0866894084463
-690.7871320399427
-695.4079839663892
-653.8939716932073
-710.6187747454992
-723.4040303893767
-669.2524431592478
-690.2012953468175
-723.1158407093819
-654.3423435677447
-693.3938526635752
-628.5488624767985
-621.9970757372503
-630.1385266098164
-677.7219856338878
-710.8730185976473
-693.7437966230027
-698.4086808423116
-665.9831079188589
-645.8726436733122
-716.617393495668
-669.130609027985
-746.1788181098078
-682.8529621312264
-692.4378569612543
-620.1954327051576
-751.425019677589
-669.1480762311504
-666.9578305021059
-670.1658083203038
-749.1802633095846
-648.8675054225537
-750.7032157088065
-705.1382300847752
-624.8730700092406
-684.9031847210827
-681.0911134422487
-652.8889371896786
-729.6066379188861
-739.6588668145464
-657.0409202087433
-766.8940411367289
-685.9756170989731
-707.0236886480031
-740.8407257819438
-674.218648254393
-635.6700912184806
-678.7915728305898
-665.3098529092138
-701.9976277615325
-607.5846207768941
-786.4111693280722
-806.1282731994546
-683.7743015616629
-685.038655301768
-710.4825903170781
-700.5163230320139
-666.894905478001
-796.2201843103567
-707.8809136184022
-738.3231035766355
-695.2876151156144
-813.2459782357602
-646.8572967679467
-689.8457166012772
-688.9895262245273
-723.4984562579671
-641.5414621269119
-725.302003024541
-694.343011129558
-684.0571500057758
-610.8462642591787
-677.6221833251957
-667.2070775198264
-682.9117012697334
-715.7191115622262
-675.6136192667661
-603.4218163303584
-570.2071132371292
-768.8224666652753
-643.1594382644134
-699.1395970845028
-736.7813668596979
-707.0617471239323
-637.0556179824799
-615.939585455759
-700.8940798519026
-699.6723255948931
-762.8496452816378
-632.5832750815761
-745.032533457135
-658.37563057949
-713.3022643654801
-679.7849551571861
-640.8603274950565
-786.4989817433187
-728.4602523668259
-640.649056237628
-655.7807418564535
-772.359798401752
-739.0470076024392
-610.0725039984662
-701.2701387742266
-609.7447408271271
-680.1040799934149
-751.7723602338742
-717.1600835392837
-667.3662001626922
-574.7937712594991
-662.5647048139143
-633.337084087018
-691.3538803772285
-630.707824576522
-777.7997581417094
-684.3425812323771
-702.5997293562095
-692.1490157473572
-640.1815096720109
-662.5064253321959
-675.1074205984745
-635.1645797262304
-645.6912125367387
-689.1346127452441
-602.9840951785746
-674.8433605638279
-672.972929252049
-772.405031556351
-763.286152968058
-728.2209749610124
-663.9331947933224
-737.377357036562
-710.9553096420863
-700.5932703495998
-630.9721844923415
-703.4084425174017
-631.3612203929722
-654.5731598657004
-716.8528367989152
-710.9209951284449
-712.919537885874
-684.5515828413888
-747.6154466069712
-698.4455542041418
-706.7681332498508
-706.9223911574992
-691.2286937248314
-704.2099571799919
-746.6263842201516
-677.8870185313842
-637.2029218594419
-704.1071621040378
-653.4565700569726
-719.6865152985997
-633.7566102682396
-711.2942884039818
-698.636570755468
-775.708354801192
-607.1011200841969
-723.9904028084063
-674.4670144331789
-702.5078858637626
-672.9463533869784
-731.9901938652279
-637.3009291995392
-730.9013469734682
-615.1825232940944
-699.0990892984598
-646.80983334922
-638.3421658427656
-706.1249218324598
-654.5716884717433
-680.4243330056296
-715.0494565950326
-729.2910171649605
-690.0296266200794
-661.1551004704182
-684.5218207841413
-672.2399574325774
-642.8408244093476
-627.1315909969912
-678.6974148627874
-728.8502577451463
-651.2493005408287
-672.7037810361968
-681.2124293715057
-685.2059870008569
-686.1529021531762
-713.4528425448798
-673.2202846684866
-683.2525421552742
-675.1463588326801
-634.1054377252744
-748.8669562460359
-771.646806089674
-612.2000606946995
-719.6548498049164
-684.4636132129529
-718.912962703444
-639.6055715842897
-622.7449330395989
-630.7488529669567
-716.7819547785175
-729.6665927308195
-694.4948876093599
-732.5255783761464
-672.4652000516718
-756.3936356111799
-618.8108728097868
-698.3381462558351
-685.7726090304666
-640.0314748395818
-603.6087301058712
-697.5548175170384
-649.6317392414485
-673.980116518449
-706.1808976933822
-741.0998480647927
-780.1767712016657
-702.3022878860405
-735.1491639820065
-725.4966594435733
-611.5058468670753
-682.6761036001642
-721.8047516581066
-707.0643248538067
-649.0683552469382
-671.0191501729497
-630.0876135702939
-713.6071995081929
-722.5289223731669
-688.8400251905531
-749.8229659293293
-649.3707680881666
-611.2830013293955
-685.4509780986923
-685.8812122461092
-635.7941855470284
-718.733370600592
-649.9416160744258
-702.478773373241
-696.6881997316901
-697.0669663968607
-678.9197059078778
-735.9825088078646
-660.1519069337251
-758.7089346673835
-682.9356365878753
-664.8364223033598
-694.1227433616389
-685.6075915144309
-656.336388922458
-701.2574896694614
-682.0983491922545
-716.4796265902436
-696.1645454141141
-714.6780712741784
-713.4164009698493
-726.5043498218811
-736.9986789354513
-689.6997200540179
-722.5404817747831
-691.7416058902481
-681.0885576632005
-655.5392229666419
-714.0167451317565
-742.6897431950698
-613.3381208432633
-699.5868008239786
-661.9929359877409
-744.4125154974581
-720.8683580881793
-675.9056400271206
-621.8569991671366
-784.8141742409491
-745.955415640289
-731.5157649887292
-707.8361954123134
-663.8690669845155
-706.4114655075227
-723.3971522953343
-752.1084942082139
-708.3886279512411
-722.073401013243
-664.6380084687229
-685.3092744825542
-753.0242292870917
-690.2119840719057
-650.106387267644
-640.1282076209309
-719.8416751363209
-700.5281162021547
-713.2521377012285
-732.3915323238251
-637.7408117359198
-754.9763077798694
-620.1490414169606
-664.9338164123697
-696.6805677041875
-727.6252865887454
-715.4277916999243
-775.7726420156952
-676.6451754312557
-780.9653263499911
-712.9537632648448
-786.6755745303432
-775.4237676093672
-588.5329196561031
-690.0291814329236
-795.6209671706656
-752.413408212358
-726.7863287417049
-692.880609170776
-670.7309142978993
-724.4443039493381
-724.5669221110729
-632.2474769336977
-726.523318220397
-741.8332587233111
-590.7345798481365
-686.0149629758926
-665.0825693674211
-690.7801793059131
-769.7263683383657
-725.8303163157547
-761.6512292980401
-718.6494798920257
-727.2648627011645
-803.4912101633864
-639.2677333586598
-727.1362705054868
-679.6426347946807
-719.2807955828288
-660.78680729023
-725.2244758895789
-704.8638608059794
-680.1464810486746
-742.6801730774083
-672.0416088839452
-669.4396461125071
-618.9248842056904
-747.8885736204965
-663.8421499955739
-740.9459516305776
-646.0348268372185
-663.227059372201
-640.473480807093
-728.1545119918907
-752.8681902762974
-739.0719210003008
-682.6824998303209
-692.8900431469494
-635.6989906972736
-639.2008579702647
-659.30949017726
-718.6180592520149
-688.947306022013
-638.9925820602493
-669.5704135137171
-695.3752135564902
-720.3261129157942
-717.6711141517981
-698.724355801965
-687.2939661830978
-774.4423932577834
-715.4149900553485
-765.8556592294867
-631.3382173500818
-743.7191935368695
-662.7026190888895
-670.9527901668995
-792.5053340569106
-698.2198375765214
-662.153152499975
-715.5040500816763
-709.9375392086299
-669.3319929423643
-652.1194844792799
-685.3712528533196
-627.8130173310044
-676.0442907761794
-780.1301738910033
-723.5902090773375
-717.3314167938307
-692.0711533371145
-682.7744242944514
-665.7410607743576
-627.9706258058601
-677.8838066995736
-759.7302394795674
-667.3890962473297
-650.1795936153908
-688.7497167054389
-668.4377052875657
-665.5816518814163
-668.863896023689
-658.5883936861864
-693.9263255221709
-731.1887201856149
-730.3745426039918
-645.9055107501079
-758.9120959887972
-748.7796896410928
-695.6283661904184
-653.7194897476041
-668.6355673066795
-692.0786862330489
-773.0460410980902
-662.5245504061692
-728.1440007445773
-702.0581154940143
-705.4615311960456
-730.5081582108943
-728.8436492367541
-649.9295093555361
-632.8403213609577
-727.7233019604073
-677.023614815255
-752.3071612076156
-674.0711840960778
-597.7262813748877
-716.2293200747517
-625.8709187019022
-626.245090587878
-692.3105692108409
-692.4467983192549
-653.6864055671616
-783.2597093495314
-707.5392239108726
-665.5113115352525
-665.1812397709589
-752.3383375685698
-611.7035423688847
-686.4676856049704
-680.5859105714844
-596.3037115590915
-706.9863108125686
-742.3419422879841
-751.5273658993374
-773.651413182686
-716.7263572822075
-656.5875165853267
-829.713994522906
-666.564909639123
-655.6722825948295
-649.6077014524741
-717.0208454837539
-629.7169980273476
-731.6216796738875
-684.3122087362304
-691.1056735143745
-618.8026065645963
-723.1884492342356
-722.8008679582732
-600.9904450931531
-746.255484697534
-684.6960473968311
-637.2276365942345
-636.013273600978
-617.3764836872174
-701.5952245158662
-667.1575449957678
-617.3917861923173
-728.0511525555218
-736.685850907142
-790.7018325237832
-779.4111492588186
-647.4809156588044
-649.2343192398233
-641.8949284802487
-707.7846213338512
-675.0488355836933
-691.1565501098024
-707.7923896184695
-720.1729607534576
-692.6644171330834
-685.653911941564
-642.7172644938225
-627.6282170905871
-742.6415539563204
-669.9702829494531
-637.9036976370098
-607.5289593529969
-777.3541937832663
-680.7829942990605
-730.9243094571356
-629.8685806485175
-671.8007422972973
-695.6709358934069
-681.462679046693
-727.7339971598163
-713.6927743245323
-752.5699119675629

