-1546.0055510768734
-1228.8794328532033
-1287.7786771621581
-1628.3062419981777
-1646.5329480655957
-2144.8852308069145
-2271.2748549710423
-1024.8612396009573
-1317.710665418384
-1945.490934669596
-1743.494436897172
-1060.022918208052
-1338.6588592148755
-1223.604164854158
-996.4810076779243
-1080.9233172765396
-1074.5797814541345
-969.8496517776543
-1078.4780661036848
-1050.2073784762229
-1176.0074793035903
-911.3279093302829
-851.6061311511047
-928.2333672517734
-950.8547254460047
-931.6192499455701
-897.0386358353373
-863.8509587705105
-845.9186612839638
-817.8029755619663
-897.2099496703033
-961.383357196807
-813.2428778101373
-867.4004965001768
-782.01045179729
-956.1909322686097
-796.9049105169515
-854.4289731821693
-844.8846663956282
-834.1980468180062
-837.133483877146
-885.0489920323566
-781.370500617159
-849.2801601728463
-878.0016935044738
-1065.0219008169558
-721.3020614781608
-704.2845961318712
-864.3576719410539
-873.1456518905721
-856.4085986303877
-719.6138752164343
-854.4329346303152
-737.2131639676645
-753.3462788108719
-819.6288785433157
-781.780869720925
-766.4430490370173
-846.8783994522136
-797.0464539617599
-814.4118691835811
-766.165679216102
-719.4060416631144
-836.0494694121239
-771.9738650633421
-817.2206121802379
-783.3678970329247
-742.696422666039
-702.1373688540945
-854.3455941013435
-825.6986595405399
-771.9651100777588
-871.4130351497872
-760.7431238825957
-801.8863624017042
-684.6598838931741
-780.3057456666926
-731.6777837777113
-912.97516416925
-738.6517602844625
-705.8126703831421
-839.3489827426789
-783.4400132496767
-721.0096828219403
-716.6095478107776
-710.6787820753834
-775.1546256966853
-783.1259544739615
-862.9286051954849
-790.1904529645362
-863.5836845547352
-721.5406865385853
-800.9008075453105
-762.1079402077827
-914.670949241787
-765.4100670804875
-767.1176942913097
-779.6747019303248
-912.4907930337142
-771.6204909954469
-880.112895453242
-691.9959147252657
-721.6452814444223
-709.5514426374089
-736.4988957347819
-788.7913910872587
-751.5252410389767
-710.7011847051639
-736.8263695018022
-881.150391427126
-759.8867737557755
-730.6937106366561
-743.794588330934
-632.1505652014735
-783.9452324287945
-753.6033440110301
-793.9099246098789
-796.2534773595775
-755.9020275335525
-772.0681598324088
-885.9201735101984
-925.2485252586065
-688.8851192525806
-708.7254982904451
-873.8441957134494
-754.5417659711696
-756.0836788192605
-852.280098291486
-780.3577590141454
-871.4736317178877
-895.8445532123968
-648.849429136543
-969.0389353742678
-892.1970432439383
-720.1620473445836
-871.173943609363
-739.0355259971435
-792.7753380879766
-694.033402514313
-721.953080291577
-718.1911528995252
-719.4606216252956
-753.0389197295353
-726.4640493976214
-746.3500548560767
-953.85503166241
-719.4244870908649
-786.1216015207639
-767.07637009563
-661.3263644611502
-676.4518129060633
-755.9090917282148
-725.6820323970849
-731.8429112800281
-720.964545525184
-725.3493581129552
-712.4787298935173
-802.8469461910847
-958.2253627906483
-801.3819527119699
-682.7867275103686
-709.5215735529175
-755.5536523783854
-717.607366445841
-702.8098471459272
-748.8799878025093
-804.092358522475
-898.1233584809183
-826.1260572678165
-838.7634629569507
-781.7273238583434
-719.5881805116646
-712.879059948682
-810.1379399208367
-710.3484418188332
-774.0643454247661
-753.5136896760695
-784.3994215347824
-824.832797266317
-690.4613367457325
-683.5545910901205
-794.6334405287141
-811.4964940782993
-795.6668397653442
-766.492479237951
-755.5953037709687
-717.0161336574166
-835.319201279423
-739.0845278548031
-838.7219967574297
-753.4450401338956
-701.8708153966431
-681.9221638373278
-866.3017142077224
-799.4514856594934
-679.6299164634519
-686.1061749488449
-795.5440261765148
-657.7531931918843
-788.4216093384172
-696.1781425511834
-816.7433916101177
-835.6172069504788
-702.1694678277208
-690.7775277437582
-829.814842460667
-809.1008885127507
-692.196659526259
-710.4338741021274
-707.3975222433467
-708.8074295990644
-853.0895618259943
-704.8797935497087
-774.2976936386594
-730.6450803418281
-814.7102194440548
-758.6734821660631
-742.4526740028632
-709.7053589529013
-754.4806961123928
-858.1231473064623
-782.8400452476585
-812.747410227116
-712.6722655984577
-740.6017895051932
-764.1928258827688
-701.9424296714252
-730.7615740330136
-684.3682015440945
-758.1179653999595
-791.5199223948962
-654.2710341991827
-739.3431340445376
-857.6869244999506
-677.7675466764713
-707.1042847755513
-696.6302366490181
-802.2783751744108
-755.2825033988071
-842.9823282740986
-786.7832958008139
-721.4750790496231
-722.3566932346403
-751.7584322123749
-728.0377005557402
-786.4869110032041
-670.6929135631068
-738.4884147623612
-858.0884983788345
-738.0644546046734
-690.0267854823034
-652.4853802325142
-709.6720889228083
-729.339648115624
-799.6096082262096
-733.8336928739975
-771.6456398705495
-749.4888656672038
-927.0044905501381
-776.0302801701728
-654.7397692903422
-723.5740251103798
-698.2356415114077
-776.8820694676815
-756.1937666905937
-789.1140242721222
-755.78264913309
-811.2549847707716
-671.4159847777076
-763.5485779695364
-750.6663526768543
-917.7281101109553
-729.8029373582813
-802.2734307605992
-733.2798438445384
-717.4812894654846
-693.5170587549692
-695.278921624544
-751.8825237868414
-749.098281969745
-685.289689009285
-738.5985728053914
-704.7119524627782
-693.6102685932835
-708.7548767520991
-711.9114600182664
-779.2419857654393
-820.6672399227477
-773.9779512044123
-804.3463465608215
-728.5425552760485
-713.7598542688556
-676.8901083697901
-710.4525606424027
-740.5938302311655
-758.4626556807352
-721.3072737258517
-730.6436967292814
-692.8265065249495
-789.8403534485593
-727.5022734040521
-711.5496997344626
-784.8012281707546
-757.1484829800361
-691.9661081546255
-723.3471762303111
-723.345035337155
-807.2561007334722
-689.2442641224079
-869.5660869465503
-703.7224941183345
-709.7041178752705
-718.8385588337316
-830.039298469465
-698.597583969597
-719.387758526565
-721.8094697247761
-766.3439438137151
-747.2487444815592
-675.6414972555743
-661.060311539855
-785.9721828287907
-695.9694586241048
-730.1986408174747
-766.8536161093493
-713.2748138216866
-765.569389837985
-785.0628547631541
-695.4434585022001
-655.9613531381548
-764.4097175823151
-613.0650447085272
-786.8266878472764
-722.2976672065887
-677.5042717357178
-705.4859941544579
-737.0299444417974
-738.9058631376752
-791.1231862421732
-719.7899287981072
-720.458918053736
-721.0882508051061
-765.7696619827245
-748.2425392301858
-661.5816524923191
-736.363650560445
-692.849992486753
-749.654447101716
-847.2279938645494
-696.4593897182681
-674.276496958415
-685.1268981541564
-902.7769165886219
-715.3728303954522
-748.1681044068932
-739.7875423653278
-764.4928355689182
-703.0266581802707
-735.5687939135237
-741.7403310745076
-758.1481699211604
-834.9470086629483
-818.7072042540512
-777.9439008765994
-678.1721720343451
-785.4528360600731
-754.5447240157378
-689.8046128023294
-712.2649246401311
-686.3127722086078
-654.1771755150525
-730.4314962356877
-795.9116852509978
-768.0141164384695
-738.768064239754
-722.9590338586361
-737.325111394917
-687.5449966922284
-707.5869214860779
-716.0046240607014
-751.8693388025565
-705.9378704764212
-686.0200592021824
-676.1766265266277
-745.0610351317683
-717.6206184017267
-686.9602040011164
-686.1828381773674
-752.4496809702886
-622.6845634211315
-797.3091136082368
-740.5253033921845
-701.16040989515
-675.2353146872615
-786.5425193983044
-714.2012500567697
-742.0956895344091
-669.8795784589138
-686.8145462124148
-664.8180458828938
-759.8758788623614
-781.7624549897237
-847.3896101807348
-675.1419533416514
-660.6384237125376
-664.7766937533898
-857.3968835952121
-715.1842653329365
-722.2540178143489
-675.88233517186
-733.5165108988456
-661.1084936105149
-781.5404361069473
-749.744112655413
-723.4084084725919
-757.3173051830636
-704.47602130893
-642.598325501422
-760.9328423216506
-838.0491556819511
-733.4281809849354
-652.6667435090151
-735.041415605264
-724.0017684177528
-757.6205629994735
-719.1266270278757
-703.545180294162
-687.9714811225358
-626.4889370378097
-681.3226941786298
-691.2718048670766
-696.0592051935123
-631.4013036681995
-747.9098383404071
-750.5642479492958
-729.1381149571923
-649.9703375916212
-668.5567748949679
-692.7846352653767
-701.0749044009931
-715.7112568469078
-744.1010833939939
-707.5841934645794
-725.1932254909377
-721.3670109850135
-722.6360487937542
-709.4737264723883
-755.2130613751591
-779.6959062430639
-726.0993279949258
-695.0648308280415
-861.5470519407871
-608.4756885947135
-671.5023406709233
-647.8303431540812
-789.8302897378603
-729.6989536114015
-648.0155329180179
-760.0339801159802
-775.0300616536427
-707.710571763715
-735.6414107451201
-631.9537311073316
-918.2114878817388
-612.7939875430751
-663.1622689770836
-694.0182329039258
-642.0980521945893
-761.0361405621337
-707.9734741648335
-663.9561979294634
-705.9022154637426
-659.1655378090572
-760.8022447888883
-666.7017428918858
-648.5373357554555
-772.2530609096975
-881.4608944429497
-677.6488808141697
-777.2031537701382
-704.9953057243358
-687.555280083207
-705.6811622888563
-754.4186756446837
-780.9523689649387
-738.1824011123059
-680.5454721480658
-701.9458611603054
-770.2834698885628
-810.3307466198648
-753.2392797368317
-772.9258072056039
-703.6262805220239
-642.8733720382525
-735.2040236653114
-726.982963174356
-677.9750868243273
-696.6718528838171
-684.9559531999624
-692.8012157764998
-657.1635143203514
-692.2429112080936
-758.4007661153539
-695.9620032041371
-611.3504648380093
-683.7563036628263
-683.7248572524882
-599.2888816068163
-704.8314277936621
-689.80272741974
-817.5264123974192
-698.9434040448933
-754.5697570089442
-702.629676752555
-653.7635859134626
-623.5727378543015
-644.6971616633822
-872.1088384325094
-766.6476922646036
-688.6601227218318
-692.4938574272109
-729.8072838394132
-758.6996325734675
-764.2581543515049
-793.980296168182
-747.1625410360862
-723.2670430206113
-763.4281460061093
-696.9080106203004
-731.322117799469
-740.9255180075056
-828.1561515442598
-672.5741350589094
-724.8932033808295
-725.3437341442313
-660.5565848764608
-770.4202796091784
-910.0269461319918
-872.2668265500238
-782.1314274253197
-636.5703938829602
-732.4170681092032
-759.7491232801158
-773.9034267045051
-749.0020929709707
-838.8583257259114
-675.1495890070784
-733.3287284123179
-755.8473174926111
-700.3833036581273
-725.6925929832582
-706.1093125748995
-692.9344514807071
-676.2865386606437
-722.9001190475499
-655.8823478076661
-661.1752683707797
-730.2140181731514
-741.6092555864846
-695.521367390901
-814.8655077213374
-710.2115412986409
-770.9954961614521
-731.8752709368072
-672.9034029954113
-746.3176321048005
-716.6135936931514
-691.2665751742303
-702.2877374612876
-693.5668871488901
-639.8943963347722
-715.503406566894
-650.9106856195581
-679.5170349268845
-776.4778081226218
-714.8432125350212
-624.9855020359068
-646.8217759161289
-644.3095387143878
-746.7083397203361
-728.1415082926133
-772.5851225343608
-735.5181371517996
-666.852770189138
-715.6278741823994
-669.1082549445831
-684.6265713357025
-646.7017783055611
-801.700941765991
-792.9236316310222
-668.717705521366
-733.6602134419539
-801.9203096221174
-702.8477391769135
-709.7467823282674
-634.2447021499564
-739.2320273557009
-650.5937030764073
-695.2498686162825
-690.2187770345295
-663.7769185096049
-768.5360887086991
-704.6785558210523
-654.9094622971506
-798.2247847557976
-735.5287978015531
-675.2427889294318
-760.3223675885476
-667.4315916879461
-750.8285409016266
-712.1099018751634
-677.0005756337015
-776.094866133069
-709.9386284406246
-774.727196175976
-669.7859314409739
-672.8961394764425
-625.8998055857883
-734.981722501831
-786.9008097218489
-777.4510754684359
-704.8401821095507
-740.0588117470312
-624.0743474648572
-714.8574077422654
-664.0751273805596
-739.0507449824423
-678.1756958311317
-672.8646146707965
-689.6211449948676
-801.5769506959338
-772.1101854173506
-734.4707444315416
-713.6947648507906
-651.831564131175
-656.2391991743953
-669.8825070942759
-698.3153907426424
-602.8933142220752
-620.8005256463842
-806.7959407195565
-630.3824937090299
-711.6305515168465
-669.1178295514843
-739.117935046007
-773.3007582258064
-679.1739555678117
-701.3374944669164
-656.8036767643559
-761.3626736143233
-671.4855753756506
-730.5848252813738
-653.7351248554651
-726.2625121169544
-717.2388835556366
-715.7263709817859
-709.8300083126929
-769.5135851260493
-690.1963871578188
-669.4752677341412
-682.1204750274608
-700.0252251370171
-682.9059425553852
-757.560369402214
-733.874818900593
-775.7322524586345
-695.3192176565028
-694.5753835138038
-723.3792962944002
-717.2478674411894
-654.8241178384003
-688.5718251031241
-788.8385639125997
-728.8290020821242
-690.5204822377499
-715.43599346981
-720.7124562569543
-637.8088148477323
-750.3406938003909
-732.7393158682676
-673.2227229576259
-662.9260930296815
-709.5373230819494
-724.9389522611161
-649.010685889891
-692.6350898738474
-746.6896916495222
-737.9501876102227
-708.6341353758935
-729.6189339051557
-628.0877188715422
-732.1960953131928
-772.3318075908801
-741.9582911771963
-679.9015644442206
-808.9648778114929
-709.8929571580687
-708.6247243943008
-724.6825947965044
-684.8344995863109
-719.7629651484614
-597.9386832612886
-608.094609380422
-694.7976095804324
-818.6127538320814
-598.9697866529903
-733.6728073766644
-729.2572414212386
-749.6814356051302
-718.9169247292947
-659.9107854639401
-753.3846246499988
-720.5836243756439
-735.7168398494199
-659.4065018805826
-692.770232330141
-702.256628473115
-708.5409618055071
-622.615503469846
-682.7622655363211
-708.331856143605
-755.8196724066111
-570.6498317303565
-699.2268756930093
-688.4871432659311
-733.3374322462442
-689.2119309346641
-765.3835803645703
-708.6034363185204
-683.4941704600033
-694.9674738784047
-672.0968361038734
-727.145520677926
-737.6318264789388
-743.2460750118232
-570.3149179016099
-737.3979190295561
-768.2936623836667
-703.048026695393
-696.3043632950657
-673.1246267191887
-680.4453174744732
-721.9307391169712
-710.3179532291007
-701.7114513682436
-713.9242483116846
-668.6068127471553
-659.2244381235394
-766.8727297243985
-601.5857714423903
-658.1009886018137
-668.8487207106346
-735.9680630420359
-646.1248897371507
-687.3094154567748
-782.8334956730696
-693.270115796885
-677.0895637077103
-736.1037488934406
-631.9074435247529
-730.0629741415773
-676.0236538680051
-696.0863517751473
-686.2510178596171
-733.9145023036001
-742.5273479521711
-659.6693033922228
-703.6232981601036
-699.3570152731786
-672.2704633687385
-712.5363264591879
-657.0760153805687
-778.4567037275866
-755.0384810818786
-706.2276693818586
-698.1956530767596
-839.7793922655064
-698.0430300265483
-743.4200250387444
-652.5000965305526
-716.1100652040627
-692.0743383575837
-668.5629609560988
-685.996809691838
-638.2554943326832
-671.2927176429253
-656.8941827514836
-679.7942457454367
-657.6771533155179
-723.1845710614953
-695.6929246343984
-732.7675592785992
-684.4935631335075
-643.4203502621039
-652.5802566639409
-792.6987875186394
-648.2869773086468
-681.9082010290504
-857.4255676810626
-624.7144365069634
-778.277017922764
-719.3005383173872
-679.6757858997682
-717.0359407292583
-634.3696543721106
-738.0793623608273
-684.8122888704648
-693.63817285295
-765.5496823315925
-657.1750128830331
-715.0680405434
-686.0121540516989
-713.6388828819366
-694.4665131546053
-724.7207582368264
-626.3339263856028
-680.1959532301373
-634.2776326169294
-679.2914134488901
-599.666779094044
-636.5421591429384
-655.6942199040029
-667.8235885008081
-647.1643680416119
-716.8094453312659
-699.894210135556
-660.7128712926183
-687.1668806092109
-772.5260630579445
-695.8265300118544
-697.6159680913136
-693.2388115274271
-703.8230625690918
-595.6437665208736
-672.3420075230242
-764.7701065796501
-738.9760204913086
-616.5484937855146
-810.9945546847623
-705.9052395775279
-669.6372462961995
-741.4718603042287
-725.6592426504722
-818.6202497613028
-736.133901488256
-665.769805551714
-751.4281889718327
-679.8053467663202
-692.6070299600153
-720.4561597974582
-757.9405222950135
-766.2269510749228
-698.8794584118442
-694.728582183344
-745.0031773834212
-703.8344640155213
-766.5069978452696
-685.7984511514079
-660.7684314677235
-642.8809510105034
-760.6721239432871
-730.770876447883
-709.6474297726377
-694.5876379496649
-728.8705834083032
-741.7995957091945
-767.5526894441565
-612.9905644383413
-613.837574189531
-711.4435643534725
-745.7448090763296
-697.8751553028183
-696.6889658951683
-693.1766565421358
-638.5944125768484
-697.6877617189416
-652.1313822973528
-597.7288751965401
-690.1194986635132
-776.1846561457992
-682.0433524945392
-774.3139461927798
-708.6160886716261
-700.3720716680637
-671.6543302562472
-687.9494717144254
-738.1296558688167
-737.7542971414828
-699.7700028703753
-682.978136817453
-692.7112027995065
-718.1265326363468
-677.1259352851334
-724.1896692731779
-676.3872283535356
-686.1608544122141
-723.8489266961087
-725.3504596282409
-808.6070520046092
-737.9452122287271
-701.7493035259107
-648.6295014706591
-701.0898289364054
-651.5038579244117
-674.9628881914541
-719.3275709203059
-702.8688499908161
-682.7147679099259
-716.6783925820426
-770.5250644364628
-678.5657575667867
-667.7839737337113
-713.774158129296
-653.4595920969678
-726.985593331621
-663.2051041660743
-652.4798277339629
-748.5711098688039
-817.0025356223472
-633.9481519288919
-671.0815262171454
-652.6919380632316
-716.2127635154995
-693.2031906483458
-702.6289799841454
-763.7066121812397
-646.6598274325311
-772.1396298089103
-862.4560954066801
-709.5470978819988
-692.2131765862108
-718.5672514945809
-727.3683972102219
-766.0657602777878
-730.490818839743
-675.5560873032059
-773.8714399171442
-684.8056557346497
-721.7055602660612
-750.6519888973198
-658.2952656760467
-670.1827433924514
-727.8352512392445
-647.2731850856032
-660.5087656307702
-639.324375400763
-739.729520052196
-692.6951865711183
-707.5922721900604
-675.6484911958748
-686.9070482008686
-696.2284611877839
-659.5879941858125
-637.7929755706855
-680.9311680243809
-745.8268652030106
-760.1996138917258
-661.3840440005613
-711.6403913539341
-769.685506124343
-729.36288346518
-632.9625886853996
-716.5023951234007
-703.8146217332087
-632.2455766109233
-682.2871386191014
-708.8944725591847
-639.6666336349559
-726.610389115403
-739.8807397929982
-749.7775145522103
-660.1495416346485
-724.1819510594049
-660.9187721822364
-769.2431126390192
-729.4510083863765
-672.6937654979711
-701.9697690885291
-688.4879413428711
-688.0581779505129
-717.7042789917755
-658.2262965565487
-675.4437626795708
-716.7344126405649
-673.8677018866991
-612.8169066119788
-718.4994592115094
-687.7592557576454
-728.0740064218194
-686.3909707521861
-670.9206246239111
-684.5099053933618
-677.2703676647416
-721.1442984518166
-637.1667612938036
-657.1833815078869
-730.0062507233154
-658.2153230314444
-636.5342607254307
-696.6344246286721
-672.2499309044812
-674.0644617856406
-659.7154013710293
-678.5784713588764
-689.4607847065945
-698.4402168100569
-711.078936336163
-735.839443680678
-690.3252175468056
-710.2655867059798
-672.099116781087
-838.7830186185183
-780.3483975332899
-714.5420394404082
-697.0746533665795
-653.119687679401
-747.3383257315209
-735.1976992467798
-712.9692325949395
-696.6867644277507
-730.0249863359102
-708.2461596457504
-678.2261751051294
-762.9123110591123
-739.2407191285972
-701.6748244731633
-700.7941140417652
-682.6475233910028
-790.0711777356923
-688.9353176637791
-723.1125562777852
-687.8337348472697
-774.6260444456788
-707.3517281810987
-692.0667541320722
-731.208117594055
-665.7090639953473
-732.708597567254
-760.9843906441473
-732.4149148280019
-717.9441492201604
-725.9093261529811
-734.5320553707434
-656.0938941392842
-711.4185776681744
-673.7270326845853
-610.4064776796314
-762.4920812615503
-752.4363224982994
-707.6336237706696
-681.2184530607478
-713.8130697794513
-728.5421306126616
-686.8275806341458
-679.9835456233103
-767.7649057017779
-648.9068772570685
-676.586833964815
-697.682147066322
-700.941335709704
-794.071480573692
-710.1543684845383
-728.0245476704146
-681.5341009724777
-747.1022942217445
-701.451761454121
-731.2041529544174
-652.3566355326487
-659.0520670265996
-681.7814052861125
-654.521097675367
-666.7513227814355
-665.4728116530317
-685.9762789475546
-662.1713291422511
-710.5195586278006
-663.359260931175
-734.0202390511114
-702.0386941499528
-655.50098368403
-638.1488841744133
-842.0356634387708
-731.1454865268112
-758.5202734795541
-726.0235927255435
-744.7031517679111
-714.7267258977578
-728.8391353436542
-751.5499712911435
-669.0432911932445
-761.4850598322294
-647.1948643668518
-665.3949642527605
-643.4134156899805
-707.7778695004163
-635.0531271666432
-701.2645993649085
-640.12987061217
-654.5554517238012
-673.2079117784533
-660.5854798471887
-685.187187785011
-705.3552239282319
-711.913973625037
-697.56155134768
-727.9268636180959
-726.2352557345309
-703.3543417325792
-661.2627802499155
-669.2946937684135
-736.3326970428951
-719.4257586252759
-739.512634903351
-681.645538839041
-716.7922608779654
-653.2303314925447
-723.0720105777468
-618.7647387890405
-666.8440743331753
-753.6915896992505
-621.4908234341489
-666.841616410885
-652.6598394193145
-729.6201945621705
-747.8765793432275
-806.0876260562532
-742.156405782124
-680.135642399375
-626.9587908635675
-652.0543562613346
-755.9007845882487
-738.1675200175762
-648.027079536541
-612.2166378096844
-679.1513330981292
-647.4503452202715
-691.3241591133701
-708.5196087766564
-738.6187614256926
-753.4252299077334
-640.0948702570633
-681.7064128583861
-652.808541180953
-696.3425954256213
-736.524599705777
-712.0994381230795
-722.3554352193011
-676.6176729300478
-677.7388665002709
-696.6395285248527
-655.5216444592971
-669.120550276948
-712.2177851434902
-710.2728534927086
-696.4675525822364
-666.786827519719
-709.3551311292089
-671.3314058832217
-700.3456877053991
-663.3691596377508
-655.0925322996692
-732.7491199759457
-696.73087271544
-630.294006490628
-686.6230158438552
-620.4690881722904
-679.7722037081862
-665.937822467527
-753.5085370003186
-669.2861746960857
-722.7185232595662
-684.1067969767806
-662.7339470125249
-613.3366862368272
-743.0750796691647
-712.621969031648
-685.2158097028655
-738.7909912570503
-693.2845603654094
-742.0045319109255
-631.7390035918343
-622.5587509374367
-732.3625970964081
-651.8862779263472
-711.3262168710635
-656.2379796485868
-685.3920920752911
-639.4326052127411
-601.0671166501893
-655.9167117780524
-755.6394406143023
-724.9389232994707
-694.1747606788741
-664.5548920285019
-610.257531712617
-732.0023447920453
-681.8102211011195
-698.633705589146
-630.5174024291696
-660.3931517881779
-730.3004498608448
-685.981178886461
-685.6949864141687
-716.8494557603194
-655.4710954927285
-764.9668896691599
-627.0364200324839
-696.4722279719017
-712.4951705195197
-689.456963469235
-640.8633733428073
-736.8615668411805
-687.3124181710405
-666.7720944434759
-675.6625340118487
-702.5355641034264
-630.9353309540619
-740.115068881986
-654.2255383854342
-646.8087385969385
-713.619461828865
-684.51847710828
-712.3762017512819
-591.4599745168346
-751.8417881396857
-636.1390432182718
-681.8102117983809
-654.7237706649628
-675.0303873264212
-677.8031924030033
-668.2379724946633
-728.6913874649324
-786.7655250792877
-679.2954370572464
-675.5291936792813
-692.269623708364
-686.7322653975126
-640.5685214710429
-706.7539552073329
-706.3571599195425
-727.9450206836734
-671.2613901348303
-671.5612266628791
-673.3536649119751
-666.2829824664283
-641.2105463978389
-681.4368147819146
-644.3309351915735
-752.9606273136213
-703.7401028280019
-677.8459114767792
-792.5982836913508
-688.6637065708767
-702.3677913346273
-699.3077006173471
-673.2588915252235
-690.7464583871226
-699.2476133085984
-633.5239054807998
-685.3686582362749
-636.5205343782086
-648.8430256032433
-720.4054559762726
-677.5783367568307
-696.6105084128851
-782.8084577779805
-623.6138706159583
-743.1745700644143
-681.450913561408
-678.8610552082796
-754.4064784877062
-660.1186817942498
-630.1777084524873
-747.3675941451752
-686.4751045114103
-682.9550989434869
-767.2109930622554
-771.7268481355655
-753.869753567765
-676.3770380975138
-641.1284289451764
-778.2200028364518
-752.522871883159
-602.4227803711896
-677.0529592456152
-682.1055465413906
-654.3494103918672
-723.1260137145917
-682.7439700751487
-694.8714213628768
-665.7744194817493
-675.9764015521363
-616.4937505039454
-694.5726521003779
-711.5024658137258
-626.9740539774833
-742.5761692205717
-721.2589325800081
-747.8329832553013
-713.296071920573
-696.140170377504
-622.7539616748041
-659.2133514400336
-668.7453864908556
-671.3202726557763
-637.0654406932548
-774.7291102148306
-665.3382869688344
-686.8968171255943
-587.4051175774193
-642.1738019836098
-648.8885424478822
-631.0328967059386
-684.778635137128
-726.6166660968873
-698.3427716116239
-701.5127434868148
-654.5247358509702
-647.6202868735686
-693.4113817777868
-668.02791249844
-781.4673662657867
-595.6374314756628
-696.1059338433136
-656.362548081816
-592.5616912036329
-612.1220074684019
-770.4313356067664
-646.3392065376806
-698.7280622096623
-776.5558010464387
-750.4858181318675
-755.042930526065
-668.595428182817
-773.6575449852426
-669.2323076592438
-735.8889982929919
-651.2818146145231
-660.9246932479099
-764.1083975261889
-636.0788529570102
-650.1142142898115
-763.4820264372429
-771.7729943096824
-704.3116208634992
-607.5014290930552
-730.1247517751808
-707.4712364607949
-704.9639025714584
-663.190815839248
-776.8505646277094
-710.5068011683298
-682.0749666160393
-668.489635602416
-662.6315154405443
-591.0203444898815
-751.9122635205779
-683.1646054750832
-642.2305749322448
-724.451893419227
-687.164062480094
-589.5041965403927
-703.0461701130648
-693.3671086130253
-729.9374390536283
-684.4830407402276
-699.9064136509733
-698.7670058057935
-719.7196615815703
-688.775176177666
-681.0033832066119
-647.291182059653
-629.0275818451714
-629.493186709185
-675.4506450115032
-633.8528637150621
-674.0257120766887
-725.823817340477
-743.2361241773078
-701.4087699968441
-660.5876966140901
-628.8540813032871
-627.8833332145139
-765.1840282708497
-660.1163374392083
-649.5683413277662
-678.8422346006079
-752.8224354296499
-751.7513352742725
-663.2845038412574
-623.7940989827838
-688.9359199749792
-658.1187739079433
-686.6943489568297
-732.9460942823098
-703.400902449208
-714.142072985784
-654.2191543852084
-713.1825660916369
-657.5657901724916
-731.1720014585321
-651.8226352088432
-635.4062872630307
-726.0020431168314
-687.4634814955808
-651.6411994406794
-619.9763804875934
-647.2386284466988
-760.08656516108
-716.1067452127331
-648.7161636929168
-697.8182604922301
-764.1270200703548
-669.9154102326568
-705.2625196582353
-703.0857008698899
-659.8003427031913
-643.2068503635111
-647.7920692943239
-706.789564000093
-749.6620326391208
-668.580076152411
-668.0317341802702
-721.2774270900176
-689.7632823224069
-586.9260630530581
-696.8082902987104
-670.7878639578208
-687.1521691041836
-651.9208509933569
-662.4877083614845
-761.4934494879885
-651.1684864875106
-659.9787418118988
-635.1073839189245
-735.6730085181739
-601.548465875313
-738.2763519156307
-715.3907124800708
-751.085671791297
-679.9191721973883
-689.2785913629197
-637.2906446438928
-670.7094767864586
-731.453552860661
-730.040820421234
-746.4444631666961
-666.646260542307
-676.1636729115971
-753.024408478148
-687.3289479978073
-677.6380267788181
-711.5065290147354
-690.2047047596748
-688.1568218104424
-641.2735390434185
-653.4488560074642
-754.8872413071854
-689.5981681728157
-644.467753021659
-715.2498200714413
-677.7274442935627
-693.8418992912618
-668.1486047754929
-607.7705732931751
-677.3793533324701
-677.7887200819879
-701.5056872052822
-784.375301447827
-638.3740358122814
-677.7068270235093
-675.1655288687006
-671.8236831758361
-715.2793029726286
-706.2027541308571
-655.4278561972951
-672.2346575167268
-646.9343618411772
-840.6700717396966
-673.0699673772615
-746.1772797935828
-704.3961086593417
-733.0111077587077
-717.9606916843586
-715.4432799726424
-669.9432922319272
-699.8168749341321
-629.58935292934
-659.2263484637647
-710.8484576276492
-692.0749946919943
-612.628047212477
-640.9311056601463
-626.0674763658676
-684.7449186859448
-725.686871789328
-712.1577295813105
-653.4476749206178
-714.9069463870023
-724.3420154396217
-673.406584495094
-700.0703228915272
-630.6994742339333
-686.1591988540636
-652.9076831137522
-645.9671171439104
-731.8473946180369
-696.4331493797196
-724.3226102424887
-626.055858305982
-694.9023912352527
-630.4977718904885
-698.6675916133644
-710.4133700422908
-665.0428428449028
-701.444200113782
-634.7131151214652
-653.6421355680853
-680.0637604806468
-747.7542042611742
-763.5066913833739
-737.8367781092611
-802.2853376024234
-720.5118768075552
-691.4384333931054
-705.2257163082662
-672.8340535832344
-612.7087196524631
-695.380139236931
-719.5103751294749
-651.5705407105679
-633.0374457044518
-622.5512447840968
-620.7640892778045
-652.699375497681
-632.5101817220856
-692.6045209775446
-756.3261018156445
-614.0926051878682
-716.23979807666
-735.5560297193831
-705.4720535641715
-752.9298489805007
-710.4019042597114
-782.3262000855984
-730.8679669979887
-699.3808206084068
-730.5437094778304
-652.9121976990709
-676.034216601799
-709.0633688973222
-707.9196434279535
-623.8285795003699
-606.5433650257369
-715.7658025988248
-664.2745445385394
-697.3296515091624
-707.6916623428897
-703.58557785146
-692.143385894986
-689.0932808763087
-774.7595702333784
-681.4168600315805
-739.6645816449856
-640.587802269362
-665.6412750920409
-702.718442509673
-719.1287810667311
-650.1255375766116
-621.9755435409427
-652.2782036528441
-686.673581366385
-635.7768658485779
-699.0327068753923
-674.2826590790031
-737.6724893369533
-686.5666604483632
-745.7145801375968
-708.0223202230209
-668.358114051406
-743.9210033010992
-622.7653824907666
-629.4145404842194
-694.8579468859461
-713.423237677319
-730.1833768838005
-674.596040480704
-733.359528544795
-718.6501761651178
-650.9696359453056
-662.4134178923441
-762.6244242858475
-667.7483821659324
-675.0869372507
-773.9561743011697
-702.9536698502105
-621.5023753151368
-680.1788172599198
-644.9122753457119
-639.6453450073491
-692.9908013753973
-765.0812857489743
-667.8681497734439
-664.9737921912316
-730.5193678039875
-612.3033840261447
-585.717330890113
-641.4483073584555
-726.4778098158137
-675.9518512710767
-641.8385843436965
-605.9752552555232
-638.5622324178647
-667.4389097711401
-642.1698130896914
-682.4657660333132
-672.5026433848598
-628.9498181205879
-676.2161081724383
-605.743739358388
-628.6560373130401
-675.6416498241806
-721.1646381326108
-671.1012475313973
-651.5953776727678
-754.0886583539886
-628.5364452823164
-660.483165851268
-648.4818072853695
-685.1518630090673
-662.6422717941829
-623.1839755160079
-636.9156802360726
-695.0489069432557
-720.0613702043491
-680.2623971286785
-635.0621840267445
-611.82291171992
-635.8273839594536
-620.3019932838374
-715.3344009872922
-666.3763332565117
-604.7340843921278
-698.3631299785916
-637.5928595273004
-741.5362894810692
-620.5899207818852
-753.8470680581046
-695.9319612382856
-729.7079885557652
-651.5511595392294
-686.4202214444597
-666.457112589067
-664.6689524470717
-825.0052580846273
-653.0076489468969
-737.5311848834212
-762.5458315496563
-667.20479217614
-689.4205150083158
-707.1403517400963
-661.689879305046
-731.6704389746111
-833.5381045212082
-699.2345315158105
-747.9789780179256
-681.8047192743624
-680.0691435560352
-714.9337138009519
-687.0483476170225
-627.2251897035393
-737.4116903921072
-660.9168378993327
-702.1016794580461
-754.2318058395084
-740.5433137678893
-702.5451292327356
-677.3626646884452
-658.2749531568575
-635.5930968771427
-641.5492714742836
-687.4363439633778
-618.1541899636272
-684.5514138846441
-688.6943006568995
-728.8682456233787
-633.9422053328468
-728.6622140433074
-679.8638523095667
-758.7950035581307
-667.1082582928095
-655.71666576798
-692.5143724431971
-615.0282063122083
-699.5761453577575
-681.1328066101779
-658.7630695833695
-816.1742406745161
-638.0650123818741
-694.2883919509345
-661.5703387600934
-685.36368944285
-816.8293716021958
-698.3364203702188
-678.7355953735546
-698.9171728196693
-630.9612413529585
-671.044573187663
-706.3441225372319
-724.7519512217951
-624.8604392043479
-689.1534179387359
-709.4516067444625
-696.8365029926913
-643.2277889716147
-633.0433617968748
-648.0995746579741
-662.2842980697186
-716.0803060298886
-743.9717421299797
-686.6967089356422
-700.9649340091805
-705.2565302444704
-767.3346801755902
-792.3727446843467
-685.7019342264725
-745.8321441169489
-668.4906547147469
-727.7437458924317
-620.8179875500213
-695.5076692679262
-686.869787698424
-661.0773535011031
-692.2340915266092
-660.0148014062296
-687.7259617467847
-688.5606658133066
-748.3979362074574
-730.4695077948614
-749.9976401816409
-728.1896266506005
-670.0094779249484
-679.2800031668045
-711.658822236573
-696.779094668016
-690.8310785996398
-686.9247649770781
-696.1828271607363
-739.5219034094137
-654.3528987210753
-696.0450351839611
-688.8236941732787
-720.8581237946
-702.6214028094064
-762.1854398292514
-741.7677773357663
-660.3179774741218
-757.7910765867526
-847.240758823272
-710.487124562237
-674.273316910163
-658.0528166797608
-692.5564901682094
-699.5673076378557
-793.9531752542639
-670.5375419961655
-693.5728793520989
-643.5904018535898
-656.7074781410882
-678.8051051566032
-622.5999471306549
-690.4577469787982
-702.6144320144657
-733.7636727057406
-716.1038512182214
-656.450543490226
-677.7089297514563
-676.9288201958939
-729.4700886918558
-739.2030745749416
-683.5762436194755
-633.3050198052247
-718.3956262688209
-638.333678354456
-721.1526977431158
-718.4789271544848
-696.6917345512875
-747.5854063402167
-748.9930214031631
-696.0902938362715
-661.5128470482574
-651.6707575161527
-724.847253088584
-693.62960900142
-652.1077564743218
-709.710859274885
-714.850203660545
-716.2688477587941
-759.7828314880624
-685.7236445572013
-729.8025618199787
-665.7115746891423
-765.3106911773676
-650.3520840198312
-739.4475846669216
-740.2984972531253
-641.2355069534137
-769.099681420542
-658.0097892726155
-714.5994464642436
-742.3585566090974
-719.1920355439518
-769.2275746762316
-772.8262760088854
-715.7983550881195
-692.5881791387887
-774.0884460478826
-662.8564118974972
-645.7283372589525
-659.9396480211349
-697.941043042986
-614.3889059800334
-750.6447619269229
-685.9211820205453
-722.5601815959103
-634.7615304468844
-679.8245636883206
-612.148131751128
-636.0312309696226
-656.4278186150568
-773.1129687039419
-665.8453648682386
-638.2323258940106
-719.8885082214401
-665.4284712778366
-694.2632256936076
-693.1393282466556
-657.0206927073554
-691.7846480330709
-706.6095707152631
-654.8943942166404
-605.3040050036316
-644.3936941174726
-697.5062821733794
-691.8921801149546
-802.5922541189058
-686.2829591339627
-650.9370626783319
-608.2912484438846
-710.0591844433377
-693.7898091057568
-689.9250276930625
-697.1508043114508
-682.1544644051244
-669.2825983801131
-729.0779969500622
-677.3012522832055
-646.4196233341855
-700.4224238318574
-717.565841168419
-690.3602381245292
-703.8671477338407
-684.8362430216022
-728.4810465537739
-675.265765937137
-629.2022685387092
-659.3105870763665
-705.9916436615794
-812.6578479343318
-688.246813135401
-726.0763712645121
-642.1819887574715
-689.8078890915104
-733.6964705810155
-663.7530049252924
-674.1837491561976
-642.0427293422116
-665.6290762025948
-632.2712043195303
-654.1790398407021
-727.2185145229405
-676.4250806187665
-646.4719032061168
-730.2437847258383
-677.0776577953877
-762.7112355175858
-754.1318409894684
-616.1856572324749
-644.4816821731155
-659.5256052383736
-727.0304395291172
-715.4728519964578
-708.233900976988
-706.1933419882455
-716.8299424011343
-715.7220669226622
-683.4634577450507
-661.7772042382923
-659.5369755615852
-697.5275886328621
-680.9823194385494
-713.1154853672099
-795.985972890694
-663.9324725166842
-629.5572559375992
-776.8974498534635
-713.9381173494753
-615.1575135436055
-683.0109728211994
-679.497671083876
-699.9864797985147
-709.9600762530981
-629.9097733348772
-670.6019221062866
-675.8657417767537
-691.1007374102057
-710.6189258393935
-663.9843183661924
-677.6153306871238
-669.0603826705928
-688.0023131470975
-709.2716001845041
-602.2270561404765
-690.0674519054137
-631.9671668474396
-685.7808581120287
-673.7757405060563
-745.3150379591436
-693.1639776689826
-629.2746368723579
-694.947939103335
-684.7928057023904
-702.5890458819727
-684.6784013143459
-640.8130567210569
-673.629780668748
-639.777191951576
-657.5134954744472
-667.3755018098516
-735.2275192009504
-630.6865159695187
-723.9997279136146
-656.0636371370443
-644.9403995968187
-715.1171616350671
-672.0401819915669
-716.1674719146714
-681.6179576475042
-687.2393511609099
-648.3337673526721
-658.7721491481204
-655.550781404512
-611.181323280856
-678.0815866393195
-627.3573732277122
-647.9782184893135
-737.9682712499002
-602.8413608081553
-658.944735649164
-659.605214166206
-681.602573575106
-658.6496099067574
-686.001887372551
-648.2182719259995
-739.3752757279644
-658.8485267811743
-629.0365698475284
-640.4654416640691
-674.5676663422737
-638.115996446509
-642.3383970688819
-601.5060626729785
-740.5960977367931
-675.7614066761895
-711.2208250903305
-667.333354367267
-689.4673086053027
-637.0760788559271
-709.8293397826064
-604.8736329947429
-679.141394265283
-668.992860490587
-703.778031847961
-632.9569943929852
-579.3148713615242
-679.4813392127362
-709.1801559644069
-683.3562014796369
-707.1895076618042
-732.3342102812999
-743.2870095328822
-679.348825495935
-634.318658670258
-692.2052587653577
-652.0909038499451
-720.3746504253985
-693.1442356154867
-695.3441191176089
-629.3541530566513
-639.0426173121476

