-4600.99226351504
-3170.0818216090893
-3991.029288860088
-3251.075417805989
-3381.118692246478
-5299.6376809916765
-6107.3208179857265
-4471.8557691401875
-4664.572372754173
-5583.582414796449
-6467.423457604287
-5605.998642566151
-2997.8427846754835
-2784.8719311075088
-2465.4085445792302
-2195.898684076345
-2090.9638732373232
-2181.69096854667
-2412.957403318221
-2020.535247541233
-2183.122315592448
-2430.835959396136
-2422.987085216338
-2218.787506001703
-2550.068617695837
-2515.0259991208163
-2205.518654840587
-1948.2299255599594
-2512.4536582019027
-2408.3706736624317
-1966.7182638607633
-2153.5683024400314
-2433.132174008094
-2366.4826935036212
-1892.3225443526346
-2591.674712702569
-2131.5841248905817
-1981.1033705146751
-2433.882967261591
-1900.104603067903
-1783.9882124563123
-1935.1246930584189
-1983.4606650854114
-1743.0957556537926
-2156.9921642090826
-2338.2033475808107
-2159.135659440264
-2261.640330019825
-2160.1684678168767
-1879.987461764163
-2089.8056519582287
-1917.7511853284866
-1649.3131161731405
-1755.9786263649107
-2118.030527813094
-1982.7617417521687
-1975.685390038496
-2133.395100966444
-1976.6299837412175
-1924.1174818336135
-1937.1730740631037
-2179.8364977665515
-1591.4115879709514
-1812.1482205833936
-2263.4864022120764
-2377.5948787136413
-1916.059215283634
-1896.7453193379565
-1953.6182645897366
-2030.8257781359455
-1875.563562591502
-1925.4730524563502
-2250.3619474228026
-1905.7722871655924
-1603.3685970701993
-1728.7536650957788
-1813.1299176018333
-1832.946895674621
-1930.3412717134345
-1561.417000333876
-1854.3578831933128
-1880.1689773868488
-1753.2015653147912
-1689.0319863575864
-1837.14090586997
-1913.0798106286466
-1775.9751972095878
-1718.591093137849
-1618.6864865295418
-1724.7252740414856
-1716.9812553704544
-1773.0956421530284
-1809.7570064679471
-1739.9351863360125
-1948.767839640168
-2074.7694746838733
-2099.613232181103
-1885.093344203157
-2069.5709517086248
-1937.330895640654
-1730.6319922904854
-1864.9412246329098
-1687.067028277145
-1788.8258345152547
-1897.6228480271568
-1774.490054357909
-2127.759970367108
-1632.2928677642676
-1988.2507048164753
-1745.6313180362606
-1732.2113105073956
-1813.4932900055824
-1876.4178508569553
-1774.7547714679918
-1764.9520040530667
-1773.110707400846
-1909.209759885135
-1935.0950991764298
-1696.1474479125225
-2186.502870112361
-1670.20853901366
-2120.0324033411157
-1795.693487592523
-1989.6425930983257
-1777.4842582879671
-2074.058810134342
-1862.5241726841657
-2200.9916349288064
-1861.4940094799908
-1794.4384739285808
-1698.5216240722968
-1953.6867833595825
-1954.7620177031358
-1989.6748480066062
-1969.7040413913276
-1771.3829979151067
-2061.3678001092776
-2304.0689881866297
-1713.8793852780839
-1907.607873101987
-1641.6377286246643
-1643.0304775992574
-1981.6780865523806
-2365.079899123685
-1759.9058995998882
-1847.1618978028994
-1759.2195901780933
-1907.1837808516807
-1599.1731075123782
-1726.8444761601982
-1962.973248475949
-1638.698554098682
-1583.4017163445153
-1639.0266160268513
-1744.5187723750687
-1784.99240068308
-1648.3030752113543
-1932.1591734432968
-2013.3310865993158
-1760.7300284333435
-1560.55933544444
-1849.9415652566427
-1847.1606641596882
-1911.94469385878
-1780.5654790887213
-1567.0016752979461
-1779.0675384821286
-1836.1135538280325
-1704.1445733915955
-1619.6572356082277
-1798.5364517998655
-1664.1877168401716
-1694.4073656245268
-1735.4385950869057
-1737.4774627801676
-1649.1407984972057
-1795.538639209578
-1787.0506880222697
-1713.2046171722902
-1656.8940780046212
-1574.694186081435
-1757.6789945680096
-1842.1947672933754
-1746.0518321903405
-1703.261875097847
-1692.0398983097054
-1755.815242911992
-1941.8941557654236
-1721.912192899474
-1595.2641280279245
-1621.6431587309469
-1819.9665210799308
-1556.6140544738064
-1732.671630221629
-2145.0232963643875
-1657.6584232310518
-1709.7531170956288
-1665.5090362559029
-1748.8941819033062
-1733.5752733636266
-1597.8404212103133
-1653.6783564117707
-1796.4275981444416
-1729.2073768683108
-1984.5995293663427
-1523.915716668892
-1545.828309008593
-1711.9961711879891
-1710.400634491875
-1707.8348661385999
-1552.3927551692336
-1610.4024989215259
-1602.4377475534206
-1739.3750542065611
-1922.9503934529082
-1813.7890571425692
-1617.8796623985284
-1590.2167617335547
-1792.6354693883582
-1680.500332535549
-1811.873908295096
-1734.610336961288
-1858.2816275350112
-1482.0651327987468
-1594.9023009921866
-1628.7838262507803
-1684.8452716964566
-1683.538948964156
-1756.6196904969743
-1775.4163490257683
-1748.911461787767
-1811.4368430847253
-1781.1128318438261
-1880.7253336085964
-1838.6483800304898
-1827.2655409482165
-1738.6621390993243
-1666.3156597872232
-1836.4459529114345
-1520.0069894609514
-1668.3268053730408
-1750.1702123339003
-1852.5241786212555
-1659.1094992482965
-1770.8925756103731
-1797.8681057836209
-1877.2672457770427
-1662.7796741466227
-1933.1768032320301
-1805.2807465705173
-1581.879534869305
-1613.8304463416016
-1718.4058166713694
-1497.9824153989337
-1719.3925142810353
-1608.896973514081
-1609.2867330260885
-1786.5377772480708
-1355.3698337343967
-1534.6315531886312
-1880.0691913068458
-1701.4013721417243
-1987.61632801747
-1912.8198996896108
-1783.5980319694647
-1711.124266166268
-1696.7015889893585
-1949.4115019747776
-1875.7171503815941
-1865.083662911386
-1868.1964928044117
-1839.963374319104
-1947.9485467377306
-2206.3378747438014
-1763.1674404825417
-1629.8010564968358
-1615.2288236145725
-1921.9422836533413
-1799.134297227054
-1758.4045398606374
-1602.1286068856598
-1702.5292815881662
-1611.2057586307112
-1697.1415198074444
-1788.5102982514381
-1752.6662326417259
-2012.8957560061078
-1419.6974306666746
-1674.3379534520789
-1839.235182113323
-1845.391836697863
-1696.6420873116656
-1436.4968054762494
-1691.3226139250298
-1630.1572741607517
-1889.9057501757363
-1641.4038602957005
-1742.4022195171256
-1854.9262897542126
-1682.5526013091273
-1736.738671167886
-1844.4629203702648
-1888.0772983009365
-1711.4998296623792
-1826.9753591036117
-1713.3733087286678
-1833.9849088063602
-1737.8719991773614
-1604.8922123039254
-1815.4230594800558
-1542.1326794565382
-1793.3427122818503
-1801.4393835244102
-1553.635343054447
-1575.7896429051837
-1777.2883354145097
-1404.588823250167
-1588.1060421632603
-1792.355978877017
-1644.4357185532924
-1485.6650682437587
-1756.591432568838
-1994.927506913169
-1723.4187559903867
-1591.7709522447544
-1827.0257672553578
-1719.9360100856309
-1650.008262792646
-1407.7700846023686
-1758.2487429776063
-1727.407432380293
-1761.949802095174
-1734.8533293674163
-1688.8724642251934
-1649.815954218638
-1662.9212759385744
-1567.4779998698575
-1668.5565232041497
-1483.1742556084132
-1964.4925489447405
-1670.593430815529
-1421.5142457800525
-1822.3994370760495
-1835.5544842055908
-1731.6281564727858
-1980.5672450527916
-1836.902703996095
-1715.7151822401797
-1747.3926785135138
-1639.614502779607
-1846.7288304238866
-1700.2320929430691
-1739.9132982086378
-1546.7846806007842
-1712.8211328079553
-1826.8550725262078
-1616.6132756165423
-1822.673279671748
-1602.6322223302702
-1694.8834217945584
-1683.2555978920661
-1686.4140793170668
-1688.6132833243737
-1643.4428920281891
-1511.323106625526
-1698.1198054612544
-1661.0290467365562
-1711.237158666544
-1945.1731833033994
-1709.7492475662848
-1532.6140821255578
-1514.563123747107
-1671.9255392319963
-1839.531774213854
-1857.4274089354642
-1706.129961797556
-1967.7782876731615
-1519.9183303660855
-1700.80407702783
-1737.6781038228996
-2123.0686682620526
-1612.9855515610575
-1675.5793231556886
-1667.3716238499624
-1686.730560164361
-1909.5546676532824
-1778.5526809306732
-1649.8393876558919
-1686.7000798710856
-1933.3460786535536
-1803.9515908404437
-1796.8992689572742
-1773.2884223207934
-1793.6973535876587
-1532.3214972953049
-1731.6937409018049
-2152.316658648425
-1591.5267955532688
-1672.3561692616365
-1880.9775349966274
-1448.734670252579
-1895.8357124952922
-1679.662485285816
-1525.0987984561027
-1576.9962618122088
-2219.767106415579
-1627.1822846732562
-1830.0082942233405
-1865.89780031749
-1637.5567150999968
-1838.446134512818
-1491.3489585704176
-1802.5246569237986
-1743.6330716421942
-1543.4381899679113
-1674.9258215826796
-1699.8678729482137
-1710.2394373261666
-1685.5557347847093
-1722.6688148589772
-1751.9478281107238
-2232.8084139897414
-1695.0160285470372
-1723.8107191003007
-1741.15395313783
-1846.5564199777104
-1517.7675244582792
-1664.377322155651
-1623.5293176535442
-1872.4420910369522
-1759.4755914995435
-1623.2200450259988
-1499.461017598583
-1805.645870106725
-1606.484380759182
-1646.3517306085607
-1869.7915821825386
-1715.3372211664937
-2122.3813563648655
-1526.068020668851
-1690.7582069773425
-1949.522694038286
-1669.337365108403
-1673.5961970032943
-1853.543345542917
-1765.6881835702122
-1541.7781115163095
-1687.426249704455
-1720.0673899758488
-1848.5005988465512
-1840.139824349209
-1643.8760054795948
-2001.1436016168816
-1516.2765688050588
-1745.8437763679742
-2093.1185507439163
-1457.048821125356
-1582.8346908418428
-1835.4141529961923
-1867.358636887741
-1598.5394386815824
-1701.1034837056588
-1592.9546216847875
-1567.7384036333294
-1805.2030931867514
-1834.72221413004
-1608.1535241879315
-1592.8024827834781
-1693.490529191091
-1688.3033524091927
-1683.9887657194909
-1673.6138871918508
-1504.5379286439263
-1530.8961905486974
-1694.201464591837
-1717.631421916752
-1956.668780504277
-1480.7602701763278
-1515.3482094573906
-1497.5387744196364
-1650.2230739326358
-1748.2561047659276
-1766.515225181021
-1611.859933944667
-1627.121617002541
-1897.5865683667403
-1694.4064638149796
-1561.253333747153
-1843.765249394409
-1758.015785843519
-1600.5830107862676
-1909.2551185624725
-1682.5124713013502
-1935.609519294878
-1638.3782526939551
-1677.1618257452392
-1514.1607557253408
-1758.226392861892
-1890.3351654238375
-1515.1402068639131
-1724.6659186863978
-1676.3576143640144
-1517.6184189059961
-1631.3143719277227
-1748.539477459014
-1654.8414804782485
-1750.270223423204
-1511.0141555266807
-1734.8789348208495
-1687.500599648503
-1717.8499105005374
-1654.826037586917
-1871.8449038737783
-1573.7516482261988
-1839.4980930883423
-1890.2021476523926
-1829.6628160150399
-1745.9826357628485
-1706.7241837562574
-1857.3383324826714
-1779.6480927975188
-1980.0118555265637
-1888.62867695747
-1469.5291548085047
-1829.1593259985902
-1744.8863727689047
-1489.4374110685023
-1616.8932923850296
-1757.6106305476837
-1828.49400768913
-1517.3245957435054
-1810.8763618859793
-1658.1493449375416
-1855.1127400905798
-1505.2106858066966
-1779.2509343249
-1716.2316205782897
-1739.6905726583582
-1541.67431567783
-1647.6847437844863
-1946.9412088108356
-1455.5630748491683
-1583.4797944498462
-1644.8967423855127
-1828.044768674967
-1616.4310305306278
-1699.7144913159811
-1713.3847482510832
-1682.2011524600728
-1735.260521979977
-1617.197701952925
-1817.4708243880225
-1553.2267679612048
-1645.938335296138
-1660.745851231074
-1885.4074386964578
-1746.5854155768852
-1535.3592653381204
-1752.3858965413185
-1496.0199442288333
-1711.8596173429062
-1976.984010928172
-1554.829950443552
-1543.879920589522
-1645.8915308607181
-1836.4443568267827
-1652.8506908479656
-1571.9497986042695
-1640.6665649385425
-1824.6713384009843
-1598.5005093779603
-1478.5048718040632
-1691.4831136944679
-1705.8413819658106
-1535.7701133699331
-1649.4531653289785
-1578.1793727397921
-1692.5151019568982
-1817.7895582533044
-1817.4637571761266
-1682.6746122157035
-1742.6445549846585
-1710.3311576354288
-1751.3109353107518
-1521.2133443416162
-1801.392613599188
-1634.2639502565728
-1864.350679870324
-1628.9177816509343
-1629.6485696853408
-1750.753041303375
-1821.3720460393392
-1711.351373257817
-1631.6248366713605
-1737.294764089183
-1612.580089926999
-1793.0519607190233
-1557.161564660182
-1935.8970602918116
-1837.1563109186081
-1941.358866651863
-1561.9496972685872
-1740.12815487824
-1563.871669924025
-1994.508824971843
-1691.1127997609663
-1534.0257802216302
-1552.585451563999
-1979.5246218234158
-1633.3943074991846
-1851.9962822428731
-1634.9766295697702
-1485.839777241921
-1768.5951773887055
-1491.9821936006058
-1721.2122298022018
-1551.1216826280663
-1696.745698247954
-1683.7888981522394
-1453.3262067695148
-1732.57732432334
-1718.329040872985
-1839.017255814281
-1547.460456169995
-1792.2434284935784
-1421.597077061055
-1701.6613393130556
-1623.4076266663453
-1713.4476074794777
-1916.6673990379081
-1927.82116859172
-1770.271805638785
-1780.6964824812871
-1633.826539948437
-1560.640256132983
-1679.8910148427656
-1722.6711020195903
-1585.03944818272
-1620.775261182838
-1618.7232440521698
-1707.3251941564474
-1528.864453923766
-1834.9713879802875
-1480.3284725886062
-1623.8303802169794
-1459.3022252264957
-1654.8909641045423
-1574.0440110291072
-1490.6950521941471
-1628.5246183480908
-1688.4494018366954
-1634.1416461532478
-1704.432272614317
-1640.0764078030672
-1623.6133970912529
-1603.039795200165
-1512.4234695678012
-1493.2350851255762
-1718.949561834217
-1668.6942053595105
-1669.5556103717906
-1557.2208148970476
-1552.0805187431672
-1536.332329655685
-1676.1485265489714
-1810.938100146773
-1526.6804524246038
-1644.0302905494211
-1766.966252280508
-1594.7887861848665
-1673.1308922716546
-1652.8033265552178
-1674.9098610514802
-1611.3947554392855
-1531.020573596651
-1648.2090769853191
-1750.4459682093661
-1666.8064269821105
-1486.599130106055
-1555.348620701629
-1571.506323696374
-1644.652994148635
-1600.8026378157713
-1791.2828058523567
-1587.092957602021
-1671.7727681596741
-1760.4102885837124
-1762.2348927319863
-1762.2960059766945
-1606.7526593451416
-1657.5626417649023
-1566.2211842633078
-1488.8442317391198
-1593.9489292347603
-1594.0835946669376
-1643.282421538449
-1643.9589752496784
-1700.958927325159
-1524.1370267948596
-1870.5165134490007
-1579.1127706407667
-1553.2557924467928
-1497.5533663269744
-1555.6782154095915
-1577.1715662265863
-1588.7624374625184
-1672.4915405082381
-1778.9214836285057
-1671.9466587559284
-1693.728258492304
-1807.7951885438995
-1553.201056909949
-1739.0980210900284
-1859.246061195453
-1712.2962799266918
-1781.1689294096047
-1460.6245834365143
-1754.4950739366698
-1546.3464095301613
-1659.0167642029846
-1620.0798917200902
-1630.459556877081
-1904.8277508922215
-1801.8935821799846
-1502.5704473767132
-1563.7705542719846
-1492.6522769960568
-1618.4997163624232
-1632.1254761874136
-1735.8007981237872
-1628.0053988583466
-1661.0758430482413
-1620.887897159096
-1736.3961315302756
-1674.5220225805813
-1768.332485857776
-1537.5111008539275
-1490.0847308399987
-1688.0318584937277
-1605.0690880192951
-1740.1917370207964
-1762.7039104145852
-1546.2945052914451
-1543.9872511202443
-1545.0660904492825
-1835.1435686017996
-1624.018018546258
-1541.781588127751
-1657.838589630056
-1615.1051513500786
-1604.3081730227498
-1709.9358671369157
-1676.3924529155315
-1475.418378348305
-1753.1632523574306
-1772.6393438392763
-1477.4466336114328
-1796.52507404679
-1497.9462248695281
-1478.9601789056148
-1750.957901677526
-1655.6550375676188
-1622.0910805824728
-1669.5381938192106
-1544.626495526164
-1643.7306297282378
-1579.2386505721977
-1571.8267807372767
-1723.9704622097177
-1539.7111548110067
-1554.1771311317739
-1731.241151782561
-1527.010185495694
-1677.8403712907623
-1655.097787542303
-1671.2916618456522
-1797.1946803634416
-1631.3684027365096
-1758.176836068864
-1700.8983653589203
-1546.0061006615147
-1752.3165796585085
-1797.8946547407872
-1530.0004395767387
-1611.634516549533
-1751.223110103051
-1622.5202261089614
-1738.3706316694365
-1599.358871416196
-1483.0458734199067
-1597.1148997640805
-1601.2433805986097
-1769.529505375213
-1725.8923856529354
-1558.366993955464
-1447.8430743128802
-1696.8086193196577
-1560.3785597807955
-1688.6853533819528
-1867.370508229186
-1649.3893851169234
-1633.0548778467298
-1534.4960599305346
-1649.7312245663704
-1800.2723461650992
-1746.2367148022684
-1561.3093136955888
-1687.2227061300975
-1662.4340526415008
-1671.4660326910212
-1542.811674048423
-1733.2342697235317
-1767.4590122985774
-1593.5524287698486
-1615.56872280331
-1972.856838451492
-1773.2334056086243
-1683.8898679476417
-1679.6356487160058
-1657.5468577439947
-1543.8613565902729
-1525.1455260813661
-1785.0032259704653
-1590.3890529373168
-1663.8894597734786
-1658.6194842988605
-1640.00540544002
-1611.7180613674977
-1732.6972188110663
-1500.2811191143383
-1579.6260873278216
-1715.2513007454995
-1883.5221454298455
-1475.2655825633153
-1607.337769966525
-1544.623545704873
-1685.7646168337371
-1484.3765598373643
-1609.6775722969674
-1604.829819829086
-1615.742368817408
-1812.0067135096626
-1522.7437756065772
-1771.9494053627734
-1555.706577578044
-1652.726579391681
-1571.303509665673
-1715.031968050929
-1685.5765358204917
-1614.1533363084216
-1640.0799692681146
-1501.028046078583
-1621.2220215302905
-1448.1135434238006
-1571.352740083793
-1821.3099948305317
-1788.016473474648
-1660.5120433663283
-1571.9190495951784
-1715.0371487890177
-1606.6250976548552
-1665.471107955522
-1752.6077414820008
-1664.4836527277316
-1854.2267353780485
-2026.5499809292753
-1844.5832183715295
-1458.8946107502163
-1755.3435777380273
-1552.1721399964256
-1642.913890380929
-1503.740600649314
-1975.4689682279563
-1561.5618464608192
-1515.277075342126
-1722.7065551596252
-1752.2756719830727
-1783.8979420286307
-1505.6526844766295
-1674.450058723631
-1847.2108602093608
-1735.1706084391133
-1507.7721233438626
-1604.248167263778
-1954.79688491672
-1620.9673222434492
-1758.294281617304
-1718.7508608126343
-1645.6537380343955
-1522.3013298981698
-1571.7644324613416
-1683.8372139477608
-1444.8765377891013
-1610.2523578778466
-1490.5039409154117
-1592.0847681594173
-1530.3730413337178
-1683.9712847363862
-1722.4771963737705
-1629.8715996194
-1730.9768906833604
-1671.6622116057117
-1773.4459288068442
-1752.0472078401654
-1486.3928665522546
-1525.6806036947016
-1476.8746541889889
-1502.817974840906
-1590.2094180341553
-1490.433452483102
-1622.5328828284814
-1640.373487637503
-1695.7360299254922
-1565.8321539284211
-1839.4070640952957
-1579.146816335729
-1683.4164418217676
-1702.6654999769698
-1538.3201124703885
-1722.5987314598412
-1593.168421889278
-1798.2627868123018
-1764.3536526758753
-1616.4371151915095
-1508.0464578902802
-1550.504681406758
-1846.6301317326763
-1581.4061147976481
-1632.4692208020308
-1627.627726081699
-1652.5142804638142
-1618.3020932717236
-1599.876544468206
-1582.4833582701426
-1722.1435999456262
-1696.866954571577
-1693.06369534948
-1717.226606022553
-1666.9073349315056
-1504.9668861478692
-1734.4698792170088
-1594.2918924529565
-1731.3047836312646
-1673.5982739859005
-1666.0682293728592
-1569.8392912812308
-1616.028843549548
-1695.6630102237077
-1535.1933936718222
-1557.628969991488
-1627.6829755355143
-1628.1225762122583
-1469.464424196248
-1713.973608880388
-1471.3693746334513
-1756.4499347868764
-1858.2944510947978
-1780.0413267372455
-1766.659840845617
-1589.6080596185789
-1690.4349461712202
-1778.4701797226521
-1530.09916292184
-1631.9581419303827
-1520.411437390773
-1763.7409828618902
-1683.9551056672829
-1710.6935998186343
-1538.5596359936744
-1669.558023137793
-1626.6580395246851
-1604.4212621367858
-1421.0536111497318
-1638.3117505872776
-1582.850419684341
-1836.9401871410541
-1610.051381712002
-1658.463487142073
-1865.2958835034804
-1688.8373388809403
-1763.2224723693719
-1745.3402649967143
-1619.916735310231
-1619.8263884003986
-1622.6812163953277
-1549.1874330087328
-1468.1354274966227
-1627.2633652379382
-1532.0153064567032
-1687.677808071329
-1593.6942759510773
-1617.5979556009681
-1588.2127592800473
-1632.8790430638385
-1747.7002160370112
-1601.0527328892363
-1685.4323493068857
-1592.972018096574
-1724.1722716602644
-1823.32042329623
-1573.635299442543
-1462.8695498352547
-1662.9661022115688
-1567.2898399883104
-1703.9521363318502
-1548.2624941695547
-1706.8215680019223
-1567.0411647413428
-1718.4250287800714
-1744.0629012744141
-1609.7809379247014
-1635.8009814177674
-1758.548046493953
-1515.094557258039
-1680.0659211841105
-1824.509468797175
-1888.1143832452422
-1697.3098636634297
-1680.1133580798653
-1637.686609573184
-1688.849786127763
-1498.162338131209
-1698.1126510736365
-1730.7654416389603
-1622.1874942772047
-1566.1012273334352
-1485.5990561111873
-1692.7518596425439
-1832.8236821341334
-1700.384179017965
-1686.143424424142
-1829.8883230550944
-1598.4694646541059
-1741.3678701197357
-1707.9877048589833
-1583.3386526107647
-1638.599898816343
-1564.629880750675
-1673.2592483857536
-1659.2251307413508
-1697.6159903736666
-1519.3509995745728
-1678.6535206979522
-1836.0343812017245
-1805.142476843817
-1629.9590653773778
-1706.8572499748655
-1789.5609820850234
-1747.9112329042803
-1854.1144484740369
-1850.3103594001216
-1751.603661866304
-1834.3302656883084
-1593.2645863991963
-1748.815261633645
-1745.2822817271785
-1618.9011281818218
-1709.4351732422303
-1811.9326134552714
-1722.6172442362658
-1539.1610063034293
-1516.3939687173583
-1616.8480336624136
-1787.760106858783
-1723.2235548901847
-1904.9502733919603
-1538.1902592218091
-1671.0878922932104
-1511.3562076499884
-1378.3994049395176
-1653.5813213968217
-1537.8500463991502
-1533.5305462292904
-1902.0133920938877
-1557.9192284120552
-1580.5547407934594
-1663.4448411383821
-1844.510950222802
-1512.5222051745613
-1526.6049825555085
-1649.2124207403938
-1708.5877067835922
-1722.34798460669
-1493.7695197215364
-1719.4129695172783
-1549.261070144285
-1834.6602813163308
-1608.0065121322223
-1581.5138895115042
-1725.162202804989
-1869.8527305757616
-1734.497335864619
-1794.914878077319
-1540.555873176642
-1574.3918368809695
-1615.9824801378177
-1672.389648638732
-1640.5021098413076
-1900.3630083723135
-1710.3431459127396
-1805.0398799544002
-1649.137695666635
-1388.946392120179
-1467.0546989262912
-1491.1274865503906
-1772.4183175812404
-1653.9132734552245
-1853.809728689697
-1741.890489636659
-1497.1146666399654
-1658.9916060505668
-1646.333835455395
-1392.1445671723752
-1584.9195776066115
-1435.68655056149
-1551.3099069628363
-1556.7306894318995
-1476.6678208478381
-1644.671375255771
-1589.5763383547978
-1488.3791667123114
-1633.7142634407685
-1547.2766929274883
-1706.1779644448122
-1577.5953440286587
-1563.8679005029633
-1648.650521071921
-1604.993191108496
-1561.7393459683135
-1728.5418921477997
-1667.9845687184409
-1797.0950989208422
-1633.6947667788486
-1493.1612935218686
-1713.2937682082998
-1608.3490955963496
-1866.6558550309849
-1563.2755132840548
-1575.6344437868968
-1672.2921124204847
-1732.442683306908
-1615.0866355281225
-1517.226429638353
-1554.9559680529792
-1538.6097864190758
-1762.4683970681695
-1656.4461129980393
-1603.0436850043475
-1618.7905386236403
-1471.206658692933
-1666.6677393619843
-1622.4976092667357
-1627.1563379938991
-1533.7289749309987
-1614.3074468543577
-1471.2270369515322
-1675.8728956120474
-1668.094924331907
-1708.887490381533
-1718.0375103193946
-1641.5105342723261
-1664.6512668600437
-1673.6821669279273
-1492.2785932419386
-1628.7259708838922
-1637.3168703869699
-1770.790080275175
-1836.590288116827
-1525.2518033408876
-1802.0480172856082
-1589.7556001125795
-1928.7234914691628
-1645.604399181996
-1448.6142592615645
-1686.828509698226
-1495.4589014475189
-1613.5066731325173
-1651.52220595663
-1692.9477051535587
-1566.3565449274454
-1730.4786225633454
-1649.5391505722155
-1508.4451788999882
-1519.3788156788005
-1460.6497304494658
-1724.545645222491
-1859.7061279332763
-1832.6561634361374
-1705.31568248702
-1603.8111709952905
-1484.126359239382
-1482.254362208773
-1596.9589411100176
-1505.304006489251
-1566.3565341649426
-1529.4013678672638
-1486.7788886555577
-1707.2460638349412
-1621.74697870684
-1634.100793487035
-1835.4261426954945
-1809.6170269742215
-1607.3300153543287
-1704.6176693417917
-1749.1439906246017
-1822.735665893365
-1657.7172126362811
-1620.6359833106792
-1659.4185635996926
-1462.87495669854
-1602.121036292164
-1579.1076599750932
-1653.2150263215635
-1711.7477420187433
-1661.9173066058067
-1773.0483790093965
-1636.603756813664
-1496.1078539661023
-1654.9672094024768
-1722.1652867017972
-1551.7100952195153
-1522.7120767007887
-1595.9428750064806
-1715.310876880321
-1583.86690542116
-1634.3619788419712
-1499.0709853973203
-1607.738550065095
-1735.3947099703503
-1537.7143520313277
-1544.21525780656
-1703.2143841033806
-1528.6983311702809
-1495.1928927695194
-1626.1255708809804
-1751.5869474459864
-1618.9337370991202
-1822.8352055140917
-1439.8514203402553
-1569.9944236781278
-1573.6298407910278
-1525.7939681211938
-1543.4563603411777
-1654.4728103861594
-1651.4968286361463
-1681.3423751438058
-1787.3013288624738
-1641.5915324638966
-1548.5803003757483
-1497.0092910983408
-1666.742928309939
-1491.057287447082
-1625.8580892898265
-1674.63912182725
-1514.792501219566
-1639.4182010374675
-1732.98669639576
-1625.3612773467735
-1664.5002453679526
-1604.2910429966466
-1436.1293801599484
-1684.3423788628877
-1881.4000029665008
-1664.4031930068502
-1429.4145463310333
-1539.8687050281449
-1552.8653557221794
-1627.9455167180085
-1546.4911337381163
-1683.4352533554734
-1784.9533741008315
-1674.6269758343342
-1558.2340416235836
-1612.190020766342
-1596.3414800171977
-1566.8441669826295
-1605.4398946335402
-1517.8368488476374
-1658.993663293804
-1694.0945203116676
-1525.6475511490578
-1548.7365905503207
-1667.6773010308243
-1574.0789406955967
-1562.9919272405664
-1607.324042941904
-1718.3030424805997
-1653.5081056698077
-1606.7929062210771
-1735.657743665292
-1850.8509871404347
-1707.9370566580978
-1696.9828657433818
-1615.1432810060746
-1424.1624296115854
-1501.828499715977
-1908.634200378512
-1746.099766756832
-1598.0052803879569
-1763.6133876048766
-1679.385362822548
-1526.4313409139145
-1450.4156332515547
-1727.0410472800065
-1551.669207210264
-1780.6565934633782
-1553.7320672819567
-1767.4011862714287
-1688.5583931754845
-1636.6798289785663
-1629.27531790779
-1542.1008764435828
-1651.0990975763139
-1514.3333344644645
-1619.9470066982074
-1728.0257172790632
-1673.8247902882863
-1480.0435687267866
-1568.8190517831952
-1748.5947726963457
-1675.5603664093433
-1568.8768342656417
-1555.697630651455
-1581.6932443818434
-1521.9075169192658
-1720.3724116264227
-1808.3513735938666
-1837.9358205571432
-1594.6473285927834
-1514.2684448144541
-1559.271853489057
-1465.7239638008068
-1582.9857522510533
-1511.7276543113123
-1490.226196217093
-1730.4085309295735
-1642.371976561536
-1516.1210086254446
-1661.1812379699256
-1556.2314765809595
-1628.409132625537
-1827.8598794041634
-1766.1848362501476
-1612.139383246518
-1613.9090692902691
-1463.9349405454832
-1795.8938903314693
-1570.972162381572
-1570.6765381529615
-1752.381472266115
-1480.322144436792
-1742.6231861507852
-1708.9515011963372
-1668.2267864234677
-1613.7220931227962
-1543.511879645662
-1691.9512036976407
-1774.6570790229587
-1548.091726365325
-1638.561818033038
-1665.1618832603215
-1640.5774349366613
-1743.6025571282833
-1769.930199874134
-1689.7604290282811
-1538.795230436056
-1588.5082762922193
-1638.8001750660371
-1495.460031948035
-1633.589024888085
-1467.5771420514534
-1722.3394383714494
-1572.5725331303763
-1658.0620822284882
-1626.1903799816832
-1606.1572471125185
-1619.593374803376
-1820.322931228854
-1667.6003130440579
-1948.6639345990488
-1498.0489164459927
-1720.2943854476819
-1634.4206055470172
-1763.2864186481775
-1677.5080363411407
-1504.8064302289788
-1582.9689080023904
-1445.2794198510048
-1647.5236127357034
-1566.5459103041935
-1444.7717668494004
-1732.180078341062
-1561.5864905291512
-1627.5114979460532
-1609.9167594380294
-1901.9129504141672
-1727.1981177413218
-1688.0940160071304
-1765.203720596575
-1914.0247185892763
-1779.412216085635
-1575.9979105652474
-1695.968961247126
-1656.8228092001102
-1458.5941299951144
-1677.2735122586612
-1779.1575532957734
-1621.8902683394208
-1864.9206450478357
-1780.6705661920828
-1623.8866429234079
-1688.4443350421732
-1533.35017981126
-1587.1775699593495
-1441.8088587454286
-1731.5093124682976
-1451.1111181690578
-1644.933901112221
-1605.2467259346047
-1577.7558205771122
-1545.553169910008
-1517.5248859738797
-1572.1312590440966
-1485.7186319945104
-1642.0624460730685
-1609.8203045613805
-1542.9941033678544
-1571.8320694080392
-1443.4672457728811
-1668.051010112394
-1739.336748544901
-1597.4329092959927
-1533.1251320853053
-1719.1368481201741
-1535.7289709425431
-1851.101177407101
-1703.7225992965116
-1352.4259904799871
-1575.725411201359
-1673.382826579603
-1620.2428094172383
-1650.6578497510066
-1549.1731300664992
-1556.9633622825443
-1774.5947410214392
-1674.5224986151336
-1400.1170246491542
-1639.222586828485
-1749.2504423714133
-1546.729295754073
-1750.533665358765
-1562.479592480099
-1654.1180755829384
-1715.3982142896948
-1632.9684350920854
-1745.5677580126762
-1569.1835952596582
-1608.719497998941
-1580.3689216418256
-1630.1049615423772
-1538.3667034360121
-1750.5636185887479
-1769.8123903853286
-1765.8504862279306
-1821.4654767291856
-1758.4495557372293
-1576.082823900078
-1483.7925611327012
-1546.4622853223843
-1713.4334134363085
-1734.9461037241042
-1637.7357657658304
-1612.9939122220485
-1619.7718530103189
-1633.8036168540668
-1562.6770275282204
-1758.1525289419121
-1446.762450656592
-1761.7113042000765
-1495.1600297067218
-1690.7591342952342
-1659.6707649979444
-1697.2424224591314
-1803.916698241071
-1748.4757773475728
-1696.3092915986083
-1495.9526865025584
-1528.4201436964324
-1645.4985718409637
-1681.7653049222379
-1744.7772437699766
-1444.4050591832379
-1568.8157661332687
-1700.9530814410411
-1655.9215405521227
-1682.5148809567208
-1486.7413866368495
-1528.3412670408652
-1525.0256506642643
-1605.4350379126631
-1374.3860176458736
-1457.966091717497
-1685.813804186202
-1549.0420597982743
-1704.0657876127386
-1513.3562606729536
-1629.8085601560556
-1897.291410936353
-1479.7149187268253
-1641.9382334746508
-1366.5673878112277
-1618.3793601094815
-1696.3646642185786
-1479.0580809142195
-1530.5095604273126
-1768.7644002655334
-1646.4409721993
-1824.4161205397183
-1592.0365649720209
-1750.4464848013586
-1551.8416422654188
-1549.48210370919
-1701.2791138701807
-1716.1789769529667
-1530.5648797855517
-1623.4289515657708
-1853.0201477731928
-1565.5026300292222
-1700.7267239770415
-1707.2324032721901
-1724.5353703649794
-1723.1119248228822
-1664.3941924839198
-1684.3757711090923
-1672.6096338190741
-1724.808258597119
-1652.8000636192598
-1888.482950899211
-1471.8584059551488
-1483.773349560845
-1672.9628993850642
-1663.7465833131303
-1478.8149941072845
-1490.0344793729278
-1609.722906671978
-1707.6165702537128
-1489.480027501988
-1568.0620749347645
-1817.3958960401194
-1523.2832958550823
-1609.6647926562862
-1641.6061623967496
-1744.7783642686738
-1771.6873390077133
-1586.607378408736
-1682.3717196321877
-1571.4125469517658
-1606.4747916625297
-1614.6989966131796
-1451.7903100838873
-1551.0285981129457
-1785.2782377468768
-1824.4731090565815
-1867.584122169073
-1696.5018425318237
-1465.5853970913097
-1637.0296961204674
-1828.4177130981543
-1835.5466473270856
-1701.0164622988239
-1618.56757156696
-1723.6409118176584
-1451.9587688978381
-1654.6711871345965
-1637.7639527611896
-1691.1375388965573
-1441.7742970840147
-1822.3099659649754
-1738.0738189820104
-1695.891052599653
-1671.2316741112868
-1666.8312707077275
-1472.118329261724
-1558.2519469747465
-1546.2824925016905
-1632.9904471410691
-1570.7412501113795
-1645.5668411315041
-1731.1924072838826
-1662.6696379414775
-1695.7016685636747
-1608.325093008331
-1673.5726614088987
-1649.5085674802438
-1430.3617974756278
-1591.4270183509143
-1604.7653595906936
-1530.2131386535893
-1500.819335384242
-1637.4820775230628
-1677.777634389952
-1683.8066791563815
-1755.064399920454
-1745.0610053676717
-1706.524237809748
-1538.7685881160098
-1652.9542454784873
-1602.0785274894865
-1533.385593816053
-1525.2699930638723
-1456.5066976526587
-1735.2597628626029
-1596.0536372204483
-1568.7843532507277
-1655.0605132973092
-1685.9122072323516
-1749.7015124615896
-1651.3573050553712
-1433.132967482498
-1578.1203221903284
-1505.198143759718
-1598.0243461749399
-1525.208098722063
-1738.6191472425846
-1423.1049734955425
-1713.855476888375
-1579.443909349626
-1594.4981497498459
-1670.9657192429527
-1532.4615972827944
-1721.092710903271
-1644.5126802812551
-1788.448456356731
-1953.2723901810496
-1735.3222641741625
-1542.3175531424113
-1569.1596996742508
-1668.7884853292953
-1617.0905748939813
-1461.3319282460625
-1830.8627204653183
-1580.439442960969
-1705.06055097041
-1490.8440624800537
-1779.3185536503422
-1556.633463232137
-1661.5096077040523
-1651.143717015353
-1710.392019887064
-1454.6489709048622
-1533.616580468654
-1564.8019329843908
-1710.923255355915
-1539.3902619782148
-1699.811279402912
-1572.2321079370079
-1800.6062018670539
-1641.3588379225619
-1687.7689890801273
-1661.4871094107941
-1681.2809684374056
-1662.5643351569136
-1664.8121496625447
-1555.0659471621734
-1677.1384238266166
-1678.1804924635128
-1597.7407641048137
-1735.3006076536667
-1541.5517848363183
-1541.0706270455128
-1825.3477793027332
-1547.3715727064728
-1780.5980525417942
-1410.798733386064
-1482.883665047197
-1529.7407542118035
-1470.943401481019
-1580.30293856733
-1636.785563865683
-1730.4028665567962
-1513.455548188266
-1662.6102940310604
-1686.312549742445
-1906.3523504310474
-1631.5006565966405
-1922.262433772825
-1477.7627714225664
-1562.2872143707802
-1535.0950283412049
-1737.2735267663763
-1585.572368039758
-1814.7531301867884
-1786.855297944023
-1772.2096210175102
-1808.2193920832515
-1708.8613223269251
-1432.156792399193
-1650.5314133497723
-1548.4377996171665
-1646.27902400358
-1510.7236886907176
-1715.7572435222053
-1475.481057235591
-1432.726730086469
-1559.292500152633
-1852.8091481196093
-1760.2531977640692
-1878.6329032342837
-1674.261770866175
-1668.8810787394366
-1700.283861819567
-1547.115613341291
-1531.9813860123406
-1755.7256173366393
-1587.9905174025075
-1461.9250582105433
-1397.2032721667742
-1528.2011893778147
-1684.7594854918905
-1701.0783087125546
-1459.8085577401223
-1505.8380428750204
-1566.282661764713
-1564.2148150237808
-1637.470149708319
-1704.408771919122
-1791.6854626820857
-1641.0982181320637
-1742.8166797343188
-1565.7670056463976
-1650.507932255243
-1661.0869862309148
-1669.8392541860526
-1575.0069643219892
-1454.9763908793798
-1472.334098298114
-1406.2924153781819
-1464.0071465937137
-1671.0682165085059
-1512.4608747651798
-1540.2736881930912
-1553.733634637191
-1578.2948731806825
-1724.2822244161614
-1710.6095053163283
-1580.3009089008322
-1703.5685347395
-1692.6385898293177
-1680.1170586158926
-1653.929601129611
-1553.367536484924
-1582.8648213246338
-1750.4057001358278
-1636.0290528698285
-1593.0306383916272
-1757.7818147208575
-1527.5868358727332
-1633.126424151135
-1785.8597477203032
-1408.3654677833604
-1729.6053659937593
-1513.95298249475
-1720.7822429998573
-1515.0740940516262
-1519.4529350228656
-1844.1181177077074
-1659.8240874397848
-1600.4163159452753
-1710.7478500699322
-1658.879135603873
-1775.7033290823813
-1624.2543519521969
-1775.354478694825
-1879.9447616838177
-1587.5020914384997
-1517.1899805225157
-1619.8991575290029
-1701.762529945104
-1663.2968465719948
-1584.516196038799
-1541.3554085761023
-1464.9042010474263
-1719.28933388845
-1589.7946034852587
-1500.3993435980358
-1744.5275315126237
-1854.0926710631832
-1574.5976590136347
-1754.4768451755963
-1586.61735721428
-1594.4993786692871
-1693.2280752875288
-1339.1721324061486
-1658.5617771685495
-1479.6663864214338
-1757.5112931275034
-1697.7144519886021
-1635.9680900954843
-1564.6331219425813
-1756.1319499577216
-1470.6745102264485
-1590.6368138774453
-1630.783463011969
-1497.7128444101309
-1631.252164243451
-1543.245604946212
-1700.723668050486
-1908.648117861103
-1694.4934516278618
-1634.3525246768231
-1673.881234550054
-1748.6425932352847
-1679.4650179252758
-1579.098567514043
-1559.811003401781
-1566.4512645632383
-1506.5531438767887
-1744.4236878298561
-1593.4511541750196
-1787.7380417322393
-1580.0719548017362
-1381.838945872321
-1697.4743905875466
-1501.264032384718
-1560.0315330039577
-1638.4227351918464
-1439.5232169696346
-1753.4872403660884
-1445.5285650918909
-1639.1025839207962
-1512.2630779351712
-1732.4726754075684
-1691.4989861556508
-1710.5885572189213
-1670.389994574274
-1539.3276588721294
-1818.9446846432477
-1523.5534843098997
-1784.015937791456
-1600.5397410299815
-1559.7585897452964
-1893.709639106484
-1487.436694432078
-1558.3026104719672
-1526.4296056831713
-1687.8635251551987
-1617.4727807735258
-1512.2929623737325
-1620.1432527013328
-1504.3366277778448
-1598.7841303755586
-1500.364829225893
-1820.79741673417
-1472.156614531471
-1737.728685170972
-1483.1868952921525
-1494.4178791433617
-1755.0044530506952
-1761.717796448352
-1593.0236922052054
-1437.5553985464333
-1543.2134467813978
-1475.2465872484504
-1909.8363786761565
-1649.2503732583998
-1540.5791420873413
-1811.8230306139253
-1644.8527283894211
-1574.891963309924
-1639.6245759065384
-1757.2956490400852
-1766.180483566499
-1513.3976828414486
-1411.1380626804792
-1726.0546687084254
-1477.4527735191803
-1749.209927711173
-1763.2371524662356
-1631.4226757015806
-1798.3342343382503
-1687.0186190852148
-1637.9041103015022
-1550.118568327805
-1591.3433545824298
-1610.4104259360709
-1499.9950371629648
-1454.8608692215014
-1719.5778320335528
-1621.8722464956318
-1557.8940596745567
-1572.0316678790734
-1439.2742193725774
-1528.0241592229058
-1658.5216818677845
-1890.7231962290025
-1451.6655496130277
-1636.8560844149863
-1608.826296508386
-1431.413902997877
-1632.6881885447838
-1690.461737836545
-1894.6029344051221
-1723.1904462761538
-1625.1110999261687
-1552.0031775657185
-1639.7557184768616
-1544.1174288997602
-1500.7539900481818
-1594.252180074173
-1622.867003327313
-1733.7788423170496
-1656.1794870471736
-1586.781550964355
-1464.5517589166732
-1690.9966294781811
-1484.203973532688
-1621.876373808922
-1801.4689433383771
-1652.0991564538438
-1520.9635784295565
-1472.7138718223216
-1733.527394588925
-1409.9772217302523
-1717.7427753676395
-1602.5989523183089
-1442.20508876246
-1526.2668487923652
-1633.7120513514237
-1609.285859315675
-1447.4229917915193
-1534.9195100805177
-1829.0021459115064
-1523.4773633009802
-1548.597529495991
-1782.953067596297
-1373.7026961153501
-1547.2650398877033
-1585.7555951797096
-1674.4478373058175
-1585.5332193118031
-1409.2764472110143
-1604.767982380004
-1611.1804406421957
-1589.2734464943953
-1755.8319075515626
-1618.9791641458335
-1517.0513591496665
-1462.0596549606
-1635.7658456458837
-1573.915667537655
-1649.2121188480287
-1590.4358632274916
-1616.708200121005
-1669.0018120589368
-1628.8049892423214
-1518.1313804636352
-1457.5158277097507
-1690.039401603806
-1675.1552834110496
-1889.5420565032127
-1507.3362788640159
-1620.7670522911724
-1716.8111234187304
-1525.0711596246786
-1964.4129389541652
-1557.9800772377243
-1647.2636048618426
-1562.920934329018
-1657.0421804107157
-1562.4075821902436
-1787.8695976515244
-1590.092440107228
-1661.5011992443622
-1591.6050579229052
-1708.024804158093
-1587.44006616433
-1557.084910130108
-1711.3765476356123
-1485.333762439736
-1781.444027716005
-1560.6583103585892
-1594.1951128131507
-1442.2352502242502
-1563.0894446484715
-1635.1045395335052
-1939.312265674541
-1701.827834315363
-1591.6827439605233
-1522.0130643136529
-1615.0160617354386
-1407.6181313719273
-1395.7711312429906
-1639.4727046102514
-1471.456981291244
-1669.359415152205
-1481.805922208985
-1614.3989240907156
-1567.9104509746328
-1616.6606271720814
-1593.4594802756299

