-3552.1407051843885
-2755.876269364618
-3355.8164013925207
-3771.5896350323756
-2422.899626274959
-3228.9244293122138
-3183.9081433061783
-3972.3119974117562
-2118.9556915325547
-4200.168358009656
-5682.8731257125255
-2048.5849730833634
-1977.0677608567964
-1987.9855136070921
-1783.0526868926074
-1859.6355217945836
-1723.326377294587
-1782.8745491392515
-2218.3025096058764
-1916.2118227904373
-1852.5315114950638
-1696.3639764924474
-1685.3334886955167
-1693.508884669374
-1791.8280985211966
-1665.6718969101548
-1678.9958073314422
-1861.6122571309988
-1521.1587400015624
-1426.403768016713
-1648.3310321323956
-1659.2453718442678
-1680.2160201438999
-1592.0543685022221
-1942.8028680683435
-1596.9583810017384
-1377.3181134070196
-1398.2828195427637
-1364.4229051469592
-1536.4327893002733
-1744.316670092387
-1480.1936809725105
-1516.7451266339558
-1509.1120569801692
-1495.9630512234453
-1410.6236437177236
-1736.9997024500508
-1726.4702573860327
-1499.4777293545571
-1607.7955216770576
-1395.87806649713
-1528.2944884973817
-1825.0760455014697
-1460.997231078572
-1419.207920579278
-1457.6844964032684
-1423.0624770561308
-1954.4086732601536
-1623.7279015335469
-1664.0977900223713
-1801.5688046143398
-1479.8135555011543
-1426.1316445131306
-1696.9534008621472
-1588.6945524043588
-1775.2988284296616
-1529.4322233845287
-1368.9996442228712
-1362.6045125103165
-1689.4651179546088
-1168.878330473454
-1659.7177364072556
-1649.6244288288858
-1683.0319657414175
-1464.949777430632
-1564.7957602531378
-1418.9250186337224
-1389.8668392391755
-1573.104331834534
-1293.6547216930967
-1583.9146380619675
-1286.2667136880652
-1390.4397317331977
-1579.8652948898232
-1659.8311594334182
-1475.3569089620896
-1522.3231122286563
-1435.4242279256214
-1478.167566704786
-1502.034691401649
-1380.2988349888026
-1276.8703565241244
-1636.4734751847323
-1581.5623828884436
-1266.2533511905444
-1420.2889629017645
-1240.2744514347748
-1257.036022263635
-1379.8042521922653
-1387.7607239337349
-1324.5269786049118
-1334.7413510163371
-1491.5570969951605
-1369.2775791492465
-1424.6465434397126
-1318.2329376528537
-1249.0636572772842
-1291.7354587200543
-1520.2833439655558
-1281.8060301389469
-1419.3633793896988
-1387.389435709511
-1399.0384078324812
-1339.3140653464716
-1497.385525216368
-1737.6074046984395
-1345.7067830939404
-1421.8573201897989
-1434.1478781986389
-1280.7918238304053
-1408.1995977033496
-1386.5018340949275
-1281.4856964976198
-1500.9529492923832
-1289.8083824515447
-1485.23553532962
-1274.536067157259
-1269.8940660039516
-1480.0463606100427
-1406.8211100738267
-1393.1846136714148
-1346.3939616631853
-1385.3886581364861
-1618.576612725958
-1244.0747916835435
-1352.8601189938684
-1296.03129910213
-1374.4489329536345
-1405.7915297564996
-1389.5036040038226
-1381.0486764897705
-1392.5459691099556
-1376.6984899538074
-1397.8332468194776
-1264.599869019351
-1452.0080868903656
-1218.686558516104
-1376.9801458931047
-1731.03040936851
-1325.902018190903
-1175.7060309550732
-1522.4329328084473
-1403.9628316779153
-1376.0056949385812
-1279.4892490403745
-1209.4955851709967
-1339.8977649111002
-1290.0804271960803
-1365.7056704858885
-1472.9188848351878
-1309.140601182481
-1547.9304815302671
-1277.3878350760453
-1402.4946834468626
-1439.069804917003
-1371.406158325408
-1366.0541720355723
-1164.1994623851856
-1578.8913267777334
-1226.609149948723
-1171.9457743685562
-1352.7825974765792
-1489.3612706227098
-1310.999249925877
-1423.5492198531138
-1361.1401105063073
-1372.9319119845256
-1411.4894890940045
-1181.3107583372196
-1222.383295546369
-1305.990369241476
-1239.3824558351232
-1450.3779573449574
-1239.5529843039003
-1414.865465052676
-1239.0419537895777
-1272.8318428506655
-1298.192962786906
-1190.7103712417702
-1325.7113097841504
-1305.5306494908264
-1303.0995665587295
-1507.0256674769284
-1313.5957537274426
-1286.4502853303902
-1388.1145696614478
-1245.3830381639975
-1358.311329274111
-1547.3088342480285
-1248.8244824194235
-1162.5677982529958
-1566.4512910529293
-1416.7270366466466
-1346.839183909079
-1175.872075627434
-1319.9537120333982
-1312.7665079186615
-1591.4398024071718
-1291.3763066624135
-1303.798126080138
-1266.4263945431596
-1284.2422311669006
-1430.111225222258
-1314.8220769191835
-1452.016561923443
-1564.4740902061503
-1286.5289808124398
-1290.203023815135
-1327.3785953977738
-1300.7310819529757
-1341.319357954424
-1244.4668671326228
-1333.5406944306815
-1360.8855756402318
-1267.9048701782858
-1624.809843792815
-1375.153541789361
-1347.7770729228548
-1305.7308843496428
-1241.2422317219932
-1299.88470369234
-1353.9872824124207
-1320.6921742642683
-1396.117499549253
-1327.2119611578373
-1306.7706507621351
-1519.029458613105
-1524.4549958436928
-1560.1729254037864
-1344.3415304472546
-1480.4539313670457
-1408.7699738639753
-1225.0805899703212
-1286.8121448690008
-1243.1299287802524
-1401.7570337550592
-1424.5011285140997
-1312.1841422507987
-1512.7407652880186
-1247.4652148154616
-1229.0485937269268
-1348.2373789071069
-1262.2116667419946
-1296.1542823769896
-1211.1152005682322
-1266.839432525815
-1344.7315790561654
-1252.0406499932765
-1244.3482234512676
-1227.670259674697
-1113.3082971214349
-1402.8826718643813
-1235.3871360381434
-1181.163185447406
-1231.1740477723401
-1337.914370099048
-1329.460273948699
-1216.3991139219108
-1281.3733403215865
-1330.1928843164476
-1279.7520265880362
-1319.9204845676413
-1411.5598527423863
-1597.6257902986783
-1428.3554636865174
-1289.3751230262362
-1344.7667082342646
-1557.8763805341623
-1110.1007650024856
-1361.9484725944096
-1211.7605295278715
-1322.4337757157077
-1179.5146415559414
-1270.00675937274
-1227.5022514657453
-1370.2492882964714
-1236.9969307044196
-1239.2954400357028
-1290.508039720612
-1287.1897098985153
-1335.4929225577048
-1430.4794247313755
-1493.0029782362624
-1202.4137381443722
-1110.6070800713374
-1168.285452425005
-1287.7331283034794
-1417.1950502913132
-1163.410027450407
-1431.6607945771318
-1262.847465609776
-1257.4359876866215
-1229.9096631748516
-1235.130378598921
-1367.705782982796
-1279.0964846761722
-1281.8290060185163
-1330.8256940174942
-1368.1260428445917
-1531.8813290102298
-1415.2776160656267
-1296.1967910215087
-1383.5638052234444
-1368.2355374586916
-1364.6406359724665
-1273.635956459856
-1359.0618845241263
-1336.4224467512659
-1180.9239770342645
-1176.2165589829312
-1448.2651531466024
-1329.1145051524327
-1275.2125585896335
-1278.6443118240643
-1325.9386890558362
-1246.4689623720767
-1351.5902600548477
-1176.3156036906255
-1509.0550694224476
-1327.2962716186132
-1300.9040725078007
-1450.0313685151264
-1217.4700818065046
-1342.33655648862
-1575.168031945707
-1398.203067896604
-1340.0304131146715
-1301.429444919463
-1327.052966004674
-1372.8814538865217
-1312.5977113826561
-1351.5967538423006
-1254.224674078602
-1302.6951090305947
-1229.188189545298
-1270.9602724345125
-1238.2445300345728
-1276.9079212071358
-1183.1673459623323
-1317.4843422925073
-1313.700383108924
-1282.0256163380936
-1526.9825803258213
-1225.5935861798278
-1322.4548420130232
-1387.0205035738447
-1417.0557274909163
-1252.8225751945447
-1509.8437586003265
-1373.7927886982093
-1277.1402500034987
-1402.0531659720777
-1251.256590114374
-1031.895771895136
-1296.248125615591
-1323.1081679891186
-1270.9201532921606
-1194.580209399979
-1340.1610088337532
-1482.2207108317016
-1377.7595138686816
-1144.915429526565
-1461.6619288764334
-1275.8080720463731
-1163.125195003114
-1126.8462216083453
-1417.1436111741823
-1408.6263674797206
-1236.896011832026
-1254.9740173050413
-1273.977584400731
-1498.9136432011271
-1348.8206523112722
-1272.1619397356271
-1304.9519983408484
-1201.608556548921
-1364.9565629036224
-1272.0815895804662
-1238.067539777426
-1438.1979582737627
-1301.4940650381895
-1369.2528094828
-1358.4724627236847
-1393.4008430124882
-1403.610383088179
-1253.8415930195624
-1272.7491686491528
-1236.3238101644988
-1404.9015682036922
-1428.775749123752
-1276.3164914417866
-1408.7793072313252
-1249.391953367367
-1284.1741379579862
-1182.6152685330107
-1179.0726323278489
-1347.648503129441
-1199.2370641125124
-1348.6995689069527
-1219.7379328977138
-1157.4919357938543
-1305.10686634772
-1242.852457564221
-1335.3840160614914
-1198.5094633795593
-1232.6133172353018
-1215.5658269340079
-1250.2077212760605
-1276.462331192547
-1337.678939067097
-1268.812174001583
-1139.783956880606
-1204.6103515125938
-1265.2715849655215
-1295.700304434503
-1308.2228452366767
-1422.9734797425199
-1272.7669209890598
-1209.4327025565262
-1201.048928812297
-1258.4239276866776
-1317.8521241455403
-1500.3726463254243
-1387.0946142701039
-1164.200421293346
-1305.3161789538926
-1297.8447262368156
-1297.3392966634926
-1298.5911269979142
-1320.901355412656
-1433.8251236932201
-1250.714361163385
-1359.6337112131625
-1219.4254805777116
-1340.9664795628482
-1303.7073016504073
-1308.0847695043385
-1335.0534120761263
-1177.4011647830116
-1320.6482924657685
-1242.8707878670562
-1669.9922765709482
-1186.1943516903273
-1167.2173781315248
-1245.9572527861346
-1281.0070474610538
-1264.9532148927847
-1378.0732578211428
-1423.7771430974542
-1295.131915901333
-1255.6080913323021
-1229.267688189021
-1262.0439857018973
-1220.5155356778032
-1266.9940531558802
-1350.6830672549934
-1296.4950602095143
-1184.4576451731223
-1364.9538232970926
-1097.6818874142323
-1188.4059221358818
-1379.3044873596778
-1333.9966417591377
-1593.1574826073652
-1327.1155357190983
-1337.4724698637428
-1379.2105452155047
-1341.1453023208367
-1179.2739055886452
-1520.9643632239877
-1348.084750606792
-1312.5468978095619
-1303.073179459695
-1353.4744896002544
-1302.3010507097458
-1144.092806718533
-1137.1280827084167
-1273.4176375651316
-1423.0167849463444
-1212.065808021262
-1339.4409171889301
-1235.2628532921137
-1284.1713743368684
-1296.171802181435
-1312.484683093413
-1306.2569033900747
-1166.2278070183863
-1408.7408967714316
-1414.6653823706954
-1397.3460227889793
-1245.6611612176891
-1219.449927572354
-1258.142437384
-1359.8963675668474
-1430.0354743163716
-1227.581003556326
-1474.4001458417367
-1235.318726491528
-1298.0519826265415
-1300.5585584757896
-1202.6964131132868
-1163.6071566045707
-1177.7937069163452
-1227.9251073446144
-1306.7768747962396
-1293.2871623983017
-1276.2220805784173
-1208.7325845718547
-1214.1893602842238
-1182.5251393053159
-1294.4982391679387
-1353.5228256127923
-1245.6591202914883
-1371.084725097684
-1238.0389356214687
-1221.9265383875543
-1277.7892187893451
-1250.6040648035166
-1312.505090785188
-1124.2355794163082
-1461.1476471172077
-1317.7528722302507
-1294.1499771595509
-1352.9897379374631
-1252.7127837950786
-1231.4783158515443
-1225.338103581268
-1033.1969105948644
-1223.6130811636917
-1249.3427215590584
-1414.0267069400586
-1237.5998281714142
-1243.465971032826
-1182.75541670925
-1436.353516215285
-1276.5115446569896
-1336.007878079793
-1274.2620013351036
-1400.490019005295
-1211.2765606396508
-1212.367516662562
-1195.6123808331226
-1265.0226651729783
-1279.611155710083
-1398.1715455969224
-1303.6322446983843
-1192.687335186715
-1279.7819442768596
-1243.885920351675
-1318.5242113509878
-1203.7408548793312
-1186.3320892384543
-1382.822500657455
-1295.792278508575
-1281.9143831157658
-1343.3252422898586
-1417.7722079206776
-1231.9252871831723
-1224.4698568985298
-1306.790876176453
-1233.1092211016178
-1183.3758427338123
-1260.0797961292155
-1314.9200081031447
-1201.6402651493108
-1293.461227088288
-1373.8385432807286
-1347.1521001987153
-1335.6895635125177
-1278.150011570134
-1245.1653018226543
-1138.0149875317127
-1127.3899136715324
-1358.1925523426141
-1421.1874535234656
-1277.8049791815877
-1403.7865641663573
-1191.3076845020603
-1288.212407350442
-1227.2306650291
-1279.5859388021518
-1190.637689512929
-1169.1878055212949
-1379.3662940248194
-1212.9928351044887
-1339.207744000919
-1160.3447010346829
-1223.348045807616
-1091.853931530155
-1327.3513681402653
-1242.2786634439453
-1387.9690357530367
-1399.4924562724527
-1359.1423358268191
-1188.3194726060592
-1281.9364007157556
-1275.5280566980202
-1336.17876843032
-1287.0517313418259
-1338.3793347825274
-1412.0638767710159
-1213.3208202313692
-1191.4487349001313
-1299.3701614893757
-1154.012807983274
-1227.580544084124
-1210.5228811267214
-1096.9449299840774
-1127.6717300537487
-1205.7237273872895
-1253.5345431862436
-1296.7836151101565
-1248.4038535055756
-1450.6129998924134
-1233.8310933705425
-1245.3411141677814
-1244.6091136121377
-1271.929642103418
-1279.4030167156616
-1253.6086608466462
-1078.8222273733984
-1239.5239858012128
-1209.087663584163
-1340.752317177475
-1301.7230507676466
-1306.601343153503
-1311.3975965573973
-1254.2145838646911
-1293.777768529113
-1245.047727044125
-1371.957976174901
-1225.9908603156716
-1210.9234364553006
-1214.6700398471214
-1357.4574049037778
-1233.227011320943
-1227.1183441725632
-1237.266837200992
-1209.7289879331936
-1264.4038889739136
-1324.3695282777733
-1339.446890834145
-1219.1467892389094
-1369.5632729554484
-1248.6972489837763
-1301.9355528680699
-1341.3722663580645
-1281.0043099635047
-1248.3915848297388
-1348.6814181968655
-1343.5666159584644
-1322.4495443456656
-1210.6585848026577
-1263.4508780741403
-1381.4892942086044
-1261.4183250151718
-1304.7714028294358
-1355.0763920941083
-1282.2838688804343
-1290.4254043020935
-1267.9632582074546
-1091.6210022016344
-1410.8359630137593
-1144.0264344340314
-1286.6063018425043
-1171.0895272882588
-1241.000446970874
-1168.0213475737141
-1391.2814643292686
-1213.2162650697726
-1176.1384046034564
-1410.1479064134571
-1115.0358976381808
-1500.818945437743
-1206.0817105091671
-1333.1720386293114
-1342.061853898147
-1137.3984905256018
-1379.4083635808593
-1064.7667490683393
-1132.6425024582727
-1396.7977597945592
-1259.3116191209954
-1204.9073599519027
-1363.3805989098082
-1165.8751011370184
-1292.5674693463034
-1364.3318858775874
-1249.6785781854035
-1104.2589539895412
-1422.800223540804
-1153.205863793564
-1302.0332433355823
-1197.0711088074406
-1222.000879909826
-1409.183360262149
-1313.304112991098
-1431.946323576025
-1323.7477417910363
-1324.7685663336738
-1233.3079942372813
-1271.1302416821907
-1225.159625440072
-1266.5708537656192
-1369.0139555855485
-1229.3039796770781
-1247.8779900455838
-1198.0468680059005
-1156.4431782715606
-1261.4390253931297
-1234.2726106214604
-1314.2281923051503
-1284.2589546906675
-1282.0298495701472
-1262.5950425263786
-1282.6020374261398
-1191.871522480695
-1167.5414901946683
-1349.213229303716
-1189.1503762603186
-1087.6209756265034
-1193.22565974176
-1310.6583108864124
-1244.7199709347185
-1235.4582443741958
-1148.1824301978318
-1183.3044215015732
-1328.1435852149204
-1112.146884374082
-1282.7286678231721
-1263.9854849229878
-1282.6467507285001
-1355.2996401447353
-1181.0894650610521
-1107.991403873885
-1299.2203764181822
-1272.4452679728677
-1190.3037505469797
-1250.9865367564648
-1386.2865162063872
-1189.000559512706
-1288.763858601248
-1272.7484124473003
-1363.4514750039007
-1275.469328930626
-1116.371246675118
-1329.558948062129
-1121.3394341490878
-1188.6183355194137
-1246.4666238391758
-1192.772397553475
-1494.4973793763122
-1282.307287845649
-1240.758030730669
-1227.753765531474
-1411.330431467236
-1474.054517874246
-1183.3144056754015
-1264.7463413724795
-1255.1010804680816
-1131.7302767772042
-1315.0553340750726
-1308.6605447367238
-1082.4590658134825
-1379.260205905582
-1305.51752624834
-1268.1344901372763
-1347.4970779386647
-1257.1528718460631
-1225.3723762708862
-1097.2775027687564
-1249.3203034414541
-1177.7493339716177
-1216.6998054989322
-1062.1279115432794
-1208.0111552829562
-1212.4460774818115
-1043.2756207457398
-1258.4535064049558
-1124.6756791247524
-1243.0410232803724
-1259.7661894514167
-1163.1540341010145
-1300.2601209890672
-1362.0964798586747
-1158.6792082055072
-1302.6132945196089
-1197.4444815064976
-1249.7001446213408
-1123.152072385548
-1434.860331051437
-1272.936529972415
-1314.5456076967007
-1128.547251564155
-1307.6184103038531
-1339.1226645401503
-1187.4198530106212
-1250.6565811983567
-1208.8552675404956
-1184.7989847545257
-1269.416298248792
-1186.700613287809
-1349.8676583934039
-1324.8828948166547
-1269.2334033107927
-1271.063211639252
-1201.4440723462574
-1201.1575336180094
-1340.2964521737945
-1197.9276746414905
-1279.9381276299023
-1250.9584261920265
-1243.945428439944
-1425.5603522468118
-1348.908512450167
-1273.0203096093528
-1276.8655661626317
-1183.0712516315912
-1171.8236809562752
-1280.9811992819086
-1235.6777087023254
-1180.3547321564276
-1261.7468338234696
-1354.2311101687797
-1228.2251054124233
-1246.0883396233394
-1118.6084608208637
-1294.7231098513596
-1202.6423937899096
-1088.4275534403198
-1221.3390846487684
-1254.6491716269936
-1348.8085141496822
-1241.0890384963177
-1519.5641622111252
-1246.4173917538128
-1298.3982261837025
-1305.949886907258
-1236.011005684946
-1253.4204222465964
-1114.3587169056277
-1151.654278429743
-1324.588491899247
-1222.7287654068612
-1209.271298558439
-1230.9930692420185
-1130.403304691234
-1273.4105939676433
-1182.3717326412116
-1189.673360245209
-1317.3428117996089
-1186.1057701114476
-1207.417847151859
-1253.1499733288017
-1268.6717677243648
-1177.7159812043403
-1216.7219354280926
-1134.9361168761236
-1204.1015738567241
-1174.9666638995643
-1192.341042020245
-1235.539176176996
-1328.6278495703725
-1130.7323524740816
-1250.3634863816433
-1237.7908423368167
-1257.0323058584777
-1228.3010453081872
-1189.0539857449307
-1427.8787070757844
-1263.295898282916
-1273.5230710870674
-1271.1871351542966
-1225.9542322567493
-1316.061613428892
-1148.6112464289445
-1181.9244920508734
-1110.752235584945
-1106.0562786789776
-1114.6454457123361
-1210.9461008493915
-1142.4733178916247
-1291.6465102346829
-1279.1466475012094
-1345.1538941861725
-1246.3382078908055
-1099.8523513503903
-1175.636094363649
-1223.8303785878245
-1317.6719352838593
-1282.7368913937403
-1282.5594713567236
-1259.46738030568
-1313.6281264002214
-1328.5866495169837
-1182.1310741677428
-1358.5026253532706
-1247.3169331338397
-1346.9601843233802
-1114.4896172449219
-1137.907031681004
-1182.0164525371035
-1081.3923807150866
-1217.5100023589562
-1156.0640461994349
-1195.3333646208682
-1169.7374649109092
-1232.334362673167
-1292.970817345069
-1301.3124911411974
-1323.58252717842
-1422.4469525110535
-1142.5328107524454
-1380.5547009622358
-1275.344634395844
-1195.920235079176
-1366.1734579655965
-1415.005895475012
-1246.067862947092
-1115.1901177501284
-1310.319806239042
-1508.3042428532422
-1077.716971309019
-1179.0218766741011
-1166.3193380271346
-1218.4543848835253
-1358.495356789127
-1186.9347369225125
-1194.3679502789755
-1290.5210615579147
-1195.0028295584837
-1166.3578885153988
-1212.0820262237012
-1271.3056620047682
-1320.3009669709209
-1453.8767921557167
-1344.4729280248794
-1114.6957610488193
-1081.7410044615576
-1329.0615581319241
-1195.62943144803
-1129.3165336915283
-1158.0152394764445
-1289.968874963269
-1222.623416636089
-1347.5510399065938
-1385.4988683287072
-1287.1813421205088
-1246.4966813403666
-1279.6830082254014
-1114.6476712007939
-1286.2705652324987
-1290.1188393271186
-1193.9764223639306
-1230.947002977231
-1392.024347859325
-1238.7532855875252
-1332.675853838774
-1056.255277728257
-1123.5291378354118
-1144.858687605227
-1145.6171674055024
-1199.361414351034
-1260.7808675901317
-1113.7093583143967
-1286.994803813244
-1140.3639638932816
-1188.5940384308024
-1110.1532395575061
-1063.4314849219747
-1167.63450666153
-1193.7106562865245
-1265.1015449842876
-1247.7245930193153
-1236.1745017307117
-1222.8907104026473
-1097.5399145779306
-1191.3919478052874
-1287.4037335497171
-1177.0476183151509
-1199.2430357365881
-1225.9191236832905
-1413.626525226419
-1232.5196198546985
-1164.1683359464168
-1180.4481527422347
-1232.125041082693
-1280.9482232709315
-1007.5670886479479
-1345.5744017744198
-1361.849540106145
-1235.1362370546885
-1193.3011947193318
-1190.8035679513334
-1178.1936459853239
-1160.2270337676875
-1290.3194923135898
-1273.2025756826556
-1333.960746769444
-1211.412037996302
-1219.593218331146
-1366.1457048565662
-1059.7944528965736
-1176.657634765641
-1271.8439170611064
-1165.1356729910467
-1097.8193999776265
-1256.2554750597892
-1190.179428077325
-1204.39972770687
-1329.7102382375267
-1236.58255862821
-1173.9567557862304
-1381.3407098721918
-1308.1402033265122
-1103.354240089883
-1382.0217588376604
-1309.8195604385971
-1202.8196771407793
-1277.6211271137606
-1249.4917063651512
-1355.7434865984337
-1169.159377348368
-1295.8764726064717
-1279.3034475583615
-1317.480109196896
-1247.106664364036
-1158.6606765738545
-1101.8215812693861
-1134.9951285022541
-1160.2819018009957
-1024.9653337855568
-1194.2288322143318
-1174.261266906748
-1304.4352092397576
-1312.0384848874658
-1218.2767215745312
-1176.2095687812164
-1169.825018166478
-1147.049621627797
-1190.6891529811205
-1360.6578277159788
-1322.2838863405377
-1061.9525744834843
-1099.3643536382706
-1258.7601545894286
-1199.3610371656976
-1264.0481366696163
-1260.3936064824666
-1043.0916067236838
-1246.5332358365386
-1213.5781004674566
-1279.4718126345608
-1198.0930342856054
-1173.068014530672
-1162.8825268300386
-1198.7488539106103
-1261.2207306321977
-1288.675808148298
-1244.5290644452666
-1111.042835646276
-1277.9047309705184
-1351.8893291338698
-1247.3223088122709
-1139.6047896612727
-1254.0708223582908
-1340.4961112425306
-1217.8815818934468
-1177.7267863531877
-1188.1531534771757
-1255.1624164685197
-1411.140055828323
-1188.4857488031746
-1141.1148631740343
-1178.2782426169358
-1314.3081835596079
-1213.0834753829665
-1293.2109476718845
-1282.9770257640737
-1179.5851054457098
-1193.4784227647076
-1203.7662725062041
-1155.817371970237
-1266.076619713233
-1207.6657512624179
-1263.2025842732912
-1308.0680025077606
-1214.4872459764756
-1142.1471151327924
-1228.9202472588768
-1236.7907679192256
-1245.0395550497028
-1157.8713122861545
-1191.72311153653
-1191.8291877819659
-1210.6504873589747
-1264.9995361934477
-1348.752616579496
-1330.4788392044227
-1249.6151131636593
-1271.7693209748488
-1127.12413960779
-1222.7315172609751
-1267.1902165889487
-1299.002328527319
-1422.8538455201137
-1314.2254872891274
-1238.329464357247
-1220.430904809477
-1156.0008481968507
-1168.0722046809644
-1120.766744813326
-1136.9848644551805
-1274.032964616497
-1162.3034367934986
-1369.2937860207094
-1297.9332248407798
-1168.0318194238077
-1142.9509411640342
-1206.355534255899
-1258.1251412800273
-1084.4245416291162
-1292.095138359275
-1292.6740416371895
-1316.770835485674
-1301.5914715207123
-1116.2503935955954
-1323.1058727148356
-1169.0665048743454
-1224.686557542412
-1135.8932638948052
-1147.023951973807
-1124.2013112834263
-1257.8853349839692
-1211.0206579306123
-1215.084124762067
-1217.5541547899188
-1179.087139249329
-1067.8461929895702
-1248.072830354952
-1318.7001208112824
-1460.1407443543064
-1160.1746521946252
-1206.7601438459092
-1356.7660442762972
-1285.685136479918
-1244.1398326110518
-1076.8768452008203
-1316.7103616780553
-1300.9684909907223
-1285.0737634071938
-1145.0033366970167
-1391.4905529310383
-1194.3531122620323
-1249.7985978604993
-1336.7828112521377
-1294.92099541865
-1294.5656332324722
-1001.5578419802405
-1194.86262172206
-1202.8515188814754
-1239.979222089807
-1306.386013440051
-1147.044997390635
-1490.479351763666
-1232.6608459937152
-1299.1178083093037
-1342.0979394171247
-1142.055534582872
-1440.821631818023
-1324.224006970741
-1247.448273035707
-1261.7673928017366
-1343.046931955743
-1283.1710940469775
-1361.0636203539354
-1172.8253122609829
-1258.9295876181675
-1433.2457110075636
-1287.2364852690544
-1307.1356095563478
-1176.845407330971
-1171.894182944371
-1175.0723002843786
-1253.300461502713
-1239.6711703398523
-1232.3570004781295
-1165.3120620658462
-1131.9212525463029
-1264.167710425171
-1203.1294345086767
-1142.5439411738432
-1119.2391265378087
-1274.5809085661572
-1258.8110751773654
-1146.4754497309286
-1182.038283764684
-1234.603780983906
-1390.4032695359201
-1331.2390251699553
-1236.5182360884621
-1135.252384397052
-1347.8419161404784
-1396.5476503373754
-1303.0050812162708
-1254.6800757425756
-1185.0566553984565
-1172.447919718563
-1280.4404674492225
-1219.430428549712
-1233.1873652241675
-1159.4246384705373
-1147.9219037108467
-1147.7162141918468
-1292.3024231826723
-1245.1752894858425
-1247.7258581013027
-1315.3924972214038
-1289.4432082774608
-1436.6133874439656
-1341.417256331692
-1130.360610015974
-1176.7807506346464
-1126.9788762857406
-1322.4722127803093
-1152.8054040396207
-1324.2571274563861
-1217.125115935585
-1312.6054872008108
-1214.2541035016259
-1121.061333097955
-1286.497986502256
-1283.6861074412282
-1319.2702585027482
-1186.7875991691492
-1262.7629921747582
-1165.78875103654
-1347.923719683024
-1298.4127426752939
-1303.893796542468
-1175.7107278021101
-1298.949072797634
-1232.6789835323052
-1209.98163254203
-1504.7123388380392
-1188.0314298141411
-1166.2929772787138
-1070.299770826469
-1248.920766887043
-1351.4248937161533
-1282.5141067474724
-1243.753885343463
-1208.365140796875
-1261.0190770581028
-1352.4594257594727
-1270.1318774589886
-1114.3337087677735
-1255.8238696756327
-1246.4615277643516
-1283.7867141292775
-1377.2219079626684
-1170.7758404948288
-1252.1963835233548
-1125.0731111441305
-1214.2889363397962
-1200.4119471706294
-1187.526163579653
-1149.1692836864827
-1152.5504874382632
-1223.1506601979181
-1220.1970529219377
-1185.995136643506
-1168.1700788001779
-1124.501788240435
-1154.333298351801
-1113.9371831938668
-1178.4753947626082
-1171.5191662258849
-1215.6493009211426
-1258.2429952845055
-1165.7039553735892
-1136.165660074986
-1120.2860385038664
-1399.294213384882
-1432.6833337866324
-1211.0230065694113
-1271.4356426956665
-1321.358804395203
-1146.6957382747669
-1273.4691584712066
-1169.9432302079638
-1165.3597331732988
-1243.0226415054742
-1308.254637555446
-1382.0873729395944
-1195.9783288339993
-1250.4060736819158
-1146.9758807700462
-1126.109506984716
-1213.3197977337704
-1207.4268178286
-1246.8292999930122
-1233.6108402218067
-1260.337994962264
-1307.9294425898713
-1091.531773557992
-1349.096905841659
-1122.0080555600427
-1158.6200199119141
-1328.3418719788247
-1266.5087743403144
-1153.6626342548047
-1290.8140991062446
-1366.860931228367
-1299.7933411855613
-1201.2647872747468
-1245.3431555482712
-1341.0568364429105
-1153.4537601288896
-1184.8565443484704
-1284.9265552445077
-1270.3284832367801
-1197.650109829049
-1375.0893682055012
-1183.2174773272277
-1104.0845256860605
-1255.1741002312676
-1177.7905398902271
-1178.5711627042099
-1391.4316489691264
-1067.4105265428573
-1099.775161614582
-1293.0569971697341
-1365.3837948812763
-1194.060822876823
-1229.5471591685591
-1203.6912148347544
-1105.9902454286496
-1181.8253862578845
-1300.7506075817485
-1206.3226851725308
-1216.9283568456608
-1242.6188577094179
-1302.50456923586
-1175.6497478851732
-1211.1399203737953
-1206.2923078634553
-1202.3740780249357
-1215.1892999491467
-1113.6971745999447
-1110.5506507929188
-1267.642405172698
-1163.0983680458232
-1326.1381990765212
-1199.8656631264641
-1152.4348256454257
-1229.2356200908175
-1306.1911952875262
-1130.1349800500755
-1377.2340342603802
-1228.2568539582169
-1133.8664942380462
-1153.6029484166631
-1330.8831478440318
-1285.912010578489
-1219.0430503871955
-1199.2397745881997
-1189.5511149658778
-1398.421354576529
-1294.918300110052
-1136.9258885620102
-1266.7169363553132
-1146.4257093010708
-1254.2422056716612
-1237.5745231079386
-1215.2174965725753
-1345.5377641091536
-1312.5382652235658
-1272.5648103712556
-1218.3646597465913
-1112.022939601856
-1218.515752681039
-1318.893039419012
-1275.3750461097152
-1335.5881691300633
-1207.2661401787655
-1206.3628283830512
-1401.9391971838184
-1055.882921348459
-1052.3859528158125
-1384.8511380154268
-1187.8302908663793
-1290.1550500108597
-1259.839493723645
-1321.0506400958561
-1289.086464048698
-1235.292636496177
-1251.3363605178113
-1137.890491443074
-1474.5600060511638
-1335.6389411782282
-1135.0751444832704
-1172.862159333822
-1177.361803344168
-1372.860258607899
-1232.3642958366336
-1216.0922438286766
-1187.1404950198837
-1351.5958879122727
-1229.1042826549415
-1255.864274466052
-1229.7232509133553
-1146.6791205212164
-1314.3075413519514
-1285.1241311506437
-1135.7935867149752
-1264.3125631620887
-1256.6988654469033
-1267.5722230560982
-1220.6978291528746
-1186.5848530885162
-1214.568187330198
-1136.3266452510031
-1173.295329666384
-1188.1114191702961
-1323.262037654251
-1260.8316813529152
-1320.6076198739029
-1246.0720567989702
-1317.3435814079612
-1169.760937833566
-1153.1817831403205
-1272.0250980349406
-1295.5365463659211
-1164.733010138526
-1168.11024183942
-1207.8462092820982
-1362.6555420708273
-1249.3877903326584
-1160.5288586283043
-1107.9311988494999
-1214.7611324876593
-1210.3223745535536
-1259.9523612463863
-1224.0432067482493
-1294.541393741728
-1376.603840160701
-1140.8186775018644
-1215.548792241578
-1390.2998389364786
-1389.6136799869007
-1287.4620871583027
-1116.743354890041
-1124.8319181607947
-1258.1636665649478
-1158.4043201739512
-1386.385426968635
-1268.3276018468669
-1271.0243373692053
-1305.4108466287507
-1038.0271506428448
-1225.868653090899
-1237.7163257436948
-1277.5967388273211
-1257.8983111800849
-1196.944284394309
-1367.7489268861596
-1256.9630516987538
-1224.6690725662927
-1220.9766348529438
-1219.7070312136752
-1277.5146066103266
-1198.076813759297
-1212.0907539472655
-1253.1559106497778
-1382.9313393744885
-1207.6944740896006
-1123.028657086657
-1248.559056356631
-1279.7296742354533
-1279.5405788956527
-1205.6405763472837
-1379.7600610861755
-1152.8910956924183
-1352.8514516961204
-1359.0274504111808
-1338.711848062117
-1315.0602366353223
-1265.7927086983104
-1191.913848699307
-1371.7804381064623
-1139.8679419551365
-1121.7045781069742
-1306.410754917298
-1345.3161104939497
-1339.931036002515
-1350.7898285048582
-1129.905186603336
-1283.7810152093407
-1260.4102298317011
-1180.2912946972217
-1195.383001356327
-1315.3798850730218
-1160.3040423420293
-1164.6474975164358
-1272.2190657346553
-1174.426611781086
-1366.37685647898
-1286.9652433200347
-1228.6597188927892
-1081.5176927201032
-1216.3535430404447
-1240.3472439804455
-1115.855639396811
-1155.355610544411
-1206.8620104759289
-1139.855557748572
-1222.5949485588885
-1023.7142957774649
-1205.227445074993
-1208.9312221873604
-1266.2761016220998
-1392.2059817377158
-1243.5402379537738
-1220.0493985776518
-1198.2272268465942
-1284.856602659589
-1100.0616393201713
-1095.3030623076208
-1193.7112626195628
-1184.9300814993871
-1128.690811828314
-1174.0914108267668
-1363.0376212619913
-1172.18481710865
-1321.7257950916712
-1158.164341518065
-1266.9842157726735
-1320.8260239658089
-1210.1388060244578
-1154.8580627076713
-1217.4525542735105
-1225.5750410007183
-1154.9568047868838
-1210.523488411391
-1135.2550268704229
-1241.9644817555422
-1200.1279760926789
-1140.8532510629846
-1249.7056409888655
-1161.7946432195797
-1447.5663416826326
-1047.318329648245
-1190.0796361468658
-1167.408739755102
-1099.6768561925667
-1291.4527625841909
-1336.5391101814184
-1225.4231774838381
-1103.2800034790287
-1215.876189905307
-1311.878631679391
-1286.0025827005384
-1079.5370513697078
-1159.1265044941526
-1287.4305417015212
-1296.7078843416102
-1172.3917340397759
-1297.5304849746535
-1276.8316720881905
-1282.8859188235494
-1074.7197364365047
-1183.1226343446453
-1195.5858096404609
-1292.0156659003842
-1200.0727429032372
-1241.8424351414576
-1274.023865930664
-1180.5566273105635
-1208.5605312454459
-1178.4838820330024
-1032.5507983061498
-1247.4913470253553
-1233.9416007674856
-1234.5701466739524
-1233.8283907902223
-1200.8690981880827
-1265.8577489714328
-1202.758347174745
-1205.9328281860114
-1324.3210371903926
-1312.9965572993513
-1215.5633068968898
-1280.948608478586
-1119.9409438915864
-1206.2556035297632
-1289.8744636871413
-1117.611631595904
-1251.4165804054574
-1124.1548246255145
-1213.095395097774
-1275.0720120969484
-1114.7434398915136
-1123.7905279954923
-1173.364644958721
-1270.039566523461
-1288.9900626939443
-1093.4310604222885
-1235.4360249484662
-1285.2659404766307
-1210.6702764241666
-1269.8487753951995
-1241.2131951097804
-1244.616481509258
-1148.2523334129178
-1283.0561690869765
-1254.955580902109
-1238.8752369967406
-1255.5584693738756
-1123.4782512757247
-1331.0496356131978
-1214.502854250735
-1204.4039289230086
-1154.2708358112104
-1065.809300875243
-1325.3944815097598
-1171.1727552701004
-1301.4074001155363
-1290.5436381378422
-1198.0224419440763
-1279.977344998304
-1238.6253385850696
-1169.540998468436
-1170.864735301005
-1349.144524209476
-1211.006514600551
-1190.515999365376
-1157.0092435955717
-1280.0825372887753
-1348.8024854668583
-1144.7788620935455
-1101.5390201160817
-1193.1404351126573
-1192.8461481638155
-1142.5252263943976
-1133.775127994013
-1117.1786058781302
-1334.762479556103
-1336.4927723689873
-1293.0893515822206
-1360.0625265038107
-1328.815587770016
-1074.9186544354766
-1108.0200152501839
-1128.1093045614123
-1195.6531687875677
-1158.0367796863245
-1259.5208584317106
-1333.5678189870764
-1438.1712556968714
-1385.4047867377483
-1203.2178715096152
-1303.99885473427
-1297.5459452744053
-1161.6407911799568
-1310.7590747659779
-1266.3119149928368
-1288.1729981291771
-1313.616202568252
-1264.6314443870292
-1315.2079970620562
-1210.248714930298
-1053.3577391515335
-1256.177779398214
-1155.219844512442
-1190.4598388589263
-1241.3037362643117
-1284.77762155042
-1259.5862166151371
-1438.3586618501122
-1264.1875371248461
-1169.080730207827
-1137.4410781562938
-1275.2569841878246
-1206.712781611678
-1221.1162790257974
-1202.9646266289844
-1286.5902910033774
-1155.5007376838955
-1257.3173062732794
-1225.8284173494908
-1177.6721045436068
-1354.905464343119
-1194.6681596114759
-1260.5737809096127
-1382.451231336241
-1187.6355497950847
-1361.425624893247
-1220.78716876213
-1268.8389921747182
-1190.204319216389
-1242.4471910540071
-1286.915712054105
-1211.8476601384755
-1413.3691452724217
-1343.1194748424546
-1159.737426590395
-1209.1609121903784
-1232.441130066162
-1275.919347798125
-1095.5369813269915
-1298.909125453764
-1314.6599177732724
-1308.7632740230783
-1191.9299551021265
-1150.918819595485
-1203.704451411897
-1147.750760286677
-1410.1752856761814
-1117.5147278082643
-1149.5610134208134
-1213.567248042934
-1243.800648320681
-1271.8173051543456
-1142.1293497571496
-1305.3611825565993
-1234.8409661453359
-1234.8003866551828
-1258.2321260376211
-1247.172796899994
-1268.4708270709693
-1213.7281652206602
-1192.0926348475773
-1338.783592018222
-1221.6365234390237
-1233.4392894462635
-1247.8661600287942
-1259.935701180426
-1264.1209587812991
-1240.0277169951933
-1303.2662713415702
-1167.9742145798832
-1212.6821853701133
-1402.6168317563693
-1032.8191555865396
-1224.9934476093492
-1279.1454522554995
-1276.796692636187
-1235.3868197956417
-1202.2242650860853
-1096.1007567951526
-1103.3478598349739
-1534.891131537604
-1205.1835129115925
-1268.887014747076
-1114.6689142320035
-1280.2687239450372
-1193.3530303454525
-1232.8019901575174
-1047.1836912554386
-1295.146858546874
-1373.5609711941784
-1216.2767945516814
-1378.848090567105
-1211.2544481491468
-1172.9784284693014
-1219.29909879877
-1200.0233781138284
-1174.061622635689
-1192.9073765348578
-1186.6515796443928
-1342.662880228028
-1201.8979686726418
-1179.8586639930606
-1315.5325380488948
-1112.036804036829
-1288.9740757299203
-1279.6713234373747
-1393.1643859571134
-1231.519551801529
-1208.6427610001658
-1191.695536002384
-1235.7124581393953
-1149.046490048481
-1327.962730368221
-1324.4762707167092
-1117.5363637019102
-1234.0374614520379
-1181.2402678255219
-1273.4179927532937
-1236.5497206463288
-1363.53348574063
-1245.6017785191152
-1199.8883749354334
-1283.9491501797859
-1253.8083271124788
-1383.5438245859611
-1125.6653419765396
-1235.7175473131215
-1141.8911034570037
-1178.8340422286296
-1160.6333546158476
-1222.7966218861036
-1177.1257638030525
-1200.245332508446
-1169.8131447220144
-1132.382904366218
-1183.9049439794794
-1288.2532202563777
-1277.6585070274587
-1195.5567930812715
-1265.7758534643026
-1267.5659688670287
-1127.3751846819607
-1210.6756027160122
-1288.685390066717
-1228.8057335405747
-1331.4789825361622
-1286.902990167151
-1240.9677624320811
-1350.0477095709111
-1285.8519429060216
-1259.9066143398472
-1146.2955761252367
-1283.1161096087567
-1171.3475985839636
-1240.9365984824312
-1236.559664847512
-1307.7257160126255
-1320.407173424518
-1154.8938958499527
-1246.9906430954888
-1074.3388654783384
-1113.5262281903165
-1304.7124025755838
-1154.9531640037108
-1283.3595779354782
-1173.8543591797295
-1311.077401770469
-1132.7852202688127
-1116.6496848379138
-1236.490521459553
-1288.983802995981
-1246.3845722070637
-1330.8654831073238
-1271.2895723408096
-1241.7094763993284
-1281.4181620805555
-1243.3155858961918
-1379.3803678630975
-1129.8197227490189
-1190.4963633926443
-1165.116442907159
-1253.6089759627366
-1221.5727095672526
-1157.1905891144397
-1281.301441036127
-1213.4256794170192
-1239.2872360551416
-1227.1802710134311
-1183.555761674092
-1143.7951979101686
-1255.3430300994917
-1103.633501026807
-1178.2047900863638
-1236.1359282813771
-1189.9467454144956
-1348.2898042066593
-1274.5282810063388
-1368.6208029041675
-1163.9147758351044
-1231.9890189178343
-1269.4115784854816
-1313.8986901589612
-1158.8968965554197
-1228.6595097781853
-1234.3819692640382
-1200.695338055975
-1187.150541948208
-1178.3065726754162
-1272.4920694049372
-1302.5180556095038
-1226.7768616402416
-1242.4111125456698
-1157.4664772418907
-1365.689124151142
-1388.5926675391354
-1161.2244239462038
-1150.4164158357228
-1278.8057323727996
-1168.5371575629047
-1203.7259942985027
-1126.9422991784804
-1444.4038480324443
-1366.7429937529294
-1352.9502874817933
-1207.5046890754334
-1124.3165283830674
-1209.7409765273558
-1215.708383382831
-1262.614646625739
-1183.2289020491153
-1126.3827864642476
-1268.066623249838
-1301.8647810838359
-1218.631577694215
-1177.6421370509242
-1107.3689881658363
-1327.9524470008491
-1308.5803623884703
-1212.755762751756
-1378.4080231997805
-1219.3385057304506
-1223.534919454101
-1214.5826849500495
-1163.791639428766
-1151.5978380349784
-1204.844147619197
-1242.2545410694765
-1319.8625893994933
-1131.06654575007
-1309.2781493742968
-1389.6619864894838
-1365.015425845062
-1237.7564290971618
-1268.426671978541
-1327.6900886087908
-1108.8247800098611
-1057.4184737185524
-1297.6852890278928
-1112.2499203774755
-1152.7078843095132
-1142.8011572067069
-1307.5159923112624
-1125.0440031851301
-1212.6944791110718
-1279.1698971377184
-1401.0597360499153
-1161.2480351587135
-1283.814835287157
-1169.4959101056766
-1111.9919780934079
-1308.9696756326039
-1225.7804496132992
-1280.9724154927324
-1193.8837873261361
-1173.5466680516458
-1225.2999443074903
-1238.888730579554
-1092.6758700683702
-1269.572073990179
-1248.605646474356
-1251.0587818645834
-1288.7037312129717
-1246.3235008898205
-1182.645616568042
-1245.1660297128385
-1233.467138092727
-1269.5305755099344
-1204.7365945536064
-1245.4843887346985
-1270.2918869795749
-1182.1471410934466
-1292.0878349757436
-1382.205754398645
-1175.5222035123238
-1215.7315229702378
-1255.0777263825873
-1233.0545261376976
-1193.7011544559377
-1083.5790159645583
-1279.270112705698
-1235.7366537192117
-1313.359356831901
-1233.38062140583
-1455.4761355312494
-1385.7374337666859
-1082.2120665437258
-1276.4698571655126
-1288.9561650510996
-1303.7803377923956
-1197.7073262632034
-1297.5970246844963
-1256.3170283491727
-1233.5051930667541
-1102.1846246912999
-1262.6000200195085
-1246.0876031920507
-1122.1089502541765
-1212.3413391684096

