-2710.062897555719
-2381.9144723128647
-2584.1846410456114
-2797.494572191441
-2214.497829687973
-2424.0315574309257
-2140.540089828687
-3027.1775664852184
-1610.9104522562648
-3624.586216739486
-3900.834593579842
-1844.8441369014024
-1835.6902331949318
-1518.2908614545502
-1361.0549291959508
-1293.3752106377212
-1482.1788662140364
-1531.926137784367
-1399.8542772741384
-1261.895560308628
-1413.364191933271
-1436.041269053888
-1556.1169598725505
-1428.9523689770422
-1619.8062277799424
-1653.8713996697234
-1526.651323873538
-1392.4931249635254
-1506.1036978865357
-1148.7958633413057
-1169.036209580276
-1399.7968696841724
-1320.7372056223307
-1261.7879643326737
-1292.7269527542066
-1196.9278714535583
-1166.0458439325664
-1105.931486543245
-1700.9350777352386
-1278.0983924576308
-1295.91271044875
-1186.6350390107839
-1178.1993837472646
-1322.2907575533907
-1240.3621915575225
-1285.45939175186
-1525.9409332043945
-1168.0329276760383
-1357.439324752717
-1259.284880080664
-1105.7503714855288
-1368.1894437086262
-1303.0102878518123
-1195.4356371375893
-1059.4350807100705
-1237.3066797083752
-1137.055108062467
-1193.385637698142
-1274.8068039397058
-1268.7460661142761
-1367.6356708810074
-1166.8164583870778
-977.1057228995619
-1230.9514707724188
-1121.3411515148016
-1226.8247479398651
-1239.0786780674935
-1153.0633402708631
-940.2886751658245
-1133.562526499664
-1040.2991263635693
-1207.3241491951958
-1257.1592356218755
-1102.2575441110848
-1051.9015642212996
-1077.683491978312
-1128.7137466766678
-1102.4225560623845
-1336.3265975261536
-1169.101510973818
-1121.0462328441618
-1094.4894835353075
-1112.7903186331378
-1197.8709756552275
-1188.7078442951345
-1174.366537505113
-1015.3715482767202
-1135.6490812192276
-1101.2819751449913
-1105.4656779919353
-1220.3391186186748
-1050.4379519305853
-1175.9655660525636
-1109.9607464787885
-1012.6307263023693
-1057.0892592549985
-1061.7549918656684
-996.9532083181579
-1061.6526942351734
-1054.323414915353
-1036.018294153345
-1104.3439939900647
-1089.5093857767945
-1261.5027129335488
-1047.7260533760243
-993.194860421346
-1025.0434806916467
-1041.3547977105075
-1234.73490529525
-1091.0885940154567
-1031.1985120375048
-1019.1372527918692
-1048.9637604821005
-1105.299889434569
-1068.2645918214155
-1231.5971039696453
-1038.900752879417
-1168.9178428026144
-1189.030554656249
-1155.3879443857177
-1077.3065790466253
-1181.486115107783
-1187.9994842408369
-1338.9539873419474
-1146.3540019758357
-1085.0982135019751
-1030.6175439569943
-1035.3339704864698
-1149.635783963919
-1113.1244188305373
-1016.1992463526104
-1083.036300357676
-1172.201138362382
-1030.0851350524542
-891.8043129643072
-991.888063297032
-1190.4020961730525
-1110.1195660033386
-1040.4752776041466
-1206.5643617533642
-1038.0974929209242
-1041.1079157048848
-1175.5452499468936
-1133.9473460344204
-1021.819215221256
-1174.0997000856319
-1114.4742660142972
-1160.0306550529624
-1312.5281426329439
-1073.0373725939185
-1028.9816907928869
-1030.3370704083288
-1228.0649277163354
-1068.987335442405
-1034.8000820821214
-1095.5966710548055
-1102.0655746991783
-1121.650805638457
-1039.9696243277324
-1121.830827658976
-1236.786372445155
-1350.402166910447
-1063.4068973983044
-1017.4662238020333
-1104.171213652641
-1023.9879040505042
-1231.6318552438975
-929.0538681154428
-1300.9403648457148
-985.1043415387294
-989.8287691182036
-979.4154536957777
-1012.3109360357017
-1082.701210138909
-1117.7980722438697
-1072.0382112965883
-1071.9128073792524
-1147.8081871864965
-1039.9727562977682
-1095.1063945813034
-1071.4459115299446
-1215.659007507975
-1152.0596671154226
-957.3843162987098
-1088.4984126257302
-1102.7063962869327
-1007.5866816591737
-1111.9875850606095
-895.276657341475
-1086.4258984186592
-1021.3701007795103
-1034.3869933486565
-1073.0226643783997
-1095.5800758925122
-914.3174830066365
-1120.3904633635773
-1014.7723907601082
-965.8052213574372
-1224.2240598950289
-1093.484843599936
-1029.7169173412979
-1151.8822962692568
-1062.612907696734
-1019.5815559421819
-1032.9940523719602
-1103.226241028329
-960.384822907165
-1188.6792199081535
-945.0063969695927
-1005.6066910331971
-1113.6617239942038
-1058.2865720565378
-1152.1369138172208
-1075.0999025050082
-990.0485619936445
-1103.6124446802128
-1057.0559602679464
-1065.8834040104146
-1002.2127209313489
-1100.6092345354573
-1115.102664395575
-1132.1457864308104
-1121.535486261434
-943.2566066900516
-1066.1789322977547
-1145.7253573140872
-1070.993618237568
-1124.4145596208512
-970.4079801957575
-1038.429094126211
-939.6734876324672
-1016.4534005534337
-1050.5378569086847
-1123.900589155614
-1115.1347077055884
-1079.3738366525467
-1247.1600381588523
-1182.435135868501
-1187.478163089678
-1144.971179872192
-1089.396396371985
-1156.5955980920128
-1004.7315823078812
-1008.6476592291393
-1019.3790729967933
-978.9506346891106
-1105.327386306257
-1057.1246210729048
-1171.6879207125971
-1074.6182067947088
-946.8627706796816
-1057.673116946413
-1038.6863731939984
-1065.5726490616216
-946.8365734630029
-940.6710151898826
-1239.3173135825539
-1084.4974026726793
-1162.5538427611982
-1036.2174320765032
-1018.7589556816447
-1182.3559404558284
-1020.2189763295382
-1011.228638296647
-1017.8384174444648
-995.1406179296755
-1081.3652516537527
-1091.611769079638
-1070.4666184599246
-1057.0078083110795
-991.2622217718725
-1089.3093149548506
-992.0410799822539
-1133.899923004719
-1287.9458765843258
-1144.2108917663754
-1090.4182920727721
-1148.122516326078
-1019.4037073641147
-1080.4683749411806
-979.076376999281
-1194.998095127086
-1173.343957665038
-1146.1547123638404
-1089.94335971413
-1039.8644283747626
-1109.4942572095363
-1075.2511707241867
-1045.5552832748845
-1047.5623030995434
-979.8083628534465
-1123.869138483335
-977.0170867511082
-939.1939242572493
-956.8692925471705
-1030.1483575060427
-928.2727424708571
-1089.4123704550611
-1048.4023827277842
-1001.9882961210164
-911.4672712399433
-1018.0408459724752
-999.8784226454654
-923.6956164899431
-1038.265130078062
-1035.862707392989
-1019.7329387752654
-1112.9079421802523
-1154.7637988154445
-1118.427755610867
-1180.7665685676025
-1017.1009333498137
-1160.4357730730696
-1002.0238624844438
-1010.8742022020058
-982.5859866548726
-1059.8033971485781
-1061.6217388675475
-1005.1360101248017
-917.8599503471052
-1112.8139028564701
-1080.1833316893863
-1094.285865136673
-1057.4019288612499
-1026.4610716705272
-1039.2537030589515
-979.3996633492443
-946.331976969399
-1228.6224062206115
-1158.6015732885985
-1127.5755290524996
-1074.9253377774353
-1060.6571779822655
-1060.1882974440184
-1050.310453414469
-1082.1660576970742
-1001.8083990979749
-1032.9316591568809
-1052.878691852779
-1182.9583125991278
-995.6373441220151
-1034.2370118424637
-964.6975734870462
-1132.9553108396324
-1047.7376184204686
-1045.063145922366
-1068.5055416905316
-1143.2717771155856
-996.5966546170373
-1065.5973719561348
-1038.5179146498833
-1037.3502986005078
-1125.9341275892182
-1081.1068587351417
-1063.7476249681317
-1085.4014326885613
-1050.757537807912
-1033.7502012141222
-1215.8576729589358
-1152.7858015248742
-1040.061308480969
-1138.2323585979434
-992.681427515399
-861.6717028470148
-1044.2071049407518
-1112.4416162744722
-1061.8759481826514
-1011.0425531582348
-1027.7750708628657
-1065.0042021134268
-1158.8619341005478
-1003.6070612959302
-1040.0549295375909
-1132.4030534758708
-988.307721780743
-1002.9461726029197
-1049.6916128667765
-1093.049121445107
-927.2063106750766
-955.5181669819957
-907.0360873341405
-1115.9945650356692
-1008.7369030105892
-1064.461074770756
-993.2332203202333
-1015.3014003893436
-1143.3819815456502
-971.5630053019786
-991.5430192206361
-994.8053461850852
-1108.182689964744
-1089.5320906354264
-1143.0255576076836
-1163.0168569406542
-1165.706189053665
-968.0017976014244
-1033.742078476598
-1030.81467151528
-1079.7695785967435
-1107.4594021341072
-1033.0647174644748
-1039.4474040415873
-1013.8024957782619
-1014.4283110580558
-941.3107671323976
-985.6241745711598
-1110.849117940377
-947.4356669908892
-1047.0623135637795
-1000.2037084151942
-985.0391771335239
-1014.7037222636627
-1040.9934241507162
-1043.1892112392666
-1044.0852547881434
-950.7724622286438
-988.0359837418794
-1042.385145178211
-1010.4238814332779
-1061.9022648276534
-1001.8391444658109
-913.7452809690991
-989.8902763582241
-994.2802278668426
-1025.2034549593234
-1163.3627622641193
-1180.3976760493806
-970.6117997136178
-991.6041750151228
-899.664435936649
-988.6511837783344
-986.6139881807682
-1122.8577635938605
-987.7289749653529
-938.3384042926848
-1032.2983673704878
-1047.3369610230297
-962.2247026585484
-1010.1199876204718
-1098.5541400296422
-1127.1249628555563
-1034.185066626627
-1059.4670584600206
-1051.8461612032456
-1182.904774389841
-938.1833776336364
-1023.0090302280428
-1088.6133618954395
-901.5656861111441
-998.0011855441346
-983.7610824862223
-1088.7329019078477
-848.5585356172297
-1019.525661652161
-1031.5054807245217
-992.6004425645201
-997.6365822139308
-1171.583141969516
-1064.1433112365023
-1093.1060867339975
-1088.8915940385868
-995.8993753777011
-985.6830935065929
-983.1837846719951
-985.3706217704776
-1020.7714216155506
-982.0066588761437
-982.3820556623712
-1042.0835632520516
-919.8811549218425
-879.0715536443278
-1019.6374331479996
-984.3854010545994
-1099.9648535554825
-1103.896875339698
-1021.5726938315396
-1096.210090107185
-1037.4810608038842
-963.3174337009391
-1103.3156123943807
-980.2657426940704
-1048.6283962736
-1059.8328347097956
-1022.148708185673
-1022.0942177549571
-1032.577803627847
-898.7713373999476
-1070.9508360063485
-994.085998434097
-1002.24166136025
-1041.5814596347534
-957.24746630543
-991.5621670383773
-1031.3308368212734
-1024.9904600047648
-958.9740559273457
-980.271263150414
-1016.2902865318547
-1057.4672753998195
-1073.8923237639276
-955.486996227453
-1049.71044582664
-953.113963412683
-1118.9982452106954
-1055.5310023722832
-1050.5635012088162
-1113.8052197154504
-1015.4923218650559
-1003.5359751405318
-1048.423450844224
-1068.797750404511
-1034.2270800639876
-940.4816452979263
-947.0276540036272
-1002.916953529301
-1011.4382039022812
-993.4412650328586
-954.4710485183721
-985.7343994307103
-903.1049931570351
-1100.7710420820301
-951.9009199523684
-977.5915384160182
-1039.6135808638455
-926.6349832780274
-1031.4891781541903
-1006.316284873081
-998.3638280664698
-952.6978804615496
-953.4160411385438
-1104.774687956228
-1089.639090866289
-1011.1558990132717
-1113.2838334621083
-1041.753300555877
-1101.221381865218
-1037.4275485943804
-1033.0348753808425
-992.9598983690977
-1025.9716297599828
-1071.838991990516
-960.7474301723337
-946.3335485901475
-952.8771614897805
-1215.0590122848928
-1028.8033006488445
-1078.3026981745047
-963.9370833729009
-992.7569341213734
-997.140111586768
-918.1511148573666
-1058.8989708956826
-955.7459003080671
-959.8497385907181
-1054.2405865478886
-973.8675421454424
-1105.9732882838223
-999.8080842937699
-1026.4500047512597
-1224.5749316757765
-1030.9653236253653
-1044.1554098895474
-1077.9992617749217
-1210.5061633827158
-1026.7814484926446
-1066.9686559067025
-1126.8667482464716
-994.6454251262248
-907.6015806024535
-974.735833781295
-1033.0591592520082
-873.6335563600481
-982.0324595990076
-1030.2179213613308
-1009.7891556409405
-969.927089773759
-1019.0546625912657
-1106.032293937087
-1057.0576358494843
-982.9581453759083
-982.0106299928867
-912.1428652330454
-962.5157001214998
-1043.9993060977083
-1097.2473820372843
-982.1080331624462
-1152.133965253892
-993.1453978997473
-968.1385176921526
-920.2202153177124
-992.4134897105072
-1062.5199977054199
-855.0916487477585
-1230.7549044156995
-1003.2121860350068
-1019.8978101706706
-990.5684665033675
-990.6073412960743
-978.822615434377
-1028.9177494631792
-1003.6028728735791
-1073.7934354764373
-996.1939063644576
-1083.3741873632987
-952.4221678996106
-1025.159943018305
-1028.3366050379952
-1010.8096955810088
-1060.3512933065854
-1079.5678096331383
-1009.3073213985222
-1098.7766935112418
-989.8793774951919
-1097.8597583159578
-963.6511105011259
-998.6533975818077
-963.3689388004656
-1012.4969377589347
-932.7186951688815
-999.0312207456542
-898.6320728634282
-1025.3181957921586
-922.9969890384951
-1090.93085805882
-986.8708898856795
-907.409791174757
-981.0695464920648
-1001.3188582746004
-950.871050783241
-1129.7299535655557
-925.8161418136617
-1008.7907733313357
-1081.968642193424
-1110.242190066088
-980.1280826772852
-1053.9310943180913
-1030.2343888039943
-1076.9707387161536
-946.6302476015971
-1044.7363219402234
-1053.6041223017114
-945.9498506669288
-976.6379356880002
-905.3411694115506
-1082.7842171227976
-945.1338725592202
-988.5338285028281
-1013.5494988768775
-981.8633481614403
-916.7280371397603
-993.3623738121128
-999.8886692648705
-1028.3308809897708
-1130.5198765253886
-922.0499399994928
-950.1924001269833
-1122.7734158974404
-1017.7670243898699
-1023.6255847214164
-1055.615994588894
-994.521951641227
-1114.371180322136
-945.0126777222398
-1009.2843604221079
-1135.874561110739
-925.8360462322081
-962.7977873236474
-1038.4441770789967
-1160.9253347382285
-998.0865144017553
-969.7167526804986
-898.3445220193586
-1086.944366790057
-909.9393180875791
-992.0919299845398
-1029.6473822235798
-991.1834055210786
-982.0114797182205
-1106.9047315235102
-933.184792543638
-996.6577018354401
-1094.0580985538168
-969.9592378438144
-1071.9163922522864
-1010.5682686520809
-1052.7565859701933
-1007.3195348634147
-1008.8856851295161
-1065.47820756533
-840.3152721547169
-965.1816426777029
-1025.531082302429
-1038.977668653402
-1059.1227536726508
-1123.682683015578
-914.2847076586856
-1085.9818755401232
-1004.8161061563259
-983.9647987087512
-992.2987410238873
-981.4631657485356
-988.3784871624106
-1025.3350956718984
-1070.1128255053015
-905.9485410211367
-1037.490697960525
-1114.6273164544268
-1116.3936567183175
-984.6951815273341
-1021.0987675284177
-1041.9242907008868
-1050.3413613919204
-1022.3429325876489
-1125.1184013092145
-1087.9938279747955
-1001.5357419261381
-1131.6699049083659
-911.0099806095388
-889.6570645397413
-959.7281700995277
-919.9392798885975
-1059.3748732629365
-973.21004472273
-1016.2183904789736
-1004.8337621691039
-981.3775019135248
-955.4072909022896
-953.3857611829185
-1067.914120639586
-936.0446803433401
-841.4287120305354
-939.0453838074435
-1194.799832077987
-948.2051407961703
-947.6291063916931
-934.0219364137672
-944.9239687209661
-1048.3285809436582
-985.3137893591777
-1007.1351361465194
-914.8609144042365
-983.1743515487708
-1045.773382568524
-1059.1347359265615
-909.6332272345315
-1169.1630859661154
-1060.3965099065465
-947.9799196830902
-966.050845479642
-1012.7326293206968
-999.4737239230061
-1026.5968953343813
-1052.2339703060775
-1104.3519315090614
-1047.5766894767908
-858.1333650556003
-1067.9760550396668
-917.3352016357477
-987.66982966279
-1083.4029303630134
-984.6307168128722
-1079.115651519857
-980.3453763955681
-942.1381517493003
-995.6512579878816
-1161.9746365783826
-976.56629754211
-903.443594578075
-1038.682434827578
-842.8365168310302
-818.1198824616455
-1011.587084954388
-1223.7616452693921
-840.9180761127008
-1096.5787102601382
-958.8673517243817
-1011.430562088951
-1026.5291836300744
-998.3632672642102
-952.8256338954211
-920.8578095153704
-965.6573076872678
-908.9166941397353
-930.830907020435
-834.3825401600428
-963.0817871049793
-993.4136045696738
-867.1808556688017
-1201.755398641668
-909.7394573742918
-1074.512221605541
-999.6255517289937
-905.8436549812319
-1045.9013623216517
-1080.6563540940924
-910.8638520681947
-1055.4665185640429
-1009.5334741341226
-1009.7265326151514
-939.6025976934819
-1162.2617261592977
-1003.2685004134638
-1099.0394869386905
-948.5166363911419
-1108.5989156789622
-1032.8715748195343
-960.5154428416438
-944.9194734259441
-1076.5419616822292
-1081.3982512806735
-1129.3994516020002
-975.121562830299
-1086.5437346419155
-1164.1292694792764
-963.0410384662839
-1016.8379947165066
-903.5767710951967
-1005.8491686473676
-991.8683606319726
-928.4881597311353
-999.0341764399329
-978.6618903713401
-1004.9183269857887
-1034.8324774550679
-1042.836643409611
-969.863573785058
-993.0045279595498
-981.6971254167894
-943.3466571663853
-1038.5660538618506
-992.4964580855876
-1051.0570942990141
-1063.7688389456673
-1007.5883565179465
-996.582608546556
-983.2926031246734
-900.5622901803042
-1055.2024318112856
-968.3257446100206
-857.8121935605491
-954.2847847876911
-973.1795623225737
-1092.9010673916816
-910.0562483588741
-1146.104965979387
-1079.528936376205
-943.0254813326501
-1100.9873697226215
-1001.8464189191983
-1024.8544760422224
-876.3648911688344
-967.3798431976952
-997.3413562929469
-1021.3941563947147
-1030.8636276201144
-1019.5771161321694
-945.2547139648163
-1035.871828225198
-986.3361815872189
-895.329148232989
-1031.4060097185534
-1012.945775708163
-981.5259006197291
-1040.248623058042
-992.2675076568321
-924.4108549974476
-1049.5623485739275
-924.561990755351
-953.732283149299
-1078.1224007074977
-1008.4502072367341
-935.7281172616001
-1047.3490413480895
-926.4892409215797
-1013.8299867797317
-1085.918639449669
-1005.2360262327759
-1011.5327328242824
-956.1258971538806
-1050.085117923328
-1008.7212359222494
-1016.8549723409744
-986.3993329814919
-1042.984917589219
-1069.6546901321788
-862.1653044819096
-906.9105393487936
-887.1145607117853
-897.8608646521001
-977.8872806381144
-940.8777728489599
-916.6523662833445
-1055.2635908846848
-1020.0667534003514
-1198.7143647593161
-1086.0902244309132
-969.8407382728964
-991.6562317677988
-1032.1721758008005
-1059.8072742531263
-1072.989448376468
-980.683654571814
-966.0608589617763
-1057.8010701425474
-1050.0560169347368
-952.429018494923
-1008.8861281907868
-1030.1527958270515
-980.962519137756
-878.6215470077941
-905.616211045269
-983.557418055606
-902.367585027253
-950.393311225757
-1029.0962890540252
-1049.988606107083
-904.6772160180307
-1012.5130112801364
-1027.995573981363
-1016.4466231457885
-1176.5429775965351
-1091.7574552439514
-940.0601939952819
-1126.3432641095458
-1009.7342337281543
-962.3711074254746
-926.9224013532631
-1039.5531737932408
-1082.3592014983324
-897.9886995004227
-941.5381169006416
-1030.8919269481755
-890.0356579862138
-1027.2804550243557
-952.7783643458089
-976.6838948257897
-1112.8912247780859
-966.3554018706927
-994.7821585094788
-1100.5168492119824
-1064.755104357674
-907.9351505941927
-898.6957860098337
-1025.5761147756718
-983.3576742192893
-1136.0529798840287
-1141.895191838971
-873.9186856480309
-863.7442315892749
-991.8376112664105
-900.4737762888761
-877.8404620284266
-915.5107622800185
-942.4271587556102
-952.9480504704201
-1046.8891196529244
-1058.3295585884948
-1123.5152322670087
-1018.0692703772332
-1079.4985971845945
-909.4709878121013
-1114.722649278678
-1016.3748307104225
-949.3409711369393
-1054.5066003427182
-1066.6916208405576
-938.7738464699177
-1036.9056810795332
-859.5147714752779
-878.896405010538
-995.2983023435277
-986.8999538695155
-986.2451727736843
-1002.2857774313932
-962.8795191483703
-995.2086317925654
-930.6524626737887
-928.4080856598923
-885.7001008151773
-823.409991538077
-940.9315990917357
-1092.4854905161003
-967.4831636005274
-1015.3822715641154
-1065.2013211869719
-1021.9973797427954
-854.089351131247
-937.5119510410693
-973.6207010131134
-967.6861045869985
-1017.9476545231744
-947.8755252901949
-1082.9463402861013
-953.5937353551981
-918.6669095025437
-949.1960690272002
-1072.9703743794435
-960.4550805528772
-876.6041733529074
-977.7475988740886
-995.2940588555325
-1098.292525126972
-965.6539497032661
-1019.988791601333
-1034.47857208882
-974.8890678037767
-990.9977371820926
-969.9427518859284
-966.3903789878611
-959.1314965104355
-964.151117529879
-1016.5719146829213
-830.9828454194464
-978.85936355014
-990.9493170745034
-1016.0823813733268
-917.9558774871526
-977.6956291749448
-919.231967736699
-992.0936707784596
-1058.0044055175358
-961.5907891489895
-937.6936154506224
-1023.7549581532522
-1053.455548652255
-948.1410386400038
-1020.1613609565273
-974.0704785588241
-957.4087771759101
-1001.4533005894025
-1014.1157517445216
-1011.91455322993
-940.233283082133
-961.8250332914805
-1053.7461945616722
-1017.586368743379
-965.3713402180024
-922.696654821143
-869.3732007675043
-896.3760519087177
-932.5800548917034
-877.8715511585305
-1000.9960345545115
-892.6882964917564
-1010.4932041225569
-1015.1124517502647
-963.9429700038392
-970.2852802394511
-908.9934786014452
-946.8208992320264
-980.4190812808336
-1214.036285992109
-926.159718657602
-899.975940399946
-872.1002325324558
-969.7344889102642
-911.800561561056
-994.8468174154832
-995.7654281832065
-831.6103268095974
-998.9279596888414
-1036.8695853490212
-1016.8760625714771
-1026.1774833165794
-1150.0977947817692
-957.9076133349922
-966.8635010374475
-939.0507188462364
-1038.1533432237718
-1012.6035740950758
-930.5665879230904
-970.1898724386915
-1023.8499055286007
-1034.156225696952
-1010.2121824224337
-1009.3379371637785
-1143.5255529364126
-906.4340016319705
-937.6834287832456
-908.9649905494666
-1037.955903682062
-1067.3283613091905
-955.7432257527098
-1061.6066152764552
-1031.560351519137
-1095.5972562426136
-996.9690592239792
-1095.3796315346651
-919.294188463013
-985.6303118509531
-968.8907094783391
-1063.342140706985
-931.8062942923888
-978.3343942254829
-919.0197089894115
-962.5313329887503
-1098.7023164684283
-960.0064833492928
-961.364397379425
-932.675507489412
-1014.2557186039431
-942.3070522948884
-954.712008132087
-882.1997170625697
-936.9081253209234
-1066.6047947998807
-1010.4351371185369
-1069.0295296567024
-975.180266599223
-961.8086656967372
-1034.1551944570876
-920.2766368792942
-895.6833370790406
-967.3578151321659
-1025.8062277949805
-998.9496577397531
-985.5876585263114
-962.2262822266825
-991.0646280524888
-972.0230933081341
-914.8146321217341
-889.3767334529434
-1013.1844966467227
-1054.3947591820188
-962.7010628809911
-1007.4361260012411
-972.4546599108387
-1068.9844853882926
-880.3398910515765
-985.8550753377413
-991.2979297413349
-823.2285205980675
-968.1550414520241
-1011.5070629183922
-1039.137501585485
-1031.0433091982038
-907.363262335026
-1007.9679106771258
-930.7977038508452
-900.3687380749211
-968.9846272825241
-904.0117185965445
-879.5567208014079
-929.9660037006722
-885.1980115273495
-991.2834240905324
-965.3370304486582
-887.4267187847591
-873.3064959677473
-968.875552698729
-1000.7692365155348
-1160.818075074735
-903.4683236838503
-971.7632962779776
-952.901639630821
-1073.233709104053
-983.9878505329891
-932.6155448393087
-1037.7770383646762
-1005.464595761975
-1009.6157326840444
-924.8658447023557
-1064.8731577163653
-1026.8769776790007
-1022.0592676924714
-1044.5091813314568
-1045.124842249649
-1009.6560610520902
-811.6491295129676
-946.6153972653475
-1010.4935123472591
-995.5908457728179
-1017.7969155677733
-1008.594181137154
-1085.2019094761001
-958.8280519375705
-1026.8001098466527
-987.041269294992
-904.3075807365606
-1130.1561946046452
-1028.7382520010913
-1008.9139284034379
-938.1442370805859
-1038.2682581996219
-985.6449569710048
-1014.9473152030542
-932.2958022255832
-1163.5592296566988
-1040.0344296024869
-966.040176980106
-1056.4958275779748
-982.1748820903822
-966.1166914665993
-941.8678518516554
-1011.8478521769644
-1099.8094062001448
-1056.4181885104497
-956.7353041322222
-882.8907144992138
-927.8203579024517
-981.6465849916597
-1016.1637886810868
-1058.7538892544285
-899.9465455765849
-1065.4437760554213
-916.9489516978007
-987.883782376365
-1067.190400420663
-964.1602116554008
-1008.5995651096491
-965.5107543565757
-907.9768908865991
-1135.29808852037
-993.0724622372666
-1057.2754419320222
-1020.6573462137052
-988.083931443063
-877.1550860819883
-1018.61984543914
-950.0964747066646
-1008.5761150596458
-951.4090486658422
-987.9309169062623
-914.5491306262389
-1147.178273203713
-991.1467592092939
-931.8313944177642
-1071.2184410289603
-919.9134328807269
-1140.550559109684
-1242.8286715567363
-927.4511389570359
-951.7329906750017
-897.4673236647483
-992.2197835582592
-922.479184791054
-997.9641926095537
-923.1698104105856
-991.797156554707
-998.879514834081
-956.3580982841474
-949.1845947221369
-997.2230616527596
-1033.4328579508795
-966.9171176820014
-1076.7018764344753
-966.5624841221409
-1011.50514090783
-989.7686161345338
-964.8172977739216
-955.2743415036822
-1077.1702704095876
-1015.8162231583492
-1040.6740410119376
-1070.151194061546
-933.555512971393
-1038.4920640360965
-911.589122768702
-976.3060335995582
-950.2446577131079
-945.4730308219948
-950.7010600121793
-1064.038337685369
-985.5916628459729
-1134.6610251677962
-1165.1824619197141
-889.9725832114981
-1056.3245569704832
-967.1547624007594
-955.6159216367727
-1058.627480357446
-964.6900661140276
-1045.9100984532013
-1008.8888716994476
-1028.007992568575
-1020.601979883385
-946.5073807386847
-952.0701274315377
-915.150515370487
-998.8267309134783
-1016.7096086445692
-1007.7111055236057
-945.0962337572277
-889.9562113673687
-954.6458255190144
-904.7980195211393
-941.4715711841978
-929.1362960772639
-1010.5941396913743
-1068.7494057062065
-960.0182545618422
-898.1539002027902
-941.7285943611012
-1060.9615165685243
-1100.3802924862014
-921.9453921829697
-1014.7768561341643
-1021.198572759781
-896.5070085879732
-998.018248941107
-1012.383847367292
-931.9284718662092
-1015.7574381189063
-1026.848503990866
-1072.652337518142
-932.9962671204679
-886.1233943276721
-949.3486151447694
-874.4115707302052
-921.0689505070881
-913.57459420651
-945.9329016000551
-910.0370653340478
-1001.5769711609536
-1087.0605754165372
-937.2026864830693
-955.5811468911716
-909.4064068594921
-1016.0512140416379
-1116.8826016641885
-1069.3920874153573
-953.4071496027419
-1044.2123336580567
-1047.6467057761513
-990.4518556151944
-1029.077000794106
-1028.0551634312799
-1013.8840542155806
-929.1822737267619
-974.7147421065265
-1036.5601357778598
-948.6268124463516
-919.7191855619741
-1013.7666995190775
-976.9818677169965
-972.8069904551456
-1012.5666762253211
-952.7222612253875
-895.3672043703849
-980.9055600579397
-859.8593358522683
-890.02153891639
-987.4481369635596
-1063.2092510830194
-1027.1758387818165
-960.2720582415466
-1036.568932629753
-933.104113918751
-932.0548911924026
-972.2522313983457
-930.9128191797379
-989.2750967861132
-1030.3937535196126
-1035.4341034751337
-977.6013300741399
-883.2463544352997
-969.0024199092288
-1077.7329420827987
-885.2135831861189
-929.2365097336262
-909.4477053421436
-947.8769203484593
-957.6048838572444
-1016.7021226943373
-947.9570762323816
-906.3493238697988
-883.913903412376
-1022.3190456659858
-886.1811366973201
-1006.7417000164733
-997.9205436903129
-904.9899556888463
-861.6011355992309
-1085.7172835894285
-1104.7558998335332
-1007.1128055229362
-911.494825130512
-970.8848595897458
-1190.5706927562755
-1096.1265340938542
-901.5196641242102
-978.9123013796285
-917.2365773370443
-995.8924181853373
-978.7813020489225
-986.4732194288536
-1030.058003665562
-970.3731705443104
-1019.1045892504375
-923.4698898944853
-951.2267227302488
-1008.8196566805697
-1020.3167762512325
-1052.419492953233
-1058.8607770152787
-932.8988167288621
-1002.9153315157722
-1124.6327326274961
-881.3749337780231
-873.6618744890951
-1076.3155670880537
-975.6735792754947
-1038.2804471382278
-1016.9721030753957
-1174.675887325841
-1043.755518638993
-1027.1718567535786
-1027.2482190503492
-882.8478682558562
-1159.2249522830775
-1034.3295233842573
-958.5056793654368
-956.7499717337425
-900.029633176569
-1073.3861795797743
-1072.2975640759119
-1015.1055089561924
-1032.4535187704494
-1093.3425107766022
-979.3494444182547
-962.2026740918807
-1041.3590062345174
-867.5150857699878
-1058.779654536513
-1062.6161263163995
-974.2647991438637
-915.0754390192899
-982.7071523409866
-939.3884302417246
-919.7546757101933
-991.0040456032284
-998.4449666971313
-922.0974311663354
-939.2761481197442
-948.7629875258128
-1240.9168218175032
-1028.2802735015118
-1055.862805803019
-972.4626152659956
-1075.7582658048036
-947.7912503676638
-976.1692930158747
-988.2171983476642
-1060.2707139837269
-956.275454554705
-943.3401762096997
-921.9546881095142
-1119.1789953674115
-972.4451845482831
-920.0653520549246
-910.1182811606769
-967.2773175920245
-1069.708878250041
-1005.0195405895624
-938.2977775973161
-1102.4580090961756
-986.0744272509849
-958.625274105564
-1074.3890524664341
-1058.1042535723768
-1091.4597931484589
-1022.3847320412577
-857.6313673685065
-980.5603779383316
-1027.1776883356458
-983.5514770710424
-1068.0787904247097
-953.5628379189116
-1005.7419296675452
-1013.5753347909216
-914.7408210105127
-1028.997557535309
-995.5647749737727
-1034.8775856789134
-996.4127725976191
-1039.9856199471199
-1086.361108618293
-1040.3712161822098
-984.0374023826179
-1054.7378539797373
-1025.2009859595373
-939.3644253905683
-875.9035655692177
-995.2257324991034
-1049.6319397597767
-1080.753661307027
-946.1451118169562
-878.8620994204188
-926.323645512047
-996.3948583392254
-1125.5655308374294
-1035.4943473890428
-1147.8072922840718
-966.3116996429085
-1068.7852358023863
-948.2089697649803
-1036.159924199158
-1050.6796398069878
-1045.713689995358
-956.8579396114073
-969.0546001653859
-883.9407078509496
-890.1119653735633
-1077.6776034609873
-1054.044775931303
-1031.2644739243171
-1125.0482920542784
-935.5755677975674
-1058.3900715082636
-1011.023504277082
-941.8696789567755
-978.8815981306187
-956.3665347884117
-919.2479489555691
-949.0495668021165
-1057.1222878033395
-911.3193639128381
-1056.8779049899106
-1070.0909176888126
-886.008408590149
-943.1721245287964
-1003.2762767496529
-963.1577233016545
-986.1768619790363
-924.3774928708863
-916.6447401277941
-930.1594012455471
-969.4248466805952
-832.576274400327
-1049.1374488961594
-963.1412256991582
-1122.0635917525228
-1001.0912750967129
-943.6247196336856
-987.0860071895188
-932.528700284782
-1005.2163598285525
-880.7122049274226
-920.2787258826124
-905.51385129186
-1003.6982025932145
-861.3019832406004
-976.192554531488
-1073.0792383814714
-999.6610502916741
-1011.894208173669
-960.9965326185561
-1115.3349727508703
-1013.7843070130397
-872.5278231072643
-945.9111212300256
-996.3912015862675
-931.7855310673551
-866.9777101262222
-951.4283936743981
-946.7956115782258
-1006.2064904302501
-1006.1183870756377
-966.0786916880986
-1015.951979797366
-889.3509984960648
-1087.2519274394324
-901.1957578621333
-918.5521061612271
-1024.6473803154622
-887.3261716686338
-1032.940356109361
-1028.3657000694466
-873.8585027801463
-919.7047260545228
-885.1058011899419
-1021.0913244294889
-1094.2089990341349
-808.5872021432245
-1049.2800550328907
-1027.316084940279
-998.2512556919144
-1046.5537501655954
-1150.8817829347156
-938.9330767250945
-1042.848729793919
-864.4171207372665
-951.9196567134431
-976.7712637181493
-961.2119664244493
-976.4705447752385
-982.2460212577024
-1086.9616165039474
-975.2717237446717
-980.7330466536456
-997.2257406875327
-848.4530290344703
-1006.6266655514172
-996.5750296075356
-924.7970649461822
-919.5329840022202
-914.8308659599213
-985.2865767124632
-917.8916636983371
-1007.9758162905566
-1025.767455609516
-1001.2506198405431
-953.3607335844359
-1022.0971777021224
-986.1558483687771
-900.6183819869826
-1010.5675388244666
-890.25150192809
-1044.0927113278453
-901.1502147374675
-936.6448175894336
-980.9452388437626
-887.0302596442741
-880.5259226929937
-971.7562065479106
-1056.6012930910515
-1059.3112967500308
-840.0414087140771
-1013.8201847821103
-1065.2864105214126
-920.0483982639449
-986.7071739505715
-998.5341047051696
-1048.5878473868315
-952.077095852895
-1002.3474495991594
-1051.2661844418715
-980.0159356921628
-1038.0772630868553
-894.3810377362255
-1050.9806688339108
-942.8558855463123
-958.9280722611942
-889.6697856255257
-906.4002284744721
-1087.4499502764568
-971.3781003774361
-1028.7105087733216
-1040.9466354477809
-1082.3980079942962
-997.8775134854759
-1002.5729261016972
-1087.300472039941
-878.2339861931185
-947.3088026700614
-931.6613273347107
-979.6562716611685
-1026.202548169423
-1100.93729048878
-1105.5226215223865
-915.6472936971072
-914.7440240695933
-1017.8668281109067
-886.7291711021883
-935.9728355404347
-884.4144849670639
-865.1210663017409
-1030.986225710219
-1001.9859725385545
-1039.2670212899109
-1036.5037937147697
-1011.284268692383
-904.2796455583523
-905.3807662956161
-993.5065560353494
-1024.966829801694
-857.6911607906229
-1035.686913516611
-1153.4122946258383
-1017.7882098069992
-1099.8701508303213
-950.7413494374905
-974.3815476582691
-1022.3743390572288
-919.08903934445
-997.9276352772468
-984.0232722235934
-930.2590869575849
-930.8025033496804
-1040.2785796866026
-1021.8269417239813
-1059.1955551704389
-826.261872723342
-989.0678403129403
-964.3599487560407
-931.4235221419392
-963.3767813229477
-990.8863506158535
-992.1632701657616
-1044.9645016720049
-965.462384085461
-991.4577131447843
-958.486535311047
-1021.7292079657043
-956.5610271090471
-931.4910307952729
-1010.9243974944663
-1030.6167822518585
-902.731250888343
-1084.1796890531232
-1033.9843091762123
-992.5340858568934
-1007.4610328564125
-938.6889591518279
-1025.8637500389161
-1168.4100156578572
-964.4456957497775
-1039.2814191745397
-985.0909383889039
-1018.7757770002305
-925.9977169632442
-915.4561716656863
-995.6641975495613
-1018.4175564058064
-959.3899961298863
-1045.7536579685093
-948.1383369276327
-904.2778435292361
-981.2831785646305
-1145.5908113401424
-957.118629720257
-972.5941734694566
-1114.3898787227301
-1064.98727421065
-962.7896220214595
-922.8734777247182
-1006.9317344391318
-946.7312113615485
-1220.5238053343369
-923.3392394161756
-950.5361865660061
-927.4748903492865
-995.7813215514543
-1012.5923652340791
-950.3428138936488
-1029.375569672602
-1005.451956694165
-979.6797423040699
-1067.5875189503229
-930.9827529913814
-931.7822352081643
-961.954413604466
-1011.612953404085
-1060.3653392801386
-944.2258399538215
-1012.6228192326613
-963.6190271519107
-1038.131429580981
-968.7956966579809
-995.4492350342709
-1053.3406649384153
-1001.8208988508259
-1084.0445666559829
-1066.2513208526673
-811.6415974001079
-962.1957193696522
-1000.7874241614402
-959.5072128318284
-1038.1852519559372
-846.273539187498
-902.1256455223668
-971.4468645329292
-1101.393920031949
-909.0286986002303
-1009.9472423590161
-877.3271742836536
-1053.2228888524116
-950.5342755178542
-1082.2381083812015
-842.2081541730549
-1020.8122448410015
-1090.115770769018
-942.4907486614147
-1053.8951492523747
-986.9327144693615
-965.5955183140965
-900.3946184855299
-1025.9704993696178
-996.9190889773636
-961.2874087774122
-923.8561973501422
-1065.4417094057299
-948.8373350229933
-963.6623947351694
-989.4286734667568
-909.2317308236605
-982.3497400568045
-1005.2250246660478
-1016.8718167684261
-1090.5887109643336
-936.3702538235809
-961.0474603352811
-1037.1918119444463
-910.96005588326
-1098.6184091289063
-1010.5070465841279
-940.3514933609265
-1092.4846725961902
-944.3435019705112
-979.5896949850169
-1059.9779233657846
-1099.6983487209534
-1017.968359806617
-1017.9818623767012
-954.0847640959275
-1039.2800354084368
-1100.793028916562
-931.9390944658865
-1015.4418770702972
-927.246122114022
-982.5072981540188
-994.5816221219034
-972.2648281627646
-903.107214785293
-1002.3666458547478
-953.6849340827022
-870.1397224784706
-1017.5406488565864
-1043.7347106515786
-1097.769641226746
-883.3611030231242
-934.1912683507138
-1005.2845737215227
-913.2602429300814
-1005.5038269173275
-954.2031069005186
-966.5523768949713
-1083.651951105315
-1018.9682881506551
-953.3973055204634
-1021.7062908518983
-967.2357933163842
-1019.3879567742288
-958.2751583834054
-1018.3005188702866
-974.3707174768215
-1038.525383670479
-1060.855702143502
-1015.9857241413501
-1062.1420044862707
-958.4559442394748
-962.3421291423424
-892.1630806035762
-1015.7262243408356
-1087.6665574356418
-911.2447300592534
-1028.0618468951745
-930.5991231084726
-1056.2859493439166
-961.6099249907847
-923.0424991949608
-999.7692566236899
-1082.8037370073735
-975.1576752227077
-1102.3645428792593
-1022.3861176653517
-1010.7575885821102
-1023.914724678161
-997.2735341205516
-1083.6307262294645
-978.3222776185526
-949.6056836164018
-1010.6348804961983
-974.492897797305
-983.17744745041
-911.3530625606841
-1000.6467029070792
-1054.0499263474742
-988.2034558962162
-976.5671037840515
-933.4394986772489
-893.0243530361598
-990.20269953359
-894.2639516417372
-996.4960418565306
-967.0460254661433
-894.1472350813104
-1029.1389822130695
-960.0342146395474
-1069.9429428779047
-927.05641085375
-1058.0915848753032
-981.2981070236393
-991.6774551738165
-902.1881008687739
-968.39295209654
-971.860769784503
-929.1501182310444
-1039.987962317053
-975.59194012329
-933.7204738249955
-1025.3207644247075
-1001.0861156812967
-1068.6381198537206
-900.5043877636308
-1089.2728036244823
-1054.7674808592747
-917.8301281234715
-970.2655639515721
-1034.1997223160931
-963.5410977355286
-1007.4437368950911
-953.0463767353885
-1015.689455771077
-1020.0053592508193
-1085.6215028247088
-955.3699811592874
-1001.2709264448207
-974.6239880172782
-1094.2101381401017
-1040.781893884598
-1037.7525045077086
-915.6542435264165
-1029.5836926790687
-1115.3168869759784
-1020.7768622733877
-980.2980928789266
-852.2062764974531
-921.6374271522754
-997.1554438295209
-992.5093474581
-1172.765939878505
-961.1820629511049
-1021.6796541106957
-945.6721076451067
-956.8149297830437
-973.3033717472975
-1033.5060395473042
-1028.586209719883
-955.5154615304626
-904.1731030542189
-985.6171650910217
-1046.3771262603068
-1109.300680576795
-1002.3717768866335
-969.3169439335924
-1022.126605981258
-892.5953237905303
-885.7802577860405
-1005.8795490065313
-902.6041241503475
-917.9659704883401
-925.4787171861772
-1045.7836922686627
-960.2767284162696
-939.6491538362873
-1067.9521733701324
-1156.859671111893
-934.0394066100986
-1055.909839952793
-1117.5911955045171
-1007.7325553956013
-1049.50670397135
-966.9252773983842
-1048.3416390603231
-975.2090945472232
-1008.9849029649571
-992.7082037522096
-1094.343766053571
-973.6638034624525
-1020.4936594548253
-981.0470463075428
-1073.0642530836417
-1023.8983854816531
-937.8647735502234
-998.4131261319845
-1006.728093098153
-941.82468849999
-1009.8397796466783
-990.8713510834714
-982.5755450355398
-1049.3873153459897
-1014.7661047438667
-1066.2941081501124
-1158.036874835523
-1047.0509956424435
-905.8823120114777
-984.085598760842
-925.9363407013625
-988.4697289447583
-871.4109671958603
-1028.254279972292
-986.9786049816666
-1018.9468323571825
-950.8161420666628
-1148.1801500177528
-1042.1444612526168
-860.42774482975
-1045.6719095636151
-1014.0681670770144
-1056.213028225575
-974.289993579325
-1036.6679267440281
-1035.6087085945644
-952.4170840081626
-967.3794772170049
-1030.9229927741037
-922.9577082523746
-1008.1546298197405
-994.3091848717625

