-24662.911479653838
-22235.597362439177
-24380.719674079955
-21897.23264269161
-22799.74384169154
-27414.81548921398
-24889.709847259306
-26537.372076299416
-22034.393423138285
-28915.92113174826
-2918.8816455228143
-2875.699084416807
-3014.4959431209572
-2933.110745932952
-2385.363441907386
-2419.06639935804
-2386.829613066392
-2264.0219309064214
-2725.7078056107152
-2573.216229654491
-2133.189207701825
-2836.407755372689
-2951.1730860327293
-2662.254363002647
-3134.0553522420955
-2877.0774305856567
-2190.3646220647884
-2523.5380271629247
-2211.0672775783773
-2427.590923165946
-2454.4856041069447
-2231.776767076987
-2352.987199871699
-2241.793926901747
-2225.938285241347
-2647.1250534658275
-2452.3892316292063
-2089.5043399014467
-2080.8098480958392
-2074.905543341367
-2077.079909527682
-2397.279390954697
-2426.3359132179903
-2594.026672558841
-1983.8734981931786
-2384.091265226766
-2430.132696266807
-2310.453604523432
-2365.632795994973
-2151.711661733179
-2447.6649981360283
-2336.4427082306133
-2740.0651203689595
-2315.967470777824
-2863.308318647134
-2471.472817403431
-2065.218674403731
-2007.6354947766654
-2410.6598954547126
-2435.8476675183683
-2620.857401365107
-2324.933669159078
-1919.111394134051
-2501.5083204086036
-2164.223777263931
-2236.300297954701
-2730.343247016717
-1989.510581355483
-2227.676652898037
-2336.607420770421
-2117.4235955301424
-2118.033603920127
-2341.230582515496
-2434.322677110445
-2393.8215553885348
-2331.699215341898
-2088.352109489826
-2221.2055491566825
-2311.355994759332
-1821.8378651894554
-2259.083682576289
-2382.9386774148784
-2297.597680265208
-2200.3278330852913
-2509.2227899759664
-2203.5719648843515
-1967.9771563461084
-2172.6225757517036
-2011.0451411758995
-2622.120694643265
-2287.597825858365
-2079.9669192342308
-2437.3215262545473
-2314.704860537133
-2333.286664915658
-2016.4071268067692
-1846.5814337019667
-2167.918280213149
-2462.4181948455443
-2158.7805827546463
-2154.594617031656
-2073.299653962644
-2008.6350611264618
-2311.3658346139855
-2119.9899546666757
-1969.6571335099743
-1997.283738017239
-1834.288876669845
-2369.8702583057834
-2255.512447636086
-2095.69512893907
-2017.8192360717069
-2042.691688330162
-1973.8173043165946
-2032.354418806067
-2420.603106379414
-2007.6031151511518
-2067.2543065481705
-1994.1070999694684
-1913.003523492761
-2167.1039062292284
-2028.9284745191585
-1951.382231797465
-2205.388029306881
-2242.9028158891247
-2010.326241078752
-1897.718973581676
-2371.3384287652516
-2071.867497113864
-1915.1854702837145
-2245.733354681447
-2106.8101067570437
-2224.6954882169007
-2047.4844390691408
-1841.0067265385803
-2075.0150121007077
-2057.5348469199766
-2090.219714005429
-2757.669625977058
-2664.765139911288
-2147.8961022986027
-1973.9700880948749
-1981.8674788221394
-1962.3983831560756
-2006.3818316671968
-2247.7331694535733
-1781.1545988144298
-2541.2507934738605
-2411.9347722007346
-2283.046067414754
-2038.0628784520443
-2027.4581553208518
-2333.312605534236
-1725.3879631783811
-1980.1045252439944
-2033.0361836082932
-2160.5748917960423
-1860.1888232566403
-2332.322442021517
-2155.372947220965
-2512.515691026904
-2154.5034879355176
-2037.9750964460281
-2094.0521125247305
-2344.381311526062
-1825.8586214682525
-2054.0746962879925
-1923.0604160640412
-2687.876973777077
-2067.486408796216
-1830.9647351482943
-1935.4319177293248
-1825.4210033899371
-1926.8197262894203
-2512.795598129219
-2174.0715552138627
-2053.893749783306
-2037.491338392679
-1968.6677367858367
-1891.5183909793188
-1831.5534981905353
-1971.4891935544526
-2016.42639464672
-2214.3570296428757
-1972.5529459729871
-1939.1102414797888
-1974.8039260007927
-1840.6905986839167
-1850.2102811170544
-1923.9586474453467
-2023.3039060689641
-2145.545770819365
-2281.605055262927
-2205.561655192253
-1909.619482916075
-2368.703588882311
-2143.4551634430527
-2306.0647551797247
-2408.9232013449637
-2401.4962759900077
-1659.7051293419963
-2175.2511033822307
-2313.359992671086
-1977.360391778297
-2469.075232024382
-2221.6112502997444
-2013.6117140666827
-2062.8828399742247
-1904.5319495902736
-2022.6271089614781
-2002.4971710033242
-1921.387663823272
-2281.431336326566
-1912.9244659045676
-2094.5135751995367
-2029.9549401625973
-1959.3843056157903
-1929.9330841435365
-2020.8460731834948
-1984.0937886430145
-2201.535440566243
-2132.1638292785433
-2143.8122620539816
-2057.683970440199
-2131.7224796334203
-2018.1260435124123
-1861.3774457680518
-2077.4345391817023
-1864.6463031555522
-1954.1572205518094
-1754.0694870673408
-1889.0302444160873
-1687.5310139770697
-2036.6830597527046
-2219.621687588871
-2100.9230357259235
-2101.364164456341
-2124.5657928804408
-2363.7340954905835
-2077.307143299488
-1966.069578491935
-1905.6244671243942
-1991.3152142823903
-2309.2057062652843
-2037.133484419971
-1892.1235200215176
-2130.3856138420338
-2023.705083207394
-2128.641283188847
-2207.42926958346
-2380.6034258647937
-2041.086888243286
-2000.9948743212963
-1998.5789734529394
-2036.0493355715587
-2116.92846530925
-2057.7885823112947
-1729.6255066148337
-1916.9575192405837
-2017.075368882415
-1724.1418637421184
-2104.4088520098812
-2090.8647111990836
-2332.3194656498963
-1698.1465099441693
-2122.5117645913265
-2337.7793917089275
-2089.6556814723554
-2316.2981244384428
-2362.6027921324253
-1948.8549400029508
-2140.885633258737
-2091.027817136165
-2213.028885967435
-2213.7492724760136
-2252.4947409016922
-2213.9051173744806
-1994.6724414839673
-1673.8708795010134
-2360.6564946611784
-1785.3969819853519
-2028.8202184555241
-1930.5678067427152
-2216.7564072287205
-1960.8939445266524
-2116.0003429855424
-2078.371914267822
-1991.905217122805
-1848.830670738104
-2051.5375787792036
-1948.184537590335
-2062.984737856235
-1836.8280753439028
-1775.7977643320728
-1698.703176123985
-1843.2052317639955
-1960.925086917458
-2148.752213305844
-1960.819792207066
-1914.682342707189
-2151.5353877762823
-1986.595608395663
-2034.3232768212183
-2118.186568450661
-2020.4562527414964
-2135.309518144108
-1933.3322668384399
-2025.2254092873618
-2060.960621179978
-2287.103025773768
-2160.0540653712224
-1794.3351689774136
-2471.820835303289
-2118.502612273056
-2126.5773016627204
-1819.2705740799775
-2225.4859539054783
-2187.1445897623134
-1805.7844934900543
-1798.55964309719
-2018.2072508909016
-1989.3759864697868
-2381.2375586075414
-2010.6562316679756
-1903.756370387504
-1775.1370578471378
-1853.822771251181
-2036.853579927984
-2342.543907731815
-2001.051690295291
-2055.871331100869
-2057.4288439339903
-1850.5412770549656
-1963.0830240376665
-1755.8423474592773
-2164.465831612549
-2044.6558738020594
-1925.8699753642823
-1962.4590729261154
-2359.2482213503185
-1967.1252686829403
-1869.102413818482
-2432.3540073247254
-1908.8972215219944
-1874.8280653122356
-1811.6688456109457
-2023.5313637908262
-1829.517816876075
-1784.3881000359959
-1861.2046146008543
-2128.4000835292263
-1929.9701800008963
-2409.1446326782025
-1891.6098459376103
-2155.5819830020423
-2055.8414945755508
-1837.1711066654527
-2085.6117555479036
-1999.0803808026558
-1927.4280487259712
-1873.6372956010173
-2026.835873160289
-1927.4614369846404
-1887.511346960149
-2110.7712487489393
-1956.7768801772022
-2067.8197265628505
-1808.3513980609678
-1925.0727114560673
-2006.464242959381
-1745.710849855389
-1929.1892270189242
-1976.391014254189
-1948.4106662689644
-1842.7364759151951
-1976.559660894833
-2122.0151880581643
-2102.3171190287553
-1845.5108623710364
-1622.0577436908998
-1779.1406606100486
-2000.0840248631494
-2058.503762404483
-2129.4424224065583
-2034.5529426270336
-2073.5449902857904
-2163.407866995556
-1884.9361581159092
-2119.3929495332313
-1902.8180899540698
-2118.5452183059897
-2268.886548082376
-2149.4121145121267
-1840.6283745848953
-2058.9490657849565
-1988.186825722527
-1893.8587352879595
-1877.6924013763346
-2305.3191220592053
-2081.6374517171203
-2013.409883120761
-2034.791677412469
-1813.3011842776807
-2175.221743019435
-1645.5380127164754
-2172.4258436459345
-2202.767218350904
-1723.02517932239
-2066.5387890607435
-1956.6221373875935
-1869.026173622372
-1970.447075931633
-2009.6257211857064
-2157.079549936404
-2019.6980386569876
-2004.3933404386971
-2229.947848044518
-1887.8858563990773
-2051.9049581892846
-1960.6278298752932
-1738.697252416332
-1976.099080644898
-2022.6939992375283
-1817.7807606248307
-2177.386106017917
-2031.5770765819195
-2099.2325996309314
-1857.5692176888472
-2119.9581038640213
-1887.5015047311424
-1808.4774808714876
-1781.8364534263624
-2208.3835232432066
-1739.6811328796366
-1766.0464836515014
-1702.2725858282786
-1882.0315191312995
-2068.2540082524106
-1920.593787045889
-1887.9632870781386
-2033.4241364687005
-2053.6896469676394
-2174.48578736504
-2060.8921848922355
-1795.4596808814874
-1867.832421526634
-2021.9306401715298
-2058.8997991384194
-1998.3853758987616
-2019.96858751289
-2116.1823317397975
-2137.554445730389
-1688.4411551499043
-1713.4853727301572
-1993.067795243572
-1907.6374037410687
-1962.2071915865247
-2137.9407160140654
-1866.3209583553214
-2282.4908486903623
-1867.758413153705
-2083.7082798792267
-2099.498792078388
-1950.592695687456
-2136.331594276851
-1901.7562257566294
-1935.3593523238615
-1857.4368775521395
-1917.4184534077685
-2112.479022218776
-2005.7870177056518
-1909.6165116411773
-1868.157175078225
-1949.6717793232315
-1902.3081551449102
-1925.1165312550556
-2017.3838863847352
-1959.3526620310365
-1946.9605139039559
-2057.5945154199103
-1797.8404689009947
-1852.6149892134208
-1875.9239319435685
-1952.0158405871769
-2073.8249676688893
-1903.675575641798
-1893.9847495151935
-1970.542910760833
-1911.0171369180844
-2050.6220958570907
-2038.5403206129756
-2154.4498397134125
-1763.1178787282306
-1878.8473417565183
-2101.732358644562
-1828.629951069909
-1888.8045337425033
-2072.141803347346
-1874.1051517281503
-2047.5095120167944
-1721.011753981096
-1976.9386824361748
-1774.947508279527
-1926.6920945506808
-2006.7727498393397
-1773.3739059755335
-2095.6187549654583
-2035.367496447032
-2041.3787862780032
-1904.9965273004957
-1744.8611277280288
-1802.5877709716676
-1872.070046552524
-1765.7225866481638
-2157.2571641299905
-1822.57441735588
-1921.6669328064513
-2000.2911426470691
-1855.386051806741
-1879.326379342333
-1962.140262743509
-1924.0746218666006
-1860.938584453902
-2076.4384453223315
-1901.3855002602158
-1993.9704761991682
-1964.964282771237
-1888.1153046050244
-2108.7964149844715
-1648.9590798868187
-2015.5215555764012
-1856.8933483884584
-1840.4845968213901
-1987.5132290147217
-1942.253618498813
-1925.846827890174
-2033.7852389535653
-1850.3566421541423
-1995.646208806241
-1928.4162749564184
-2045.1143308421601
-1856.6730372909985
-1850.4022779224595
-2140.973891165002
-1974.8161403241827
-1943.9646917543084
-1813.156629271327
-1919.4318442152312
-1783.8642957336426
-2056.163567648249
-1837.0873116812702
-1915.4222263708718
-1896.7647227924958
-1945.9966333736536
-2095.616860646273
-2089.2519359478174
-2129.202664142174
-1741.44133817538
-2074.744702735562
-2166.7511943752766
-1790.6566462314445
-1746.788190163612
-1801.681073128076
-2014.5184839725916
-1745.9732989663753
-2251.2096776570993
-2163.0464860036295
-1996.7074073013293
-1940.6218820939532
-2119.493286899858
-2016.567233712987
-2038.9941218980503
-1839.7610011861216
-1791.9962899443774
-1798.0265514830783
-2112.220999718799
-2036.627380351026
-2024.464516965945
-2190.3432004083893
-2055.372072261015
-2194.4100844511245
-2057.1176834191288
-1823.4151039865585
-1879.141577298503
-1918.7941294642233
-2080.8929985492705
-2343.8474451977627
-1939.8453950029443
-2110.9463838422466
-1919.043106100043
-2005.2690908399793
-1896.7649009809459
-1736.541019623002
-2365.6233488736043
-1999.5869365258463
-2008.5272578971426
-1715.0852029514454
-1817.6078337414388
-1954.5210352891377
-2178.2238792119133
-2068.084690435327
-1942.050300901268
-2054.336566806028
-2143.949014900854
-1984.4268405108462
-1877.8684442888605
-1962.1421243711093
-2084.135769946465
-2005.2505008246114
-2004.7782991414083
-1886.5681173274527
-1922.201114916007
-1920.6470829315645
-2040.8016389061868
-1773.4087211006758
-1974.2283484369932
-1878.3101865223907
-1847.6125302791684
-1753.0616965614292
-1859.0636080352754
-1813.9921008731967
-2054.81822671488
-1876.8042716439195
-2174.728558753684
-1875.881473214669
-1835.8476027069644
-1899.8221586099091
-1713.9099090002046
-2124.6221751270286
-2313.5649604479127
-1892.9510615134086
-2097.7462645250644
-1922.191846949915
-1991.4614709167956
-1831.9646864327901
-1839.2808370366886
-1960.0161214886275
-2110.434610170725
-1951.629313875887
-1977.963742319154
-1940.8274690609314
-1991.4571611772806
-1918.9379865181272
-1704.0734666654805
-1883.8811127455529
-1825.6372633277854
-2000.5279901454314
-1874.6142513609784
-1876.1987162033486
-1541.6468140993811
-1781.5664321059937
-1739.564766218713
-1781.7391500743445
-1801.9514046137128
-1939.6416703212835
-1832.0087868305707
-2098.5068141573643
-2014.7127166036867
-1937.3492319072511
-1889.5474148018873
-1881.4123512634924
-2096.5314426453397
-1793.281080034141
-1978.7158697622435
-2023.7421813303072
-1905.0174475159629
-1825.321012670245
-2135.975396001461
-2047.4526120530527
-1869.0737531153159
-2214.4569060964836
-2033.8639178206884
-2286.3497994136815
-1798.863182272008
-1856.1925746757818
-1906.0214033436314
-2008.9717956618124
-1841.9192246088598
-2201.931821304511
-1671.0704782224414
-2083.530346061124
-2134.6144394758644
-1697.4937693219215
-2341.774678029567
-1882.816850745481
-2115.512662391216
-1839.7006677443392
-1753.7175223739073
-1863.881667071175
-1682.4829575172616
-1632.5122057301955
-2008.1160833214567
-1909.9230536656532
-1913.6378349991892
-1955.9036629086445
-2194.755176845492
-2155.708912758884
-2012.6263814798376
-2062.50200956301
-1816.4543282922227
-1989.8396605273192
-1780.4359664093554
-1852.527966798821
-1838.5985653459513
-1992.8883634395324
-2016.4010446451223
-1977.4706141032214
-1853.9895862724052
-1882.9579909414151
-1887.1158001913882
-1808.4349210844357
-1884.3928256122094
-1735.1761893572232
-2220.8114513506057
-2304.6563006152246
-1839.4903196056334
-2113.458530732199
-1751.8391093167336
-1776.5650378688028
-1940.7510582212508
-1948.1600061253703
-1913.2389899495956
-1850.3952211271671
-2052.460360342065
-1776.1250408997414
-2029.4909637592846
-1757.1051667494576
-1707.3358984423057
-1930.1008887506225
-1802.691340026221
-1801.8917581285034
-2031.9723588702684
-2619.4566364811035
-2011.7668981047327
-1978.783200329173
-1961.0502582077443
-1672.4442200174617
-2171.6941564568374
-1817.0896362714666
-1687.071026484183
-1797.3015749505446
-1842.6937870416605
-2057.6121112231967
-1836.9579172126291
-2079.722656192126
-2413.0939068820057
-2197.5931754974117
-1956.783306946463
-1919.5386833084672
-1963.761692120793
-1971.504392947084
-1875.994336045197
-2051.712663552435
-2293.4015633348363
-1881.7237464476345
-1629.2697558937434
-1913.6689954336027
-1520.1769203627828
-1849.793636905917
-1944.62142657534
-1899.5515548926212
-1978.7789938305484
-1959.923234023172
-1958.4284424297982
-1958.1675276224423
-2292.253591285789
-1782.3448463180357
-1729.7645816698937
-1831.578412453408
-1798.7138683842124
-1497.705367332268
-1751.545765955597
-1936.3874900757326
-1748.2674711367222
-2013.7841004946322
-1668.421393056207
-1891.2397068062594
-2123.8304362613158
-1945.2276908242584
-1922.8702267165618
-1612.3079544209863
-2073.1872482800154
-1823.1086670761433
-1943.2143753426244
-1798.815932764618
-1980.4048654533287
-1852.9187189341683
-1750.9805250446034
-1827.5684598868925
-1944.633073880851
-1899.0084432058184
-2006.295764376996
-1822.2185811827903
-2085.7863285435396
-1920.4008822153505
-1943.7545242213127
-1985.194507670174
-1903.9715842512078
-1900.0454161640491
-1676.1754268531147
-2016.5428103699498
-1983.6403975898502
-2042.1973233273286
-1783.7310363503175
-2241.6161931681236
-1877.7518886767423
-2078.4564236391375
-1915.5024174489636
-1895.3029576065485
-2013.545460041245
-1945.694601646808
-1916.7069268429475
-2105.709849530745
-1941.7157268456738
-1993.5183731585676
-1977.6941796084907
-2012.125621480233
-1792.0887952640908
-1961.8036933245535
-2054.5665371696687
-2028.039294401844
-1903.1968706357693
-2021.1818304603146
-2226.2602450573027
-1773.6949882124588
-1695.6637602444443
-2013.8874684135417
-1965.3644716269764
-1959.298730164468
-2145.8377744333075
-1856.0349448274756
-1681.0284548388508
-2095.52082003627
-2019.734256139791
-1854.7952875839387
-1955.4302229367681
-1681.8209072310192
-1965.6813894949694
-1747.1293773115556
-1619.2355846079292
-1790.752718129124
-1929.5329851416063
-1924.7545880991054
-1971.7861542623687
-2215.3763504806143
-1979.2468112164454
-1786.7572988300653
-1901.1489196715374
-1837.8494989830092
-2006.6001937497801
-1608.9950632417883
-1749.2370586624909
-1824.8178605046492
-1785.7532290933189
-1854.0731945666228
-2180.2819229603374
-1607.0855405168595
-1981.0620733476117
-2069.858515414989
-1936.257735329256
-1893.9881840357823
-1781.4716406598982
-2241.1896154907367
-1989.1744466620141
-1997.1368178668445
-1778.078254868437
-2024.205467031023
-1886.6908603600962
-1900.2539439969387
-1795.6591250440492
-1915.447872335467
-1865.8232325377312
-2016.9766660355854
-2002.0507517562544
-2033.3710178972703
-1995.91373453565
-1954.411803849319
-2214.567950842316
-1722.978678234752
-2022.9747104767846
-1796.626190236761
-1999.9060873357791
-2056.070871677029
-1710.6268759501477
-1859.9766821029552
-1844.2069033040673
-1939.003563032189
-1768.4197565550014
-1827.2704602763251
-1771.7203173686078
-1971.7811155248557
-1748.7880565100645
-2019.6570650863703
-1832.6307112419772
-2088.437983680411
-1909.3907323783687
-1944.5274107624407
-1786.6451450441273
-2033.6757953399265
-1935.0027793642444
-1991.671417832392
-2067.253341738997
-1906.9280976753482
-2048.3153184679722
-2199.0993696785204
-1715.372848877585
-1724.0560482652004
-2038.808467769396
-2022.1459635331641
-1736.3329030050293
-1710.4202466502575
-1689.7421465842199
-1827.3710624935193
-1988.9660113469743
-2081.1916324840477
-1975.0436256445264
-1909.7005591440732
-1878.4913674788177
-1857.1364171694233
-1814.129087799792
-2151.3318613156925
-2220.9859351264963
-1928.0483657856607
-1931.107629085148
-2051.899541365487
-2085.477427690445
-1986.3906001225548
-2054.0930380255927
-1935.9819137856136
-1700.2326099463223
-1840.0572327648877
-1898.122205294656
-1624.101687493024
-1757.3406096921838
-1765.236196767079
-1826.4824726757424
-2010.545378193483
-1844.5851311617507
-1805.9988084020465
-1763.8715536372667
-1914.533553930055
-1815.821150684817
-1822.3907048369485
-1971.8956771431565
-2031.4429133023514
-2049.6412993079934
-2035.0258591021295
-1673.6547891319622
-1759.6053250875004
-1861.9777580075715
-1891.3658545600265
-1821.7670118561555
-1657.9280561620553
-1795.9464768930616
-1787.2377716883748
-1891.7289479769727
-2150.752236297243
-2017.701667088878
-1861.6349032836763
-1960.0349545870315
-1885.6171027298742
-2089.242958067473
-1902.3576758720749
-1704.576035172593
-2082.147550599147
-1995.3352603048127
-1818.961294840925
-1909.64307083302
-1594.9020788215257
-1971.596970809056
-1899.2834997806317
-1763.1548176893052
-2130.603973150709
-1817.9592492820677
-1800.2984491125135
-2084.76221293546
-1772.0446035153677
-1793.4670145862049
-1751.4672697248998
-1541.447338670986
-1723.3391474753557
-1848.0081845632276
-1962.3162500393971
-1763.7428947065418
-1934.1105231010933
-1998.5852569242286
-1919.5609969440106
-1919.61830631977
-1852.6943269709857
-1754.7333555524908
-1913.9414072217075
-2022.7454706470544
-2138.519192352176
-1794.5385752116167
-1958.946295683321
-1816.8730872184915
-1731.835439757556
-1976.3605073862138
-1556.5664876801002
-1958.4794179452256
-2050.8846714861666
-1773.5143174345144
-1946.7346082004647
-1788.8890985623011
-1980.0516325697272
-1781.127156927441
-1860.7642719654295
-1917.0470216577132
-2034.87965729894
-1695.932501550783
-1791.3857040538767
-2101.475054813318
-1543.3256383330026
-1890.1529393987487
-1843.3195423666648
-1738.0856117739936
-1861.0075182147175
-1930.5495794181659
-1856.417274100647
-1917.3416682152708
-1929.6687068674364
-2057.4450925173937
-1857.0808780503294
-2015.6872334347952
-2081.199314960575
-1779.2198908636974
-1970.3150341639566
-1922.3306293363237
-1960.3106882376696
-1737.3700769588686
-2063.3907854312315
-1881.7915982662698
-1801.0933967266317
-1831.4538111936495
-1867.805796128755
-2160.7475695967196
-1755.7593655760056
-1763.3705096326503
-1868.0801895988018
-1759.0970758997807
-1787.1755515243003
-1594.0348566169887
-1978.6342831468673
-1771.528239917292
-2014.7457543732871
-1857.9512658292697
-1826.144494858786
-1764.141060191925
-1761.1410840765384
-1818.9720824064489
-1839.523739056633
-2096.6874546330328
-1952.525150696667
-1789.502771083902
-1692.8384487528137
-1936.766377973905
-1723.7749928442747
-1782.970041756229
-2316.220755715872
-1791.362367604498
-1891.8772755784048
-1786.836960507926
-2233.0067364943716
-1862.6203692483207
-1749.3685884159804
-1952.763295879131
-1827.7684145535707
-2113.4568424894383
-1996.4627622977046
-2130.352799216587
-1868.097908790115
-1881.6468293277137
-1907.002648317759
-1842.0279537660656
-1859.273135209996
-1913.6590068980463
-2044.389391997136
-1950.73864890675
-1714.6071435084534
-2040.7990584097925
-1829.8209228373894
-1940.7264390448836
-1948.979724262888
-1819.301999446233
-1949.8454252122647
-2000.8310966025958
-1870.2696858749969
-1977.2342881945033
-1844.7420306110635
-2060.4974042464814
-1785.2937113982484
-1914.8301636043457
-2002.814981145091
-2139.3044203709533
-1873.7565066033085
-1868.4175854052214
-1938.4345976441775
-1777.1387631288355
-1999.9936697466248
-1926.1115219192063
-1779.552095871127
-1875.4861768043288
-1814.6323832727594
-1943.528526239154
-2172.06499817962
-2014.3949734961975
-1882.5494928019154
-1986.8772407127822
-1991.7764867986302
-1840.1413545113057
-1958.6640447133614
-1749.285740769003
-1933.370024870419
-1867.4711218405353
-2020.090466459802
-1919.4294940026587
-1950.912875559515
-2013.7509747381455
-1815.402615814743
-1855.2984914569724
-1891.4476821313508
-1876.6060911486472
-1897.9106971802842
-1904.30740467031
-1745.3939799888667
-2169.9521133136955
-1865.2909119766675
-1820.109122103089
-1588.847546842473
-2031.9374417085999
-1923.2936993183052
-1883.7549938070342
-2027.2287348930022
-1933.7724688352282
-1851.7417288342
-1811.6318999748537
-1785.4303175024602
-2051.3089596513814
-2005.206898343589
-1938.9507241985514
-1780.5330704099267
-1676.1146659519538
-1993.2117169509283
-1980.0999142519331
-1940.5723836891684
-1764.2979760672524
-1823.8829746286046
-1667.7501223015288
-1509.7302652898925
-1719.941137917914
-1989.3999541163575
-2009.8735365408058
-1857.2094653486922
-1772.9606515351315
-1840.0627487165684
-1987.3823929895689
-2037.6372628482682
-1785.29446987497
-2012.2313231332694
-1915.5696662741082
-2047.5592854658678
-1700.3007046596385
-1989.4157436402036
-1922.9920214942667
-2061.5522061424003
-2090.826291931952
-1836.9852526823408
-1987.6872605709516
-1740.2693700750804
-1815.2442201695867
-1861.0364805612044
-1886.3964066858423
-2044.151386919733
-1903.4365742654827
-1992.4386429278384
-1967.451458407868
-2116.9981538989514
-1863.4147360567779
-1804.959419832891
-2138.167516034326
-2000.8366560029674
-2120.4710508688763
-1968.9018768193891
-1923.5653133926357
-2109.103087546758
-2022.5389167007463
-1688.6447164182364
-2003.2454319615908
-2005.1030316443405
-1911.1567699693646
-1951.2017231779923
-1708.7907551512415
-1854.1219950317388
-1714.3691783137547
-2047.6638872751446
-1881.0158926101221
-1915.1527206061764
-1915.9586512243961
-1755.0936177253357
-1828.0512557134496
-1992.089076504917
-1740.624591587424
-1806.4277490861105
-1734.0265703032278
-1994.193909259502
-1718.1304540067915
-1876.9036814933097
-2039.9714256208958
-2332.320637279888
-1959.3817003341874
-1957.9144627386283
-1627.5392496169125
-2141.92775664904
-2167.8706956744204
-2194.793688567605
-1911.7288197507362
-1907.6902993825963
-1669.3842800721927
-2055.7979515515076
-2010.197121101085
-1922.3389080283291
-2016.3033595282593
-1755.7643013309412
-1772.390210671726
-1852.948315940306
-1932.3176586252175
-1961.6636759663825
-1790.5018726834014
-2076.406957830937
-2115.590569186799
-2082.6995243506913
-1755.6676265252745
-1951.1881252601868
-1809.0812331382997
-2107.7184460644057
-1855.733650198608
-1936.9979146609785
-1800.4473908209236
-1919.4098783819645
-1870.08637050226
-1700.4650914660485
-2016.2545954640264
-1990.7987015638082
-2026.822696930531
-1943.390752508602
-1853.0528097717752
-1780.3282707652706
-1928.2682768825844
-2020.899210366174
-2039.518299986468
-1884.2747260859885
-1975.6540459819807
-2110.656132246337
-1845.9126880884758
-1962.2694120143508
-1838.2750301564292
-1799.1373040056149
-1730.6542330317734
-1946.775861095825
-1970.3052221212401
-1909.4556884951166
-1816.654792951479
-2028.0734999649144
-2098.2900453702223
-2006.0641459185945
-1938.1436496307747
-1744.2503459153777
-2055.290315709602
-1938.7312369602832
-2008.9738056778058
-1806.261977970256
-1758.588243810062
-1676.5308742618436
-1764.7957748194256
-1964.523719708897
-1963.258746314861
-1906.5128661497388
-1943.907237383638
-1651.6380848155432
-1908.0641926033786
-2145.3964456391764
-1869.8887535423944
-1778.5803739305895
-1819.3549913547636
-1653.8026065889253
-1852.088080778208
-1760.2361432378302
-1985.1532019106082
-1855.8875693573673
-2040.6024981679716
-1841.9805387918045
-1816.3559496921685
-1661.5060352266455
-2091.9911684010344
-1899.8398356144753
-1721.7140899615592
-1874.265524757603
-2040.0598047440142
-1734.931802803685
-1848.0564144474529
-1779.342738606134
-1657.9701554314772
-1802.9761699114454
-1892.6267880238038
-2377.8994387465773
-1793.9423831863148
-1744.4305144812483
-1861.5326344965426
-1798.3550261168693
-1748.7964378456434
-1719.9755467987045
-1920.0096633445512
-1909.601884504646
-1759.164608745276
-2065.6181860916417
-1801.3856034937253
-2034.8253235554978
-1655.6074471473203
-1963.8355321002266
-2132.1378743605565
-1971.928903129239
-1895.400915393826
-2149.219723902791
-2025.4389419178651
-1887.7536144821017
-1911.3611046748008
-2042.4676188500512
-2072.056923428863
-1886.2789540992835
-1771.071863725312
-1980.553293812119
-1876.321779914223
-1840.8394602686342
-1920.3623893060276
-1679.9129105038269
-1843.932433277509
-1756.908684930081
-1880.0639737844722
-1746.9410013333375
-2031.2481852957783
-1717.2791920314094
-1802.3468567914197
-1991.5307946365808
-2218.1898935072195
-1697.0271304074388
-1826.1906202102048
-1790.3311877133879
-1640.543480372018
-1987.758278096895
-1917.3076139547088
-1871.4509928649202
-1833.7466605864113
-2022.6138336840156
-1939.743624167698
-1797.2907430372318
-1778.4538752618207
-1859.0857698719276
-2064.7708258600915
-1991.8370652858434
-1670.3988292608458
-1761.2833594704553
-1831.1204089459604
-1833.4911580794121
-1950.3141837312787
-1988.4347110116607
-1937.2100863336987
-1770.0904066748528
-1879.3232501543025
-1685.1961990608631
-1929.544610925203
-2014.0782895053392
-1737.993606594041
-1786.404534648162
-2003.4539546844962
-1943.27870779206
-1799.8832339896162
-2050.234808415507
-1804.3326962879885
-1986.9170068446101
-2039.4166438450736
-1827.494084878634
-1948.0181840074163
-1678.5988422855874
-1934.1028396588765
-1963.212848810243
-1973.315032108947
-1922.8724165914014
-2078.1985211891347
-1746.7199196153547
-1931.8817101746133
-1608.4849142027258
-1834.1649660076325
-2374.823327750673
-1900.9933149081546
-1947.7390801214897
-2228.884185171503
-1822.726433371855
-2135.047205140841
-1795.7240064618659
-1673.115760213459
-2032.9978983184462
-1919.761348763503
-2016.7612207014236
-1971.5027640055685
-1877.0858901718757
-2096.6028121945214
-1791.208074409904
-1881.330669845581
-1832.6457079584516
-2082.878488953293
-2010.251228922305
-1903.7934591674025
-1673.52409588316
-1733.0563480656665
-1734.418881391272
-1997.5514506471206
-1815.467690652803
-1803.4038020137382
-1786.6045154834148
-1843.2859116012087
-1821.4370482628053
-1736.5438080651145
-1894.317818534314
-1838.110180669296
-2099.318000796103
-1765.7635424256762
-1899.3812276727724
-2034.8431033573688
-1976.2125913897742
-1732.9852366338343
-1942.7239639868749
-1868.1439094093848
-1813.6102963706185
-1845.6976118873818
-1660.1293886325175
-2095.133948598669
-2035.2516738373552
-2057.272354889012
-1801.0100557624862
-2083.223075508631
-1828.944711935644
-1955.692820930882
-1768.3586946711393
-1880.4989392427244
-1897.236694250591
-1813.4481357499008
-1869.7099356348504
-1919.825569966286
-1862.537993867169
-1793.012483337633
-1686.6539658177467
-1756.401620328771
-1868.518099481298
-1954.6683296187043
-1905.1553077801536
-2003.3365966392034
-1904.9729210395562
-1803.6564696985927
-2010.6761110227349
-2095.6447582615942
-2041.5123252183928
-1934.6156335780208
-1838.208563849089
-1852.5380543567521
-1770.6515953801018
-1819.3295026720928
-1978.272847619046
-1758.834852372469
-1894.3775023780488
-1891.2719986186164
-1843.1381839343985
-1958.4784487305978
-1946.9515104680243
-2018.2641267512595
-1703.123193259852
-1951.6615772233117
-1989.3162224211742
-1932.5095981298841
-1918.697583634208
-1909.2015132327479
-1817.3899020895435
-1891.2237964875503
-1965.4422422797693
-1917.1496758338137
-2035.838963688091
-2110.141981319745
-1905.5621452644075
-1830.47560454536
-1953.224063460441
-1753.5883133885345
-2024.0858523152467
-2064.116457196341
-1943.1928943491764
-1909.765539193741
-1774.4681184190495
-2037.794497722872
-2103.4026361168994
-1950.1752162019766
-1986.5317725892344
-1954.5827369529973
-1948.675968033281
-1800.152719670362
-1730.804569208709
-1800.1253142800733
-2319.0275232030776
-1925.5692370513132
-1949.7334616768796
-1752.561730939942
-2287.102202882261
-2111.2777161037816
-1836.517394874837
-1950.3091080406846
-2156.737911794683
-1968.3010491370817
-2008.59068378062
-2031.3915961441967
-1627.097903074439
-1986.431270562054
-1756.0237499710393
-1855.3127913797348
-1747.170387860142
-1913.0807415154504
-1931.604163992643
-1799.4572897678606
-1902.31576422336
-1821.5601946286797
-1915.0892018520879
-1991.8198751451998
-1780.1503174530571
-1862.462948543576
-1884.6448311957056
-2005.94042765096
-1918.2688684711306
-1906.6635203122275
-2019.7269243026267
-1986.706827961491
-2010.6688957419608
-1714.8719002199086
-1816.7270143542742
-1864.9219807234167
-1915.1420235402593
-1923.3906568289449
-1896.6952603585098
-1866.6966488463731
-1903.5109572983733
-1943.4142093743885
-1881.1081538196404
-1963.506885249532
-1991.1460017312654
-1770.797435097069
-1896.8790007963858
-1843.4713050799132
-1935.2884536313684
-1719.441214795991
-1680.9890699351342
-1748.3666437761692
-1848.3067532279083
-1911.55357089653
-1757.811107156076
-1946.7965277897308
-1854.0046389556985
-2044.118979835269
-1513.0366128934884
-1778.7272168463264
-1782.5233189423475
-1808.4153867798752
-2175.3485509336183
-2040.6694875484923
-1590.114658511597
-1810.2838930669875
-1965.8414982358308
-1923.9466609863496
-1994.714976715387
-1733.7074391708302
-1793.6212143296646
-1929.6068689173571
-1802.7111332993256
-1882.0103606646335
-1948.1974816729773
-1926.9115504324836
-1853.9473159958143
-1716.1298310529824
-1906.742578004619
-1915.467599338377
-1832.8986687199963
-2092.2837705900956
-1911.8303900861429
-1812.1363144116742
-1812.0268321546123
-1819.9235488962972
-1587.4336348108072
-1587.702103567492
-2026.6457153637148
-1914.0780343985207
-1958.0035140248708
-2202.762702654918
-1767.5583645101897
-1953.008697451283
-1948.8000154451686
-1616.1938765756283
-1936.2502036480685
-1917.991399509343
-1965.0757438332098
-2162.748067182021
-1692.3682641709704
-1898.083502266455
-1893.9114425311423
-1899.8523063441426
-2061.7213506979438
-1912.736641189547
-1978.5742565355606
-2134.2717267601097
-1614.8084097973106
-1758.8227471295024
-1838.2784062394874
-1877.4816980455198
-1845.3373682712959
-1787.3251568002427
-1856.8520195551741
-2086.4230158402447
-1979.4549098207522
-1860.0855565327267
-1981.0286270656864
-1919.8891137798228
-1818.9941453096058
-1959.9272281414194
-1864.200033496052
-1967.3953761078221
-1927.462659148116
-1836.8345578858102
-2004.9546106756106
-1898.318122628165
-2153.4948169094587
-1656.3759357114704
-1822.001756132109
-1932.9953003121364
-1771.1367532469187
-1957.724689132153
-2070.723542488573
-1670.4601018694475
-2111.1322313447386
-1961.6724089923118
-1929.8021130508482
-1807.6106851592822
-1927.9981418418347
-1767.6393716635635
-1982.7165318450534
-2098.266232162296
-2023.046801640376
-1865.5742372945526
-1928.8568402880828
-1857.1591008617625
-2106.0613154547077
-1771.4335482444112
-1793.5697495554105
-1917.4046484274725
-1805.748032705738
-1775.630245142831
-1889.7446812472128
-2000.5970587564793
-1902.747661437599
-2046.0514612702311
-1789.305088267157
-1863.0660719522498
-1803.9649986371169
-2172.7428359506052
-1672.9435743971787
-1714.4019351674547
-1707.3911824064628
-2009.286261604686
-2015.6112815406004
-1805.8000800763323
-1980.6088181906002
-1920.7812315556837
-1748.0293874273775
-1678.1292695445536
-1620.7767741433352
-1926.9601533242485
-2059.7983533772776
-1971.0345862974657
-1968.5873997992917
-1919.4974863212647
-1649.7252212334624
-1890.12532908494
-1813.7638528561283
-1871.2347788528186
-2074.9498748840056
-2038.4837639150785
-2005.8559998449582
-1905.6967794265838
-1837.587677962073
-1883.6703043199418
-1928.1880300176451
-1917.0794129169335
-1896.5623612553954
-1871.0912487193118
-1880.833009849865
-1964.5853063052882
-1903.11335880411
-1816.7151634115476
-1790.1977576091338
-1792.1399720215568
-2004.1874470499101
-1856.9948667800018
-1968.168461265383
-2084.698443681497
-1822.7106540821796
-2213.4966508433154
-1932.7292018839555
-1817.4592579135835
-2037.8489794174668
-1979.843237704799
-1757.5738876973264
-1854.2340407853019
-1773.9538705099408
-2088.479789180453
-2163.777301503978
-1876.4413391787352
-1982.5240604031985
-2035.8368645758703
-1810.1395506603608
-1957.2757650510314
-1946.1577878034693
-2050.8386705367193
-1792.0423669289787
-1987.568908638023
-1790.423837123056
-1721.5898076095968
-2007.4928496221883
-1870.0933776832874
-1684.0924834840218
-1846.1615490440754
-1771.2866080729227
-1768.7484748144013
-1904.9953923387218
-2045.8451254002766
-1792.3745333869622
-1764.856345051258
-1816.3885631809171
-1829.9332407530012
-1789.735572950659
-1872.8210529398013
-1800.0955202943214
-2031.876049429944
-1799.8228660683917
-2121.162749246314
-1713.2553746036979
-1924.6074472723785
-2003.3103900115486
-1902.6349449844176
-1809.8154821690391
-1914.9984622075463
-2106.3832969141476
-2148.9860202186687
-1671.1021916274103
-2011.1912217887734
-2082.6206373210807
-1996.1730558720851
-1844.2101103004381
-1669.3205744733268
-1597.5781796278716
-1886.271791796853
-1917.778759258208
-1674.6246939606376
-1799.3720629843651
-1698.0723823947476
-1925.3168872330389
-1873.522935033581
-1880.1715724264704
-1753.1167152860542
-2166.2688876016846
-1972.099696200938
-1960.204706718589
-2008.1990829131753
-1637.6657997116738
-1806.5729091794108
-2012.987916855026
-1719.6631719917984
-1926.2616091789896
-1828.898842436029
-1878.9576980030606
-2022.483163130396
-1930.7665601365534
-1804.895593221444
-1836.1121714148453
-1646.1848979265715
-2275.9324751882873
-1649.3171137669997
-1930.0806424973596
-1989.2366519787993
-1862.906243096533
-1936.8687276350495
-1790.4146104226581
-1785.6408385732766
-1938.0076578611622
-1881.231572947327
-1814.148962001943
-1843.7133254122186
-1798.9216432520072
-1819.5332221982026
-1765.6888840559486
-1917.712790897191
-1848.5218664098911
-1847.6373898896666
-1774.6860883950794
-1843.0345994371019
-2081.2420697758266
-2104.8351517935207
-1926.3708003703023
-2059.742128447144
-1900.869631058737
-1781.9064689264328
-1717.554912295178
-1862.1677918402552
-1848.2893565488682
-1795.9077163234444
-1662.1525571870739
-1990.1408518814196
-1907.4362427959572
-1686.400599137134
-2033.387277701183
-1953.1203986522073
-1939.4566832553644
-1837.0569495889977
-1867.7708782355917
-1791.270080229816
-1952.6608546156797
-1985.765365164594
-1840.3880601999583
-1908.9975768009517
-2004.3486750701531
-1945.6515756317488
-1982.7847637170835
-1891.9888122110933
-1879.2404264071238
-1814.0175318570234
-1891.513885957361
-2025.025659101626
-1948.1456941193192
-1810.33963770995
-1714.6815082032565
-1857.9958852718473
-1810.602099346078
-2013.8869855094465
-2005.8376317112861
-1649.6329509020268
-1790.5380683435844
-1655.4968855908364
-1985.95222041154
-1853.3437724755688
-1841.8349922084599
-1887.3978565638006
-2068.7583007142885
-1919.6200148965227
-2057.668993033148
-1930.0664348342941
-1886.3392448604982
-1929.421410943597
-1889.6797384111248
-2098.439011850722
-1826.5093481150282
-1848.1842530403208
-1913.4508495743755
-1915.5865566385442
-1805.2842920838452
-1777.6447815911772
-1909.4076508951105
-1907.7345183926327
-1963.7266902832591
-2002.3745340095495
-1934.4727211457725
-1719.966324757214
-1730.1597210456139
-1674.5433278393257
-2122.4752878163576
-1675.205474244744
-1850.1085611847336
-1991.0283536074674
-1915.2373133673589
-2007.2441635410914
-1942.6366600913673
-1835.8949965705776
-1909.6144149485867
-2029.7196588988402
-1565.246695443765
-1967.173448430188
-1949.309699378856
-1863.4791822652392
-1939.7698157853586
-1809.2717061700669
-1953.8667137033199
-1976.7689482074456
-2011.7686189822543
-1931.8070732712742
-1955.9796108151486
-2269.4725809081915
-2147.8217029932694
-1734.0773933946086
-1892.9351414736514
-1906.653240430318
-1978.5413081372649
-1926.1407362165385
-2021.5036362011924
-1864.1316346005906
-1933.666434916775
-1888.272398533098
-2064.0504621520954
-1918.1704262252088
-1921.6119475952885
-1817.0122082035232
-1840.0596715485206
-1933.700539739871
-1827.6864496960989
-1869.0820696756368
-1722.8048888954027
-1957.1749452730273
-2020.509780816331
-1794.5641003488488
-1743.6920592180231
-2104.708821270629
-1909.2987298403798
-2128.394545696933
-1800.9681143852963
-1923.2492451070682
-1746.5711556451654
-1793.8732872744731
-1700.0320320464425
-1870.419012530375
-1783.1419492304349
-1927.0202962687172
-1825.0376573909698
-2032.3375100229762
-2035.3376874782423
-2121.1951846426373
-1904.5531350441456
-1855.3287073757929
-2047.0550349259167
-1631.0599920944214
-1743.6677951762097
-2060.8619189468022
-1808.6613048078125
-1889.2313077773624
-1847.7479184691547
-1903.7783929316786
-1947.2194128479694
-1958.9703430947766
-1743.4241339769856
-2127.0246852867012
-1868.9650145803448
-2036.388112142732
-1779.9354693592632
-1728.3487620090143
-2187.9804569097782
-1779.911759503869
-2111.132782664104
-1826.9190584204514
-1869.5226143618024
-1926.6159494370158
-1976.3611245609309
-1958.3473853543067
-1955.310639324892
-1961.0803584900034
-1919.4524796451203
-2070.2304539252314
-1870.4328567786772
-1572.6916776282687
-1897.7393844969783
-1870.2723601110397
-1947.1817626918223
-1889.2874827677003
-1888.121570417527
-2182.204659812019
-1768.5024596194312
-1911.8693239648182
-2090.4736994887694
-2016.3977800411349
-1904.3519601438275
-1997.7066467803825
-2277.088413319541
-1887.8500440056623
-1968.9147891067246
-1957.6576741310234
-1898.0335467064372
-1964.7026002808238
-1821.421548591943
-2109.1323556573166
-2086.6824771694855
-1759.3819940633996
-1966.0795213903796
-1811.3495584974564
-1955.6887289040224
-2069.659807090823
-2092.5992000902093
-2120.909436610636
-1951.6517452044595
-1816.2209805585007
-1987.27900323822
-1678.8364013893367
-1806.5903558184928
-2089.1001922803125

