-2432.0151027507063
-2305.6401880799435
-3017.4993656610472
-3312.3254041597984
-1953.7854397615429
-2813.9095099241686
-2547.842382753579
-3474.1177869158673
-2077.3003557881516
-2497.5052430842206
-4026.8267185024483
-1973.2068629770981
-1752.9570740666343
-1551.7691698448666
-1763.1354997271808
-1491.2268127594443
-1350.1848115923585
-1906.1159777455223
-1813.9020203652378
-1683.5877682530454
-1448.5823636615542
-2061.1438089860053
-1802.2911805365752
-1884.2445838360804
-1579.2674884055089
-1395.3029276020798
-1206.3697873088465
-1703.4903567547235
-1355.2940860365406
-1328.5449131459677
-1959.1369611103685
-1460.526529221187
-1611.139476543609
-1345.3749673157483
-1431.2741441196995
-1527.8588453504444
-1227.241295406724
-1408.0775128814093
-1493.531848756526
-1439.420131585641
-1584.4969003053543
-1429.772978839601
-1564.2037849794556
-1350.8356700805125
-1470.0642266586565
-1423.21702250899
-1698.454212129028
-1288.1017601375484
-1529.4113263661895
-1655.4972927576237
-1372.5586133929637
-1354.2797896981847
-1551.895952217316
-1550.4147090975073
-1353.2741668057045
-1309.2423000096496
-1609.4474393118185
-1370.1793837108467
-1546.7383762383606
-1547.940071542299
-1806.9219567624405
-1412.307277988947
-1191.196780846633
-1588.683944489222
-1340.5081378191378
-1359.1711717661938
-1478.5629354318553
-1430.826407163017
-1328.19646583914
-1441.0507555669194
-1179.8584257819475
-1495.667677754437
-1335.151307259126
-1279.4578048893422
-1465.564368556703
-1384.3647844255063
-1304.2402544346198
-1347.0956811532849
-1634.4118902920416
-1222.0748928920013
-1427.179393219709
-1242.2726970267831
-1266.504484869517
-1315.9595414683224
-1676.2557783160116
-1552.2808566172525
-1376.7942884517086
-1219.6125723290984
-1312.760556142598
-1363.7351189698632
-1279.0816871953975
-1154.9846202392732
-1363.5721607668854
-1341.529238532838
-1389.6686518040333
-1479.5350362822655
-1242.894692631261
-1356.4497388315572
-1302.6900832757092
-1257.2177599233144
-1268.9002732486945
-1261.3780575860596
-1544.821909346024
-1445.4932706490604
-1502.9503872042574
-1372.0638480497707
-1326.9037252912656
-1316.1264808226324
-1494.0603755780085
-1410.6038326527478
-1386.2768780621284
-1245.0616581145177
-1444.890678738434
-1376.5666342340082
-1369.3362817766524
-1612.3420225273244
-1421.025645050221
-1486.5074700405542
-1376.3731513573623
-1415.3056816540031
-1473.8828101005538
-1443.3907746398113
-1479.1904383708106
-1616.9267050921694
-1382.9460581793235
-1414.001338516706
-1255.8409093656937
-1357.6461261869295
-1461.5833200479537
-1331.2104805821746
-1563.495064697957
-1446.9997189888727
-1517.599617694329
-1551.251597420136
-1259.80052607423
-1363.9323997541842
-1412.934804990471
-1459.9619979832855
-1432.5276765895621
-1437.1604536383647
-1423.8598995419256
-1346.7120115701873
-1496.4228524974114
-1372.1439080191321
-1398.6719420233346
-1440.439591450903
-1241.281652573216
-1598.061569435723
-1548.6607507965186
-1500.1090948742337
-1391.9577420523901
-1471.1018050104778
-1527.6456564452915
-1335.3881994519597
-1491.7417402559613
-1374.515694781735
-1395.8330167234599
-1238.0978284812918
-1324.2436465543528
-1363.7054143418054
-1288.159336171441
-1601.2725362695512
-1309.9344993280718
-1472.2754155100283
-1458.4336906292006
-1537.8971139484356
-1454.4108834817307
-1262.279950729816
-1663.0313579026533
-1349.0469729376678
-1339.0228850952958
-1492.671049734505
-1576.042142697347
-1363.5027155735918
-1444.8134473388445
-1435.0410413335683
-1515.4705534815907
-1714.8608679886856
-1625.882091077201
-1563.670475069224
-1384.6309511959744
-1333.8024726085912
-1499.1586940701009
-1265.6376591691487
-1322.796255778787
-1282.8985053968042
-1351.3321178416513
-1434.0570638457662
-1279.475930485388
-1592.5813689932609
-1247.9072638301914
-1520.1597428960458
-1547.8526230572668
-1351.9577777633745
-1310.936094158702
-1505.1555747826442
-1287.3501802653936
-1519.2324384452993
-1515.3627153811478
-1329.4736000804864
-1425.436795755948
-1652.1847610177535
-1534.6738949185253
-1456.1627489178613
-1290.086743155137
-1410.2446278667792
-1408.2659021640584
-1645.9424763199088
-1180.880226920514
-1359.8498519501888
-1330.679055803156
-1251.1037459378063
-1228.4672967275244
-1398.6168018164685
-1376.5552780812004
-1536.8480235285967
-1228.8013207476893
-1490.4333498743526
-1406.2507998829838
-1350.3439927367695
-1469.5105074937976
-1396.237812918479
-1416.1561119955081
-1389.8564048595224
-1307.2866616377066
-1628.1835986565573
-1520.81655060108
-1510.6299732705177
-1334.808572530101
-1316.1809835132806
-1229.961207658889
-1500.4370142869557
-1350.930319224543
-1512.2790884824776
-1442.4764149575312
-1442.1213727388788
-1592.8205225978675
-1478.270420921258
-1615.9764608796688
-1835.7454152875862
-1385.3011035933896
-1482.9638319526453
-1259.2783155714792
-1449.775093210432
-1197.1064406238531
-1353.3520407105384
-1622.6653122641744
-1343.4044071150322
-1427.0262038353758
-1252.2418968103705
-1180.812492216444
-1359.0560890979657
-1401.8116598875067
-1299.2674453474096
-1240.8284737555514
-1265.08410155201
-1400.842680035504
-1417.7836125616716
-1358.0577373838905
-1571.7836109980285
-1245.2643764526454
-1355.1633390647291
-1550.0303439163847
-1328.8161552649517
-1242.149161812462
-1394.497907700138
-1475.527255409289
-1228.7318581988216
-1462.677475491284
-1397.2179324395674
-1537.10924902172
-1390.1591143582664
-1541.7164374081656
-1558.292825089361
-1556.7613258181577
-1623.6414444054803
-1460.857622962399
-1602.3020595917108
-1291.5261257966301
-1417.006573643472
-1315.0139764147943
-1345.7770087315478
-1360.4616559474543
-1359.7576763814843
-1362.3014092282183
-1475.9984399111472
-1360.13737544896
-1280.0990533254612
-1400.5355332147428
-1376.1965174519228
-1277.2601524248203
-1447.313958875314
-1315.4400885995847
-1166.7444606938654
-1402.292671920561
-1404.9107369825524
-1249.8338326423277
-1459.302757146239
-1278.059064289317
-1412.9516250589018
-1300.5435784351448
-1198.684563924588
-1314.857640836666
-1362.2504780029626
-1318.4003111105103
-1330.0408010663623
-1264.0891414204807
-1461.642470824379
-1404.6062384767586
-1594.0334419477672
-1368.785178492365
-1405.104555843019
-1421.961352672074
-1377.8089974983532
-1415.684456612904
-1196.4430549730146
-1411.616955720502
-1477.0390908372756
-1182.8749597624053
-1145.6152214073443
-1598.2517345892602
-1237.1961317537116
-1420.2039258705959
-1359.7019078236863
-1283.5419154426302
-1373.9584580997769
-1343.6833545013233
-1201.2101535947156
-1748.8566876800612
-1582.5843715061485
-1324.5219876348028
-1318.0713817303115
-1218.4092044256836
-1418.523772796909
-1508.8723555070576
-1303.498420139743
-1335.112987652036
-1353.39471373355
-1439.187721858595
-1499.6907222407283
-1400.145725398295
-1279.309197610298
-1297.6184982129223
-1296.791132214313
-1429.7481301156138
-1318.6833431722655
-1335.4122992108803
-1310.2916404502391
-1274.9575352402883
-1318.439082713283
-1367.0721269916248
-1403.0474717582124
-1718.0563274135777
-1423.8674786736456
-1616.0981403400788
-1577.7601297026724
-1332.3317287416094
-1323.314725965073
-1532.967705076999
-1437.0787626297883
-1508.6240674860223
-1497.0608759197248
-1359.1426684207015
-1166.9070741308426
-1304.196984560388
-1357.7502302997336
-1397.166560954397
-1265.128088090888
-1402.1795814186808
-1445.70351575195
-1421.700063851905
-1144.230591705747
-1435.3897313758466
-1365.871066742779
-1358.8250371228432
-1213.84223908024
-1423.5243673472928
-1483.400868626208
-1290.9425885396404
-1288.3824301047098
-1302.0175623807218
-1408.2382741994852
-1528.8407804865415
-1654.5854330796021
-1296.4191803967094
-1177.0476652103196
-1579.0531367118517
-1262.0128140384431
-1258.243202496492
-1371.1839361246439
-1329.6333085749625
-1358.8256207714364
-1532.2576461898034
-1481.7978567618377
-1477.392976778462
-1324.346159399528
-1351.0175274954736
-1341.5524353984756
-1580.8472625443353
-1437.9859470549418
-1390.723757378717
-1410.3620466017128
-1272.2889260154593
-1273.0404166672254
-1152.9612418520549
-1286.6192442977863
-1325.5204192587535
-1223.8275797706308
-1460.779376232761
-1288.332979966962
-1180.1030453398996
-1299.3281192319766
-1313.5938789693448
-1346.82338884641
-1270.6162460196533
-1275.693292261054
-1248.3806151191257
-1458.773406730821
-1430.629999612598
-1404.2994030487837
-1363.3661326670663
-1350.5533690984669
-1268.4578624056885
-1262.1860678519672
-1278.696988945655
-1643.1725939137302
-1404.3955922485447
-1332.4051396588875
-1292.4548299656294
-1291.7525576461549
-1284.2780919200268
-1173.5716744028293
-1527.2890602245461
-1394.118809792205
-1226.88792308924
-1283.7098370906679
-1566.8904324441564
-1281.142370517345
-1519.2856955411257
-1397.7729581819056
-1492.555195392798
-1450.8845456179245
-1488.9719626869337
-1401.7849278618733
-1317.4739353364519
-1298.2031834606605
-1387.5565631232485
-1440.5702880734125
-1174.4662562981819
-1386.2145473010569
-1238.5408347778632
-1543.3264007764162
-1178.8048772787477
-1326.6300745486096
-1324.7816791443315
-1390.9699530779499
-1565.115225183617
-1395.5265268824717
-1582.3742493544764
-1348.5795851971861
-1476.8880496836382
-1352.1460319069458
-1364.6256987300194
-1414.124072917623
-1303.4461909138934
-1364.7641917109495
-1302.1965703709266
-1185.027213340165
-1423.3975060499429
-1237.5847604509563
-1163.7755730545077
-1338.2107117262854
-1266.032900795507
-1390.9528461542907
-1368.4210178795147
-1431.9406876971916
-1416.33924866686
-1317.282395796872
-1152.6067564775256
-1552.9251266613394
-1338.0930727578798
-1537.9725105080402
-1324.7822591513504
-1315.5552907709234
-1349.2849583240857
-1301.7997656997745
-1169.0561864140927
-1323.5431939645748
-1676.5725403321958
-1267.5462660912726
-1286.4990938986477
-1203.8987872069736
-1484.8310948507487
-1322.8297061155224
-1356.4660726481254
-1213.789759574375
-1300.2972839408815
-1348.896083626344
-1301.144506764797
-1388.65118240013
-1281.3704780838061
-1317.721631125732
-1271.6511676041764
-1325.763370068455
-1252.93649847776
-1213.7766044703494
-1411.1514294847543
-1304.1563148348691
-1331.8249383150423
-1442.4246027868828
-1240.679753442909
-1365.2173850194677
-1221.9816415732655
-1189.0926426444414
-1399.4911994586391
-1272.6289885439787
-1273.5192114585388
-1218.1093197537712
-1332.0673733972199
-1253.4509412805473
-1421.047878354575
-1321.8212080011613
-1240.1443091119256
-1518.8493248083628
-1385.9476465354214
-1315.7265829770095
-1206.2801307513118
-1213.887187896387
-1385.294023765322
-1187.554905046575
-1406.6627897535254
-1251.3740744817642
-1477.4620491403357
-1303.9868196105604
-1338.2407070055444
-1267.462862322829
-1300.3335968214224
-1140.3690138718414
-1293.3834008200574
-1294.7636716173074
-1396.9967372287024
-1219.220294146116
-1247.974782799169
-1333.654290614063
-1528.0981760952639
-1344.3645321428728
-1368.8450878637605
-1256.5329921987393
-1275.7783875231244
-1205.7303766677562
-1225.0191812777418
-1259.5332915767794
-1229.4602969867099
-1259.596910380001
-1349.1976532771016
-1313.0995725393086
-1215.3181126633515
-1402.2829005554167
-1385.0327218945233
-1431.3810604166074
-1215.2188823792137
-1148.3183580517432
-1450.953002495936
-1289.2706960063651
-1224.0137195852683
-1373.4827340840066
-1476.0693405560041
-1182.0298688790153
-1246.0479982634945
-1286.0951580330582
-1263.3040424623446
-1104.2078969512777
-1227.162698474106
-1353.4305747406615
-1210.2573575923968
-1242.713306830582
-1398.6314146656223
-1401.6841175211498
-1577.446363069138
-1240.2312856117169
-1191.4603422842604
-1154.4488984414593
-1060.7476135098134
-1377.392943728628
-1362.0673480669475
-1321.5195759304825
-1413.5079040579249
-1241.5564435058095
-1526.589034506419
-1238.9340935900798
-1231.0733042837821
-1300.5990072839359
-1119.8272784872315
-1417.9779593771718
-1415.4641062379694
-1370.726183881975
-1195.289162821455
-1256.790253478988
-1118.933876258424
-1498.933418221258
-1517.6609284981178
-1413.6761496356175
-1373.3369053379683
-1416.2078859257717
-1185.8209199757523
-1278.56930155806
-1443.2053755439752
-1435.1239249003806
-1407.5593878896261
-1359.7674048339604
-1384.2252665418962
-1238.6547879620725
-1222.8157591800548
-1379.755855281831
-1149.0572241056386
-1254.8356360349023
-1341.0686450513963
-1126.6114721942122
-1271.0736865525575
-1229.2948700228626
-1363.8773866982863
-1353.8572036480982
-1289.3893326840935
-1374.3210588125849
-1285.3925786913742
-1333.9622147341531
-1346.4232876872359
-1234.3276834005296
-1215.0803770816135
-1347.6626867726698
-1090.7264317640308
-1267.417259451704
-1246.690295794988
-1371.536077937707
-1263.0029506156234
-1255.2084409080717
-1440.5165205736166
-1283.9097515119406
-1320.1963453128064
-1305.3575590348187
-1287.131584226049
-1150.0510810570738
-1263.6466610024959
-1269.6105383237991
-1281.9719268257722
-1280.495957474944
-1214.4615314446182
-1282.6554648768497
-1198.8639106038634
-1117.7708098674354
-1407.0839367789213
-1282.6223574016103
-1308.4527309631733
-1310.0853144028933
-1282.677536855373
-1229.1944830842156
-1420.8202443411908
-1238.032668081923
-1235.1963276114905
-1446.138907601834
-1421.540433801897
-1383.1408039244457
-1261.832081158862
-1168.525273957872
-1437.0304166175183
-1234.6985943897005
-1228.3419040769172
-1347.4274298064474
-1285.7545937456705
-1336.9178619552895
-1376.2622178054337
-1192.3040363301643
-1324.066635732313
-1228.7901739791391
-1323.3535045897586
-1208.5919382788245
-1209.2789427250561
-1175.435061557663
-1383.5978486296567
-1246.6893566901717
-1222.446302703796
-1340.5131070056214
-1122.8986720699415
-1478.7096283155838
-1282.1155132220342
-1417.672465622415
-1449.0123866417907
-1236.251909365086
-1379.459970105738
-1061.321615732418
-1065.778315981025
-1347.9077038238238
-1199.5325686080957
-1171.393308085695
-1413.9847019886186
-1216.1769804058595
-1332.9274055642602
-1289.3686765622597
-1389.4072086518681
-1131.7255115633388
-1307.6562484391018
-1275.5880206280144
-1323.1856309573143
-1170.7752461976547
-1250.0225347724163
-1408.3197976125084
-1383.037711653794
-1344.1703153517365
-1240.1557130034516
-1303.2887626075358
-1291.7153946142641
-1360.03474996191
-1195.1571727966982
-1466.6762624680814
-1478.0397037656303
-1350.9556889984233
-1305.7391735785504
-1293.3309351633072
-1194.9082182443412
-1343.690913852507
-1259.7373526200881
-1387.9454582301103
-1343.2779326392842
-1271.3237459115198
-1279.9926582132716
-1281.4126646657069
-1344.3965228115112
-1295.1444854844221
-1357.7889922778677
-1219.657844338776
-1105.1832782440188
-1195.6454796069863
-1398.1360766115092
-1169.5127421257093
-1221.0157075732754
-1180.1091660824375
-1180.074648941804
-1358.387011106936
-1185.096375068313
-1220.5804818940076
-1170.81517807448
-1247.319034513188
-1385.3846022634566
-1198.8954098857062
-1301.0839715538877
-1408.4153253104655
-1388.3096482480175
-1329.7428288662456
-1168.319586630023
-1433.4424721625323
-1277.5254514825772
-1402.841364579707
-1320.0417213409346
-1519.4736178540961
-1187.7199421888101
-1166.1720435887376
-1428.4383844101849
-1113.8452340197748
-1239.042296447541
-1276.3550890144277
-1204.3625688263667
-1327.5611882654796
-1312.2815638615791
-1263.392778972403
-1351.7959178234532
-1507.2546495922024
-1403.9747574372445
-1226.3575115132558
-1249.276114584025
-1096.4043490459017
-1108.1454858917105
-1258.439350875422
-1290.390495689559
-1101.3289096535966
-1351.5981451668956
-1293.171879325896
-1371.8419345494267
-1358.559396697161
-1404.1824616566798
-1149.499030412481
-1104.9920394862545
-1234.0693945442847
-1144.9494453371374
-1236.6623593683025
-1198.6825346789885
-1217.6710427519822
-1186.4512572101626
-1081.9912802263136
-1299.3403030972404
-1140.746773676088
-1277.8799405545353
-1323.1565050427241
-1134.268894194474
-1505.6545508158067
-1307.5973085868443
-1167.1823781683308
-1356.0602982644991
-1162.5881845990964
-1253.724065279569
-1143.0974731268998
-1538.3338345179461
-1344.2878485439196
-1281.3526172757431
-1134.5844933888352
-1416.927899076807
-1269.5966435795244
-1207.7342470259284
-1184.6624350683085
-1371.0124073149696
-1469.624510048061
-1292.4501946442806
-1408.2450208483497
-1425.7006071506346
-1356.6020588656884
-1369.4503875005503
-1276.145891078925
-1199.3722584509273
-1214.2344577013912
-1207.599521597519
-1271.9565153958358
-1376.7240982506623
-1241.775226100035
-1308.6709450547403
-1366.3963623220689
-1376.2292525971231
-1165.2893540072132
-1256.6586321764908
-1291.2645433949854
-1219.1943586849009
-1343.6534635056028
-1236.7945328530766
-1274.8408724483277
-1324.3505343070221
-1448.1344536440874
-1212.3427275722854
-1289.4515146115818
-1102.2901196725595
-1309.835950630839
-1223.5359660118604
-1078.1951723390002
-1272.464380292977
-1248.9190072517124
-1514.5460205469378
-1211.7049746254784
-1434.87074584538
-1274.7460044403376
-1296.901375492936
-1374.194996852836
-1424.737134633813
-1368.9253994161527
-1162.6339194682332
-1291.965319122563
-1451.3082967263435
-1241.5001402847865
-1281.3661560525336
-1280.917389125263
-1143.2881652236756
-1323.118458354459
-1188.8278346341633
-1252.5735588933476
-1219.9410473077226
-1148.4459508128282
-1353.6489209475237
-1342.163852467773
-1336.183714882405
-1201.5440215582169
-1374.845172263641
-1210.6195287615524
-1231.6308963917625
-1266.8128392784047
-1325.4890936224042
-1235.8267251291295
-1464.4517088458663
-1173.0623452092125
-1355.6628956910856
-1361.2529365501694
-1231.3245711466307
-1352.0247490977765
-1233.9886871906174
-1441.8771262565062
-1237.8873217011776
-1328.7973755870944
-1269.0256782689603
-1215.967646013684
-1344.7600983931316
-1154.4352218853298
-1190.8475151263704
-1131.8866035226736
-1214.0466789842178
-1190.7342749481986
-1288.9145083596022
-1160.3236448702207
-1356.5983038826585
-1346.873569906594
-1403.1697806959307
-1234.1483559569206
-1112.2284418860106
-1332.1726894442127
-1235.4847362366213
-1303.5467163366002
-1370.962967809739
-1404.6865367948728
-1150.6797093836458
-1372.1943604428834
-1431.5849157401508
-1249.656789800285
-1413.5101811824077
-1268.1370915669613
-1332.439365514957
-1161.7731127328368
-1315.6073785510607
-1235.4635221472863
-1225.9879015900005
-1206.617221056585
-1133.8830143094688
-1337.065348531813
-1112.5010430522627
-1199.1582627782
-1330.2328607703307
-1253.1093358949006
-1324.4641703892787
-1384.4580695336927
-1199.9555646901322
-1379.7141615069424
-1247.0864352266626
-1304.710877687163
-1194.0096247535212
-1511.8597259472713
-1278.6561312311806
-1124.8827951021597
-1219.2067483741746
-1397.71815557796
-1092.4382760317526
-1198.1537398205353
-1129.8529358607773
-1180.5308763639248
-1318.387624679406
-1179.648848129681
-1243.3856466100199
-1554.674685685744
-1189.9968106378337
-1230.312795557389
-1270.483683853078
-1283.465946339826
-1342.6714010156707
-1402.152339096381
-1278.2094773332772
-1091.9043487900665
-1100.8810260756934
-1221.1437901900526
-1271.2703023251645
-1191.761335202641
-1127.9854732295246
-1405.2852841491167
-1237.0169257128623
-1346.4026727827024
-1450.5033985924138
-1364.2657980834472
-1225.0012684263172
-1338.955358079491
-1158.0386751718672
-1342.5531452875607
-1382.964799077176
-1284.1979198563722
-1347.1501321513897
-1389.8307274015265
-1193.0451560659442
-1297.1614329632596
-1025.2486237782914
-1117.9435098315382
-1267.4274492404195
-1164.8637725702679
-1278.211587110908
-1204.9829904948829
-1150.51345344114
-1319.063296142441
-1183.9394273822743
-1230.8424969316766
-1147.4779224745314
-1071.5523646979623
-1214.134368587218
-1201.9363661918517
-1245.4772289289122
-1254.9613660948344
-1399.880439746002
-1264.061647988737
-1142.1355589688362
-1176.1120247006245
-1226.0991991784335
-1197.328690668303
-1499.746879750286
-1182.382251487583
-1549.5308309914865
-1298.0533526552172
-1266.7163539023918
-1102.0459081139468
-1303.444272147936
-1260.1615597372447
-1013.3268015150694
-1270.682912384974
-1267.7362040996934
-1313.2670922972336
-1361.1491153601864
-1231.7717298015177
-1187.0671072720131
-1278.5286898770623
-1306.0621161705994
-1293.8758874536827
-1322.7521122252665
-1342.8341764742072
-1290.22539926086
-1345.6290449458838
-1156.839809407389
-1214.637471018819
-1214.0173547088239
-1180.1713299489409
-1071.3923284044704
-1253.5264491630887
-1166.07422014843
-1216.1234043283396
-1267.3074738382363
-1251.9370372774538
-1181.4493629555689
-1297.8097930109182
-1341.8386819237917
-1125.545994793727
-1284.5850372187344
-1373.8056793547094
-1202.3712635253523
-1217.0084774877437
-1328.0196516193892
-1226.3808458735684
-1237.332011225996
-1254.8488612456474
-1253.9965737662587
-1306.6173270308316
-1254.6818400562759
-1161.1221421342682
-1150.969022067481
-1230.6350425807623
-1229.4498974110484
-1039.0829616077472
-1215.3742818460169
-1203.9947579616576
-1241.8684262149793
-1284.5201162307394
-1299.3040389534253
-1214.8556335324877
-1199.3076774963602
-1203.133533311164
-1375.2542473524954
-1470.1811858355056
-1308.996555608541
-1133.7071578200255
-1117.3418797586298
-1388.0868125475713
-1227.26049624078
-1327.1154842922356
-1286.9698334175032
-1114.2674478772765
-1439.191430513578
-1246.1913642888187
-1289.2689567642612
-1340.7869507713576
-1162.009617088235
-1260.6341494376502
-1257.3670032379491
-1256.9860205761465
-1351.9271956096152
-1320.303618279922
-1134.1563188155374
-1293.0649071894597
-1241.3380445429545
-1290.7582700411767
-1161.1665773170184
-1272.5384548732889
-1403.628649543311
-1300.922978795151
-1213.0588670612221
-1205.46890028638
-1255.445928407917
-1308.5059180079477
-1246.8020211075257
-1200.1322318680343
-1175.0098691893786
-1301.1989478407363
-1325.1216062062244
-1309.5636683532161
-1236.7957325298748
-1373.220936758672
-1237.4776266087158
-1254.1758667027602
-1267.2816971592138
-1261.6955860071068
-1307.4270287387144
-1315.0282829427301
-1388.3383427256988
-1216.6059214361417
-1187.0384386237092
-1268.9018178711008
-1319.7794530188487
-1293.817034848883
-1126.5169657713668
-1212.5113483826512
-1237.3997901916402
-1286.2515189917049
-1432.4179315855174
-1227.2729874887962
-1268.9114919468684
-1232.131174993262
-1274.7840158132512
-1139.8775990437468
-1194.7935142399178
-1244.1925724496166
-1306.9041946578145
-1220.0831120670425
-1269.8657869595042
-1274.9502477939777
-1326.073582131706
-1194.110309229027
-1220.1549770271765
-1168.4334314830878
-1263.127207800722
-1442.3235772260155
-1349.5663770881558
-1370.404041902024
-1237.4209160007226
-1335.5952451905441
-1302.164843277903
-1197.4338061335145
-1260.4449822262027
-1136.4558429806948
-1273.0713873072852
-1280.9307500411123
-1260.2532783740883
-1319.1057597019098
-1121.9751234421008
-1312.5736091496965
-1158.69336004027
-1194.5732427763683
-1206.6579793018589
-1221.310635356642
-1130.130767834125
-1189.1088622020777
-1167.894103037774
-1247.1142415317681
-1250.2494739255392
-1131.672946221147
-1093.1546370552005
-1257.3367558198088
-1293.8401755485895
-1490.4520669039366
-1235.347282598889
-1472.4399194016669
-1278.7061266224123
-1455.4964940455422
-1200.1440649258166
-1101.500258777457
-1332.0845785596973
-1322.3164970582668
-1285.963522392148
-1258.6232615455888
-1337.6743613734207
-1243.1187512390125
-1357.7214036813984
-1312.9752257569153
-1329.904468206878
-1284.2726264424807
-1058.7165782476995
-1226.4404533971262
-1284.3622696757193
-1212.2522339387124
-1267.0195002371145
-1273.439420159636
-1458.1393610510574
-1272.3582296841148
-1296.7811963533372
-1327.709218342863
-1096.9294180952459
-1330.3222464208511
-1290.582560909535
-1267.5941855233227
-1208.4563432217215
-1211.1150316617875
-1292.4382202580482
-1360.0570818174685
-1104.4904580965622
-1310.625162355235
-1379.2247242825624
-1351.2714988946354
-1385.3592847894945
-1201.4052025983108
-1179.5377589632374
-1218.3253214138092
-1274.013420156036
-1212.118378706631
-1249.9895060849492
-1125.5675776013334
-1118.8997166438282
-1214.8968462195505
-1164.1744217098715
-1100.830107025049
-1171.4544578901534
-1161.590039828078
-1380.6399025741657
-1136.7042603795283
-1221.5341928282548
-1220.3926271243965
-1338.440203908595
-1319.3701127708143
-1260.2756724756962
-1186.760721125004
-1335.9339715516383
-1292.42589903421
-1332.159280174184
-1288.2493315781576
-1310.4278218800637
-1133.250195340624
-1356.7118013187376
-1255.9336530827713
-1240.453879380625
-1197.201170435468
-1140.3369573093476
-1132.1315125015735
-1288.778879833271
-1260.0543562648575
-1344.394324491182
-1313.815677101934
-1305.5017650265518
-1433.2284300787514
-1327.3465466695548
-1157.224629453024
-1190.0895946928304
-1184.8619183277817
-1200.7372494623576
-1260.5642907529166
-1341.480655637737
-1223.2953932287535
-1318.532074347566
-1236.1952342634715
-1180.987693860635
-1338.824365283445
-1513.869348513165
-1432.2800003920747
-1214.254116745249
-1342.1577003877599
-1234.8484282112659
-1297.428649065759
-1295.6990223854407
-1243.4442302545217
-1215.1144089095617
-1435.7893921872394
-1272.7339988133158
-1231.0274250901045
-1404.7200648166981
-1260.7665509150602
-1156.890925380328
-1123.0021152777724
-1282.702544286435
-1280.6164270707811
-1312.084708219655
-1249.7204668264653
-1247.5238456565132
-1273.8731260626105
-1276.7582346441043
-1214.482850390582
-1082.0394518038568
-1231.1987952091897
-1249.9824609030481
-1286.4902598549015
-1215.6298716598985
-1196.7330315923296
-1224.1845578804005
-1176.8286579927046
-1181.5109516380194
-1224.7618044324174
-1235.573490764924
-1123.0686702503551
-1159.775159599385
-1247.4415724777125
-1375.1964007581576
-1246.7473713800491
-1177.9067113910537
-1148.3373887357443
-1227.1448710238983
-1154.5697957740213
-1310.4332350938566
-1178.8583063367657
-1238.368691068875
-1224.369626458916
-1247.982816830077
-1126.7071324659469
-1191.1374932169485
-1333.5380947648732
-1339.8069601948437
-1144.2086956927362
-1259.9904226710573
-1315.5897072088385
-1120.4575545710236
-1293.6283937833568
-1238.0002849305852
-1142.3651907174947
-1188.2443946143017
-1377.7965604311048
-1326.4011061895255
-1291.0309077325685
-1238.2294475762887
-1146.6289229893655
-1226.3904317634865
-1191.2424869059273
-1194.5316475057143
-1266.4254150297852
-1232.6493657476394
-1254.9412954634277
-1372.5017886944727
-1119.601410769629
-1261.009164452835
-1110.4370184997015
-1281.150276789503
-1323.7598755384188
-1344.944275943406
-1237.5471128775541
-1373.4321347533314
-1401.7935718039625
-1254.3541329972222
-1197.6448737843693
-1219.073321183454
-1363.1863660432448
-1169.8676464180733
-1133.7642772035763
-1240.3623075030616
-1184.8707213898633
-1191.9496638738121
-1288.4940326921221
-1188.4564372983775
-1194.650348979861
-1279.6900629365248
-1189.4251205195294
-1143.1947429980348
-1365.6907630697447
-1116.0644706174367
-1084.5630531598113
-1243.2230166293562
-1364.668177856673
-1191.1277759120642
-1258.651874969174
-1182.3695316556464
-1083.4561616816936
-1214.7445232027333
-1252.0164551105713
-1152.0247909839914
-1253.7823007216543
-1268.6946847821805
-1225.2713416096778
-1161.4885001850569
-1188.4492245271208
-1336.7521507889455
-1239.538228142157
-1209.8053087168025
-1090.364986292967
-1090.0593903671338
-1265.9943542422207
-1179.3294495714213
-1305.2601194804247
-1197.1657923152538
-1134.8049094613777
-1192.833853044648
-1300.7209892666401
-1157.2403837946147
-1368.7906183631935
-1202.349967786107
-1126.8816838476816
-1249.0376776556777
-1268.6502227311887
-1397.4329212536995
-1204.8992606145591
-1282.0665444737015
-1249.7185978425014
-1440.0960999112003
-1252.1483857959029
-1175.3905507583283
-1233.9991786178052
-1125.9547233239841
-1250.5151053020234
-1251.366848740076
-1395.7244367657154
-1319.7239399332593
-1228.5424010466386
-1284.4595951583276
-1231.8937145147029
-1107.3013829262661
-1237.4077963866857
-1339.9445539389694
-1280.078911110404
-1280.5314018767838
-1245.3932619842633
-1295.3035368762958
-1455.1582353108665
-1200.1584369179577
-1098.2901763225734
-1398.7077810306453
-1215.6670898829914
-1335.3497732308906
-1208.4857164074265
-1346.6640707939407
-1211.1201633383507
-1259.4034024606844
-1273.4771454136257
-1157.5465575449884
-1367.6090145787946
-1350.8075937774308
-1172.7880608485239
-1187.3328105226417
-1173.1885390627567
-1366.3430584695727
-1360.8671069598736
-1250.7787502202357
-1206.153574190166
-1244.6369886422985
-1235.7017969610151
-1149.6367849116684
-1283.9918900505618
-1190.3165840912309
-1300.3756673297275
-1350.5365479543273
-1132.3524047996004
-1247.7256113359304
-1281.204350149261
-1293.4114158871334
-1258.3842436539826
-1177.6453762274598
-1230.1587430069553
-1132.4743208647062
-1180.0368983658955
-1250.1393645328144
-1406.8440065098448
-1269.275419257976
-1315.8626947436135
-1197.3950232958366
-1208.5249433758217
-1149.2862132517469
-1145.1706757379252
-1246.8690209438148
-1288.4075537120273
-1318.8980196029981
-1189.157551937031
-1145.3569613601044
-1466.6440920441112
-1233.2239541093822
-1171.7341188819444
-1201.6212766641138
-1249.736668636521
-1175.3085251277216
-1356.0501678168414
-1247.2546942994595
-1287.3034117950501
-1248.08739965746
-1204.9874910310068
-1214.5357901007242
-1346.7355391343253
-1445.8487769492303
-1354.4488807466291
-1136.2016771257242
-1163.167356575548
-1254.5283440613812
-1202.6625786485731
-1329.3962518835178
-1256.6811297136503
-1321.384533976386
-1242.5726490802153
-1052.8321547576584
-1270.145091364603
-1291.1999538555701
-1339.859636898285
-1253.471649796339
-1329.9476087777712
-1388.2950031800642
-1321.0803907988713
-1328.0194799028395
-1198.5624210002375
-1273.4211201104677
-1273.278997345733
-1170.0461163106868
-1255.686412814266
-1283.9844825106575
-1369.9137687532575
-1206.6168497864817
-1107.0063813868592
-1336.0571700204257
-1294.7879810526524
-1393.0694241824265
-1351.3709687714306
-1308.7628909749203
-1161.7631603034868
-1272.6035089423347
-1232.6205334415079
-1283.4286267001041
-1225.2898428254337
-1343.3036730697374
-1275.9656744980907
-1206.4359300997166
-1204.3690053192045
-1110.8820866272995
-1232.8875663219128
-1379.2933220262523
-1275.1666719782102
-1422.722098743152
-1143.434428887789
-1274.9048195180933
-1326.7252665533763
-1208.2120522931066
-1253.7025343660162
-1284.7812027332411
-1196.0416235999298
-1193.138263230602
-1238.4166387534633
-1206.2945075991302
-1517.6134744290973
-1305.994845894761
-1132.5049981848467
-1107.5593801521984
-1224.605445734014
-1152.0338605107909
-1125.5624330845192
-1160.5325921647527
-1200.2043422653019
-1176.4011759269115
-1204.383374895148
-1078.9829383473752
-1270.5691052731459
-1279.7868521282546
-1240.4538568565395
-1351.3513815413726
-1231.3951247587984
-1193.5102572215135
-1204.4490651030433
-1375.7332372329547
-1072.317563416714
-1111.2508637192925
-1152.9200674671722
-1138.052205951192
-1144.4990330347903
-1157.9943642274332
-1271.6750030371627
-1197.9434381473748
-1271.7719339359764
-1297.7632076238278
-1260.9135780013303
-1547.4258615320418
-1137.2320804798903
-1206.9045434709642
-1298.9347967000658
-1327.528435399706
-1211.4006847426042
-1163.2321654261143
-1139.5639392823912
-1317.8282949704053
-1388.686519886681
-1117.2660770143161
-1278.9718505144829
-1197.6784962327438
-1389.8872870169062
-1051.8977303980382
-1187.662575227446
-1294.6524975826678
-1156.6852608628083
-1327.796887092447
-1284.192447526973
-1166.1984407538316
-1106.607530287415
-1260.525400692884
-1283.0555865408778
-1349.8686796000793
-1122.3175046031413
-1183.3278278371624
-1313.2114462237416
-1214.4204880075183
-1181.0154688221141
-1315.4845286980335
-1202.1257583811646
-1245.9985338876907
-1098.296723910822
-1231.4541301948063
-1191.0369437021711
-1277.7715431018796
-1213.5513619798908
-1280.627590643684
-1369.2612305814391
-1171.9190386141745
-1225.684703592048
-1162.1188406689741
-1100.8708550978906
-1317.2509974386176
-1274.2773745752365
-1206.2087177802232
-1230.023693260895
-1120.539724777489
-1276.6089543384296
-1281.1717493451665
-1132.0228323510728
-1296.3585654015199
-1258.5705816795873
-1203.0877141548206
-1395.4234220430253
-1172.2720857613313
-1141.261358595803
-1262.0507015469693
-1165.3418507083552
-1328.087326529734
-1199.4707072437068
-1116.8518559667045
-1277.9769454254294
-1215.6991127167464
-1222.160830618618
-1246.6087935990054
-1213.8258356426775
-1243.8116904455085
-1135.8432240846305
-1191.8295620423617
-1279.6687465101031
-1180.131028569119
-1249.8552861642315
-1272.5470231747443
-1191.5285336638915
-1201.9592818900155
-1233.8431158360142
-1263.0111564832696
-1213.362218953289
-1308.4047579881098
-1143.7511548417683
-1293.118214345225
-1290.2987534610977
-1227.9811580244939
-1218.1820492812506
-1123.8001727691353
-1369.4144808483456
-1160.4879041273562
-1309.4549291448134
-1386.7327064655367
-1196.5278015035053
-1277.7974260378023
-1219.4265300328918
-1189.2456648603857
-1079.354061746616
-1278.217465181112
-1210.8554295740735
-1328.18112593838
-1187.8070080975622
-1303.9414510900301
-1306.404958785141
-1101.6112765749995
-1183.2639084341542
-1264.6285971160453
-1118.9099607437493
-1174.7742778895606
-1133.2395715037942
-1085.548884069629
-1260.1685676208874
-1277.4761680996312
-1262.3492896656119
-1262.9543670853634
-1252.5819791455103
-1044.3534630250886
-1188.7475757608088
-1200.3387583357496
-1195.3814123511572
-1054.323611122324
-1211.8132298933278
-1304.8833254912631
-1305.856467359749
-1410.1020223997323
-1160.916454003057
-1184.922037262043
-1237.799825121875
-1152.9984899607614
-1215.9227214668122
-1239.632759134477
-1181.5574326540018
-1276.0262667582829
-1311.204446470011
-1361.7823484429118
-1227.4904163012807
-1126.619994925325
-1258.6248124426418
-1227.4677131863452
-1231.042732176581
-1173.1353032182676
-1236.010161756085
-1241.4612333309922
-1317.0550048970256
-1271.072684859303
-1182.892186189376
-1152.7219620917767
-1223.227056073514
-1225.8875618026896
-1196.1662888490248
-1175.956755963776
-1229.3768155246162
-1236.1456837143016
-1231.9464234043553
-1249.40734253747
-1164.0922296772706
-1303.9377703739428
-1202.453390858418
-1218.120000682993
-1262.1849477869268
-1197.1307125546007
-1333.6988120255328
-1144.238147679441
-1279.7063603556564
-1230.5848101856323
-1209.5922332139585
-1273.1405150136043
-1234.8047332277065
-1308.259210578827
-1327.4911957195782
-1175.6201603483046
-1190.0042270579058
-1295.100157076948
-1353.210464702313
-1111.1723295265099
-1187.9006741283044
-1372.4917074570521
-1308.2922543452703
-1243.642117639276
-1205.5698186020336
-1321.0159880473639
-1208.834004970711
-1370.9003896622871
-1114.4158705623804
-1108.488268776634
-1235.9898245805534
-1216.6279108213193
-1208.0325377881804
-1153.8877076711515
-1267.6777435019585
-1262.4559453558263
-1252.9910867495212
-1262.1640689364795
-1254.0684726077386
-1259.7853386024974
-1275.6099174993578
-1242.5776629306165
-1363.3492665876436
-1186.5735233583182
-1240.1546681007703
-1217.8136076248045
-1244.1709373317492
-1283.2474350089963
-1202.9216647328553
-1255.3634046539146
-1182.812751201801
-1265.7753488297942
-1414.7558741089258
-1062.4603448647392
-1241.0672848373258
-1283.6026301706852
-1237.5724649156496
-1202.4427205950872
-1110.9077970436147
-1094.2990334683216
-1087.5983741970447
-1291.2875600525804
-1219.9273832899462
-1299.8570276116864
-1136.4813759973663
-1246.7432247253207
-1174.0881258744716
-1267.0115262464922
-1139.0500352211243
-1348.2578276061824
-1391.833211117498
-1174.3385737111937
-1268.5774114630303
-1234.987662422327
-1198.5579049006637
-1175.2095116691098
-1201.411462920102
-1148.5779740620283
-1188.0979917190887
-1146.7751385088231
-1300.8440058243962
-1174.3089630465427
-1188.1431717591672
-1237.7327580902058
-1134.8999137140088
-1276.9293424652626
-1316.6382608792073
-1363.9572119794893
-1291.4650613693548
-1171.9425105503808
-1208.0550821976703
-1220.3631120965008
-1123.9769417386385
-1317.589349807702
-1295.708465279308
-1145.594404373105
-1272.0630546558557
-1175.2070194791713
-1171.664253394076
-1337.8344402912394
-1306.4837888156299
-1253.630559369726
-1176.592934003534
-1239.155682022806
-1299.8614131530994
-1360.2841751957678
-1205.7410223442348
-1267.784432129789
-1194.3893801838597
-1163.3038496189254
-1157.5503344076485
-1283.9967556401764
-1166.6270762222844
-1190.8386368271726
-1146.7132656211045
-1072.4565441630493
-1182.749133696077
-1270.7241675986133
-1271.6195593513144
-1162.4458453689308
-1183.1749609651679
-1203.2638246670745
-1130.1017021358384
-1270.6185600126428
-1305.3185790064333
-1229.5142027768425
-1373.1050083309538
-1280.452484023178
-1180.2248503974024
-1367.0982657511395
-1263.0723204277315
-1227.6958280796061
-1154.4673197210727
-1244.0214624903629
-1188.4464288439901
-1293.5005519391416
-1232.530394752114
-1247.0610434230316
-1228.06679709627
-1175.084674129225
-1210.1376162740964
-1095.2075290889097
-1111.4100471485688
-1311.910080747213
-1154.4035562563733
-1359.4177062762972
-1181.4207458890808
-1349.7448377970036
-1088.5141312658686
-1082.261953597926
-1263.546269321765
-1326.265738848033
-1179.0272977712993
-1305.0619842330395
-1237.5984628865376
-1223.0546063201368
-1289.4852310036306
-1245.9360928842527
-1350.67497555788
-1176.299887222277
-1230.0616023346702
-1186.9212555637798
-1262.1270940106033
-1213.9265735623746
-1178.6697696166343
-1208.308594562649
-1240.4143949806157
-1280.5229507298707
-1206.956473512592
-1125.4880375362718
-1145.0489830216227
-1216.2234789416116
-1079.2016082998189
-1224.8985986538912
-1189.884423330706
-1162.0301546286628
-1257.7482072787443
-1220.1376874971158
-1311.3366201987312
-1214.6216990620048
-1233.1354777505705
-1287.3607106118152
-1329.0659650568966
-1135.6707001299537
-1193.054409689372
-1279.5144390727792
-1239.5854357702347
-1279.6191576246097
-1196.814010652431
-1171.0542445299777
-1300.3635898714572
-1246.2646177237643
-1272.7618768023567
-1129.9372715179643
-1350.3537366455912
-1321.9689332488508
-1161.6407713227343
-1205.1806853934784
-1210.3275762264723
-1204.5096444901767
-1250.2249891858107
-1169.7554634039302
-1266.9538005843747
-1169.7549751538525
-1382.0183168320868
-1243.5290177809638
-1148.8916128835233
-1175.8133144710569
-1189.1991617905594
-1337.7755313021867
-1153.2477097118008
-1139.9369079808575
-1263.9939510804952
-1285.7038951335003
-1171.930003018894
-1243.9100243130715
-1112.7205831824128
-1226.3926288321566
-1354.001614211925
-1201.5236959629726
-1393.8791853831897
-1256.6047493487808
-1265.5505302730485
-1139.791854724339
-1141.3449945860789
-1213.3155223019048
-1206.4047530925216
-1296.4517452148493
-1299.9675523454343
-1102.835794850515
-1263.3355772727537
-1315.858612160766
-1397.983256531759
-1210.9176014952527
-1279.6653584164517
-1314.4176113803805
-1106.6265774775031
-1086.5203496419451
-1270.847348565957
-1122.9763524839207
-1125.5062476932671
-1144.7592420273693
-1310.1946222868246
-1163.0746372629646
-1181.9987471295142
-1368.3652244176963
-1328.104289037461
-1121.5132618439497
-1285.2349038373495
-1167.3020206576427
-1085.3850131592662
-1317.8619494739019
-1195.6782240481118
-1384.6178676382444
-1185.9318590545818
-1230.6257052221945
-1209.2126055397487
-1221.155254732825
-1145.4766410019256
-1256.0389397035206
-1368.4812580570606
-1246.310748777092
-1268.7996777715744
-1207.042717063804
-1205.011884863612
-1221.8881388923762
-1218.0144758307658
-1257.0507468736853
-1214.2957067171956
-1295.8102769565633
-1317.2743540074187
-1228.8552473285467
-1339.5633407585658
-1415.4175512526826
-1154.043556250527
-1170.5202719524357
-1207.5873498435153
-1184.3162512287174
-1230.804239144368
-1128.568783722284
-1262.861267787697
-1261.3116937333082
-1231.6013430320525
-1202.2783126319953
-1421.807947962472
-1267.5360417299953
-1061.2856892247416
-1262.4961495553293
-1271.8760211747122
-1306.921474776943
-1242.0996209292746
-1241.5374264488535
-1271.0055917220723
-1192.0672571127914
-1150.984998769439
-1239.4581029355586
-1124.2128098355734
-1143.3098223909963
-1194.0658741165425

