-3379.4986732914294
-2942.422890251739
-2912.07400970855
-2801.766022685286
-2225.7680093417634
-3856.199553240873
-4111.529000466999
-2735.175975172573
-2592.7076024709045
-4116.440236480466
-3173.6025333421203
-2368.362193255648
-2035.0226680598582
-1797.2688732606418
-1795.8678734398204
-1681.734966744918
-1733.4108389333467
-1623.339769163065
-1854.4821263397885
-1579.8992841275667
-2288.342460840885
-2124.5426384378857
-1658.010277182947
-1639.2302770576707
-1723.4688597773911
-1554.898034692857
-1651.288223744473
-1635.7531784018865
-1529.5004994010505
-1742.402215905374
-1743.2494327412307
-1501.3214648067608
-1675.445842193475
-1975.6866733914999
-1496.5072729475817
-1603.433200925625
-1889.2989348546305
-1702.1284360381426
-1799.8947260944215
-1405.0583565764744
-1324.378894366667
-1486.451468156326
-1625.1366114463658
-1623.7341106656634
-1506.671593701747
-1681.5425595147226
-1600.9029723117078
-1424.6688466717703
-1457.7383736657475
-1652.684494560411
-1422.3980090876603
-1585.468635375662
-1496.639301234115
-1810.59224366952
-1392.826975150711
-1516.2483418397587
-1508.9387427918336
-1323.9065837708058
-1539.8194728354322
-1446.292418119553
-1456.7233318145484
-1832.2145328385702
-1259.902050471168
-1972.430560597979
-1510.1060611788953
-1560.5919354263096
-1448.7078190499642
-1686.9484781356634
-1508.0925305055428
-1468.902201674642
-1511.6631547403936
-1347.3634797830196
-1543.5287090783213
-1582.3380020466884
-1422.5044906477417
-1382.0584134884123
-1528.3061703619655
-1323.3186498453742
-1391.5074498380054
-1461.3744034002245
-1810.9283572707727
-1391.1879331643377
-1489.4500664562431
-1527.8807145967685
-1731.3578449977479
-1582.5970704985186
-1288.828217785636
-1475.7004794061552
-1510.3301012367729
-1276.7970165309707
-1390.8206812625772
-1376.780201276004
-1283.9650402094062
-1275.4081144499075
-1510.1358200861685
-1392.1919224372443
-1417.7989027001838
-1549.979216405635
-1665.061710332976
-1727.0881347441596
-1350.1154925149542
-1281.103471387607
-1264.992315167773
-1342.4242920321185
-1367.6807612875627
-1559.9207174248527
-1579.6513305772787
-1498.9606426256212
-1345.8494765353496
-1436.079630443703
-1451.3914973586725
-1493.0976832691615
-1336.9991109503303
-1694.0436324174368
-1320.9018150483362
-1277.609528774763
-1316.7888962743089
-1445.6837718723716
-1265.9004607459065
-1327.5826765066479
-1391.9705222284874
-1396.1829102575898
-1482.6790667225077
-1361.9905329042065
-1381.5672962383583
-1386.3484032138495
-1268.8481003805487
-1302.9452937813014
-1323.213887156653
-1321.0740227395154
-1421.7101765108944
-1467.643336266244
-1501.2009682100236
-1307.2663547371121
-1266.6064435080032
-1496.9989982517252
-1393.3007398210611
-1389.85274510648
-1410.7531705110773
-1342.1679162165674
-1271.343824575646
-1251.6783088987268
-1330.157139265306
-1537.2931884628358
-1528.9292056390027
-1367.800080765517
-1448.1046975054949
-1310.9972773686725
-1536.5652757441324
-1333.0493945639134
-1651.558384162148
-1442.3308034867196
-1297.08608522489
-1313.4218875050062
-1207.834988816863
-1458.5698840898176
-1333.4051848890883
-1288.2372360801405
-1274.7589524730165
-1279.4373053202291
-1574.9098353224717
-1378.7596836692
-1446.956443263679
-1343.6642419473935
-1335.5807675737503
-1460.8806685192137
-1522.663938436437
-1130.4935772805127
-1329.2737639438828
-1287.9226921273678
-1307.9783068399202
-1313.344694429712
-1195.3238754931779
-1213.607879004299
-1353.8543000454501
-1282.2883007821843
-1362.0288078776407
-1308.4522128657636
-1434.4442564472747
-1322.578102260456
-1540.9486747438777
-1362.544154894631
-1167.4552695308857
-1224.8934528586276
-1213.8244204924133
-1319.4852843455947
-1245.509495734049
-1351.3210906465351
-1237.3677409432837
-1415.200669129231
-1357.1730722815928
-1311.3017374433753
-1358.810031866745
-1365.749901123584
-1108.3787640353705
-1258.7765291600272
-1241.309182972215
-1325.4781991932964
-1252.2081349144328
-1405.1879301744734
-1222.7753354837903
-1449.7690695198871
-1385.8602656076264
-1347.1354830406465
-1370.8602268746836
-1247.1330668765327
-1295.8459059847592
-1329.0528410540844
-1376.5680255182826
-1219.5948426807252
-1578.5505688066785
-1279.6547468343922
-1374.5755177181823
-1126.616525974416
-1367.8806321551376
-1347.6321678354689
-1171.8504295923115
-1251.4624318864576
-1165.0008809122023
-1350.317694733263
-1373.663895426298
-1452.2995379238012
-1093.3719221260026
-1379.111486291421
-1243.764385004335
-1391.4895225481184
-1333.371876257622
-1220.4838010923656
-1180.9425312991884
-1298.233420895281
-1303.6402828293687
-1288.576216668026
-1184.2079018546942
-1319.519946775673
-1280.5472059171116
-1391.156479488384
-1491.9421904276896
-1251.512432371768
-1365.474338127433
-1308.9460909603313
-1257.8375645781107
-1361.809547884023
-1330.6190162712849
-1442.6788555103642
-1304.9135824025607
-1254.1931026180189
-1225.2212715093344
-1185.9075192678072
-1140.7790411921865
-1360.2304644403434
-1438.0811613281603
-1526.7512813231306
-1226.9036937272401
-1248.9079491098432
-1352.128605574374
-1516.5565730427638
-1369.0835549122266
-1225.7216119501195
-1180.4436074084476
-1489.2807421766076
-1359.0484571212946
-1300.3020481089484
-1227.9413580535381
-1273.0062720768042
-1337.8293829147099
-1436.674624656594
-1281.1172312660385
-1154.217894863876
-1249.0130475653782
-1407.0678348993836
-1415.1422715846877
-1187.5092063811828
-1272.8203779534601
-1237.7460306095022
-1196.9706351567727
-1297.5850449020277
-1294.1845335297378
-1275.1405379930652
-1223.9992511870298
-1305.0395602441226
-1407.60465867099
-1173.6841295135844
-1148.2029424135046
-1222.3694406332374
-1288.5407332878217
-1236.8997622152785
-1250.8936602957365
-1197.361916500832
-1226.9419998169765
-1283.3477816496234
-1333.7850113151555
-1158.6915497390053
-1223.538516917931
-1299.9812786453167
-1339.9341824043513
-1260.3854885874707
-1372.9734875649626
-1383.708119335942
-1329.5054715164506
-1451.2967525198574
-1208.0231122740713
-1578.7299002722402
-1285.6597967173036
-1348.2586772699538
-1313.7831442967974
-1128.5295999200375
-1233.193306590475
-1242.6919170488954
-1411.5366421199142
-1550.393304126251
-1344.333357716505
-1422.7589372255973
-1359.6106177299646
-1308.5866481379169
-1235.9548750564177
-1250.6773091621153
-1339.390214404525
-1239.5621447018775
-1288.1762974294925
-1321.0432924944942
-1298.995521288206
-1256.9064466686991
-1225.6150039584988
-1347.415032462668
-1379.5088738338231
-1355.4895475404685
-1157.3481156046819
-1225.679416676566
-1338.855267539867
-1413.6329028626371
-1203.8914372661716
-1114.3675326476293
-1281.9247154633285
-1326.422260112662
-1184.0687491074066
-1478.792524330399
-1156.122832065197
-1229.929034296049
-1226.4767308853632
-1281.4198290858583
-1248.0578181072337
-1228.5459700134968
-1262.7373725252883
-1352.1921917453753
-1255.5961338337722
-1262.3698362005907
-1264.7803709464208
-1341.3720141736555
-1338.9435320868936
-1235.293418437622
-1369.1718391786578
-1279.7641113076952
-1248.332927221233
-1368.4941064469351
-1276.9315345935647
-1173.3757216753452
-1165.1358976394843
-1260.035862796819
-1236.675175478049
-1345.8293171268767
-1349.5693416867598
-1321.115659420523
-1159.6140002401673
-1275.2470097741207
-1271.3165697426302
-1350.8955268416896
-1327.6876470878806
-1306.9996781086838
-1125.7876384035724
-1329.6937791416335
-1332.3765517329775
-1360.1788959558576
-1306.2961348353338
-1329.783452041283
-1328.9825237798566
-1297.017858664978
-1302.6321032766032
-1237.8811731539456
-1240.3832406026545
-1346.4175791350742
-1317.1694914292493
-1193.2937038368518
-1272.4563719804419
-1340.4866703768223
-1117.3897467978747
-1197.3191141173718
-1238.5765674510849
-1347.8055111145275
-1343.4189517205257
-1369.3721924036327
-1277.3884885611915
-1185.8840446197607
-1416.6048569943623
-1174.1732127004589
-1432.787337490858
-1422.9848511014898
-1182.7806708417281
-1274.5483173506918
-1313.032911449784
-1171.8616429446602
-1113.2852023289815
-1443.3996424647214
-1411.887682949786
-1181.8230031627497
-1215.5216312968807
-1323.7431810901937
-1086.306082161704
-1154.2944180477596
-1271.5687164907763
-1386.291914418971
-1198.502184370708
-1255.539780162026
-1272.349441430986
-1210.4117785678989
-1236.1562143838069
-1343.9753355987996
-1315.8601585664178
-1178.214767211042
-1332.7023737760533
-1162.5981674408035
-1338.1160380792294
-1458.608659223205
-1321.0922710046755
-1321.229363330629
-1368.0581311685078
-1342.2360822049861
-1362.1497802558201
-1468.6473154494006
-1180.077327384694
-1207.0388849242158
-1272.29945927957
-1169.098819464995
-1259.8919922527957
-1382.6997966023096
-1278.0370323518728
-1106.698067191746
-1462.9656989006373
-1198.2262686580934
-1383.6084364685064
-1336.5207683733506
-1127.3736393477948
-1153.891928161273
-1239.038050868005
-1138.3453580591786
-1210.2490185979925
-1245.2978994439181
-1228.799429562163
-1228.9149726523908
-1287.1808296673378
-1253.8547626444324
-1317.0604222554657
-1375.535734163016
-1291.6669782285644
-1182.0066962752207
-1276.0677755214504
-1175.662498510477
-1297.4787109913686
-1398.742986344325
-1180.0830574999518
-1262.795854162246
-1271.1036615135542
-1169.0596922550355
-1220.1743777829925
-1419.7271131161742
-1292.7398860721069
-1322.937070806237
-1276.4615348919274
-1117.7098077985097
-1144.5548533350989
-1244.1448015695846
-1261.1648902115612
-1337.8678938540986
-1177.0504405692702
-1155.7933435011716
-1144.1432730526965
-1201.1982370597211
-1146.7797230979675
-1471.3511078051185
-1317.8007668812095
-1350.098965795949
-1238.8454416805992
-1351.9271028200067
-1196.8556811088638
-1256.1799094814903
-1209.1852045732635
-1424.1539205692231
-1340.7472590730029
-1333.6932853890933
-1217.763040735148
-1286.7662368067502
-1169.9835133587947
-1329.1830823021346
-1248.424299117294
-1170.5527306353777
-1280.3942782352215
-1212.4943305732124
-1313.2937649337791
-1186.1063095890033
-1263.4063583724255
-1239.731541615599
-1403.0982677949403
-1340.4265367582418
-1232.6144146986555
-1421.7492029628434
-1210.942499292653
-1212.3878681928325
-1377.0497546237282
-1347.567829848399
-1405.6882950658928
-1204.1115190131757
-1267.4639799125544
-1252.4422493869745
-1144.2090693093498
-1293.7699655399695
-1330.3268716662812
-1249.6942718650923
-1233.4182516877947
-1166.6736917683222
-1270.1218238701704
-1325.674015800516
-1334.4930351740868
-1117.0212694363986
-1026.4725420358473
-1231.896958885319
-1316.0769197565478
-1108.9658808850459
-1342.172667352365
-1255.4866323033102
-1314.7395698034793
-1433.1189916613434
-1132.0374906187456
-1447.091190604141
-1314.872460322704
-1442.9161965973622
-1173.3168172764372
-1173.5520704015016
-1294.618741830049
-1198.367232337982
-1209.382273219212
-1231.015171830669
-1247.9372544167086
-1212.5600129924876
-1361.5738829995362
-1245.0229442220777
-1164.9876256678178
-1129.4442142070363
-1258.4214276269363
-1349.232010187376
-1230.1699295831513
-1263.5383304827699
-1241.2149919930207
-1071.72292771431
-1264.36660899206
-1279.621778329688
-1198.1884599978237
-1183.8009555938124
-1316.0437910286203
-1285.5543144293208
-1325.7128929182352
-1645.814273695768
-1218.0019463535164
-1262.861659910672
-1330.167940247608
-1152.1114676558316
-1327.1671066435665
-1134.097613879603
-1272.0206731516507
-1277.908188565727
-1329.3068300023251
-1328.6785520066655
-1264.063437577157
-1293.3811897542084
-1202.1367316829137
-1282.4589646952102
-1344.7555074930622
-1262.4970349498685
-1228.3740152040953
-1185.2947165233163
-1244.0492458827543
-1359.9337470457222
-1250.6000875883296
-1291.0096844042848
-1191.470897814335
-1225.222763784614
-1323.2336059342142
-1161.1603368621265
-1245.0235784563972
-1229.3042263139146
-1230.756654434993
-1219.2828867270093
-1352.9174405846186
-1153.516032793304
-1243.3397517631547
-1376.8467266137443
-1254.0457537822883
-1129.9070906795216
-1282.9636416423518
-1282.6790442077481
-1165.9705936402122
-1270.4678154357116
-1263.4496935856614
-1280.130041230912
-1103.7479586731868
-1132.8828528846632
-1335.0687089301682
-1258.9338521193276
-1112.6265427255594
-1282.0772921077728
-1266.3848433913636
-1177.2406846221268
-1418.4088995363136
-1248.866042316569
-1192.8786519619327
-1089.9069707102178
-1303.9305358347935
-1261.7740870249725
-1139.150731551425
-1339.8149405280126
-1227.6941302272926
-1134.4794753654232
-1271.3345651440395
-1258.054521589916
-1342.4963749441376
-1219.061296298711
-1149.1477586880308
-1164.0141421661283
-1082.7192364884577
-1193.886567624217
-1300.8261268882222
-1127.572625579292
-1162.472629860954
-1344.5908444311378
-1246.9419293083192
-1390.3365289808044
-1170.5026204441222
-1181.2732684238556
-1269.5936741071127
-1263.9664183461434
-1195.8358837101785
-1353.1729421994896
-1345.5211348025193
-1307.7711788440754
-1296.7809282099104
-1185.8958190447354
-1342.3696394944818
-1188.6258383540005
-1255.6369862570637
-1190.6961551540378
-1150.2102331234485
-1239.8445201528484
-1341.190251145342
-1280.048343219381
-1387.4156483204288
-1197.8625148942183
-1317.9042804856288
-1159.173710890036
-1178.3949962473107
-1282.163883094867
-1191.5489985907004
-1307.104397784699
-1080.8666851189437
-1355.8628907376087
-1264.1170271963078
-1282.7996024374045
-1246.1899081640477
-1254.2978743062295
-1283.5433849567307
-1284.050511279981
-1372.1597745688723
-1348.1105722329721
-1150.622918646648
-1120.6807590289882
-1104.9412235577176
-1213.192597412679
-1191.3499115920915
-1257.774010315888
-1210.9160676944841
-1381.7464120807467
-1027.8264999096589
-1082.6801048994766
-1300.242726570465
-1157.738304703171
-1227.5249548482861
-1352.9924108539935
-1138.5482754071975
-1161.789706002195
-1138.3981020584515
-1185.6512339397982
-1217.824377752395
-1400.5160662095536
-1260.2061757314696
-1294.5591862290826
-1233.1737089159226
-1090.4995434692353
-1251.4325035961117
-1174.9053821752111
-1187.3204863507294
-1296.3918208868222
-1310.2407616051235
-1301.3358991425157
-1263.2142161439497
-1418.2688535976727
-1271.5911353111032
-1272.2635683524036
-1114.3227019760895
-1356.3601456036276
-1197.2755850428744
-1252.1399470944118
-1442.0454125381575
-1267.653736966281
-1207.2447954662875
-1298.9263087198578
-1243.7438901745581
-1277.8571504421416
-1202.43399732039
-1418.1916643092209
-1065.2745711513428
-1122.8302606096352
-1359.9140262357344
-1348.757611344962
-1076.159071783116
-1407.4920097238185
-1193.0519028101794
-1248.5045977347488
-1212.1304468235396
-1212.2360498043097
-1158.774889512684
-1332.8745668740796
-1141.8186256148326
-1172.632207125626
-1374.9471036774817
-1185.2063965140708
-1174.8110040183037
-1318.9383555963761
-1244.4190630554367
-1300.9584780420575
-1153.1689108440078
-1143.5002394250696
-1210.6031384663477
-1527.5354193011424
-1191.4058212197226
-1323.5339347755535
-1314.7514217769933
-1150.533874943586
-1236.292554599607
-1265.3412505592764
-1274.676236214801
-1286.3041216623637
-1175.6799684900025
-1184.556985481426
-1239.2755710737092
-1172.9378342911828
-1242.3347132918109
-1290.6164483735483
-1198.7149326255856
-1355.1432298798359
-1117.452083717041
-1201.5679894583172
-1380.8997115085212
-1206.2873816761717
-1292.9671739958023
-1301.7981821415513
-1263.920574652138
-1157.2600945733614
-1159.252783077357
-1483.8005799999519
-1311.8689188242397
-1207.3629784569935
-1363.507279013885
-1159.3460994252998
-1243.1609753427965
-1228.2502207937937
-1232.5594329919195
-1182.563459012832
-1229.4732704738017
-1211.6067783922615
-1320.0122620813743
-1188.3019937269491
-1207.0029938686162
-1124.1626849910656
-1229.1916716666128
-1208.519914651786
-1241.4539532560664
-1249.732394202928
-1240.9528180286975
-1276.444948141709
-1237.0297557742624
-1243.9392906308208
-1284.696386491864
-1184.2742137864673
-1118.1406874728975
-1084.8744312912856
-1110.264939066934
-1168.3472070932767
-1302.0272801966826
-1143.3037320574047
-1244.0748274957066
-1294.4224302807388
-1288.1807857623758
-1374.0845631887455
-1199.1009156892273
-1289.7273057392035
-1225.9316698008686
-1315.4698518352973
-1238.3098931778623
-1220.1395702775105
-1218.837808103539
-1382.418509443838
-1296.1802313004373
-1159.6192037461938
-1266.7730450442791
-1178.432624513427
-1179.4748661290328
-1357.3526873944943
-1226.9586449446174
-1260.3715238778705
-1146.2715915690235
-1270.575175014181
-1268.563728305914
-1135.9232904470819
-1222.840705442993
-1251.291057830096
-1174.093884831943
-1200.5911337539792
-1224.7198039189698
-1161.9236701466614
-1259.1230829863525
-1334.6584678081742
-1340.747181580807
-1116.0318256595624
-1327.3178750255847
-1125.1895353106868
-1111.4617292865285
-1266.4348044106434
-1237.9646603884803
-1364.5762391216458
-1212.0598293443072
-1082.0389076197666
-1227.706743913512
-1125.1918928448986
-1169.1498835328584
-1124.6726536343904
-1227.765938057051
-1170.6482700463666
-1211.797667450841
-1109.5024942852256
-1256.4168074769204
-1092.0522852799693
-1445.1830607191605
-1260.4624564143253
-1184.9350243917534
-1316.4389971708251
-1233.2023123552608
-1128.0274646841663
-1389.7550237244907
-1101.9848951492263
-1174.35147126554
-1290.0668083292123
-1168.949596123696
-1329.2355344987918
-1184.5974006735066
-1388.1069401830432
-1226.7197383894027
-1290.5348819284495
-1331.284820108474
-1170.7097826611873
-1163.1048359266686
-1148.1638937815005
-1241.1755645687244
-1166.4679285724035
-1233.671725958262
-1290.251976066892
-1187.761424912216
-1216.9004312326538
-1320.275746080464
-1171.8867602907899
-1269.8490823958118
-1193.9793234996287
-1259.2713968448804
-1341.8084217707365
-1193.824945488679
-1276.8259815104516
-1274.2681146166767
-1292.411296764451
-1208.0412804132773
-1207.5037724781434
-1198.3809857117449
-1202.8832329011054
-1097.2571051865496
-1250.8943649531593
-1216.252826292158
-1192.8277400928525
-1362.953582930505
-1152.4403668111388
-1277.1300817507615
-1315.3629108853834
-1297.8187296445278
-1267.5412319196637
-1212.8035237183417
-1252.0839446717364
-1199.0447909691106
-1384.2642398621706
-1181.1290303959654
-1172.634138882079
-1153.6236553802717
-1311.891021995958
-1405.938454579683
-1149.2311664308324
-1223.3727231288465
-1342.3845215965212
-1356.963416685278
-1217.3331986906487
-1181.3730710163916
-1309.5114739923476
-1493.7862109967746
-1331.6273285077284
-1290.2378405778047
-1231.255441786314
-1260.720136710263
-1224.2804380469074
-1236.4684990367664
-1209.2926099175193
-1177.0876456511864
-1246.2453952519036
-1313.4533468226027
-1072.9165411527722
-1173.7818125774827
-1134.989194352938
-1295.0079879899386
-1347.9511631479709
-1228.80465073726
-1251.0371409139877
-1316.8786269786801
-1321.5797175659516
-1342.6913774923205
-1304.0879304420832
-1393.1800039820848
-1344.5297508316607
-1247.7255315843863
-1143.0815176735948
-1204.146257515322
-1200.0809869144568
-1105.922058240929
-1190.7409399067571
-1290.4499513246835
-1197.5638978044506
-1230.2452550263379
-1210.488647208018
-1224.707419690989
-1277.002102595452
-1271.4636028609636
-1157.0823166301234
-1156.6853600387376
-1204.517444616257
-1245.6165694921456
-1124.3295501161538
-1177.3135493927225
-1085.7488027946795
-1273.4143228483726
-1279.7422990376972
-1191.637063478796
-1147.2312530688132
-1219.2248071945016
-1260.8639783612723
-1219.7328606846504
-1261.8473083888312
-1266.9352573086053
-1163.8175113810214
-1207.0144584297364
-1311.4831627515252
-1388.767869938877
-1178.9605744044854
-1252.815879682647
-1174.0854086039044
-1305.8519258950137
-1319.546358296594
-1173.231327031075
-1336.6680593910314
-1168.00350214402
-1206.5555889168259
-1215.091351942794
-1108.7923068520884
-1257.2266551516252
-1285.269434863784
-1234.3418874461472
-1133.1428723839638
-1240.5060083133135
-1207.0943916587894
-1261.0658862491555
-1300.81198546158
-1205.414104551195
-1304.709735332768
-1332.7889062627785
-1145.194609717593
-1125.4685036514754
-1240.1062447097038
-1138.7407641735401
-1148.8938566046497
-1123.153975878288
-1331.354335242947
-1101.296988986176
-1250.9699450976955
-1190.1221325042688
-1247.615744334249
-1158.4267173446076
-1224.9547175364294
-1234.2415103446544
-1155.4158831497846
-1471.5118175741327
-1248.4944107341953
-1093.3378251780412
-1460.5846211442497
-1117.048859190743
-1178.3067369643418
-1171.501097654159
-1170.992480306724
-1236.4659044352911
-1202.4016422206869
-1463.2958258885383
-1190.391737191492
-1180.6453152909005
-1205.4583077872649
-1343.6116171288304
-1264.0043202075176
-1178.3101898694117
-1246.7617255169516
-1126.9576219514263
-1286.2668267695508
-1466.876476942376
-1270.8729988834166
-1285.0077102185903
-1312.3954565394133
-1190.7706191165987
-1235.3330580520897
-1178.1338653586058
-1301.8745335209214
-1205.2713830755956
-1229.6177840525008
-1269.3892727988573
-1295.580837645947
-1092.2441434396035
-1100.777235845596
-1233.737334890694
-1164.027194741394
-1326.1097615233243
-1129.5980429160127
-1381.604614774571
-1279.1528532867299
-1279.8136586395385
-1318.781373125159
-1383.3356146265846
-1306.2518797447956
-1447.7902215342374
-1349.244914125973
-1228.7719827772569
-1280.8771078909438
-1186.3267978435103
-1148.9511550626858
-1259.5258436896268
-1262.1202614865272
-1259.571331699098
-1259.7162358494297
-1201.8569636223835
-1044.1520489058487
-1210.7465769417802
-1343.5243110896708
-1243.708190764421
-1162.7730987914758
-1236.5493578322469
-1242.3598165221342
-1203.3754744498935
-1368.898264453025
-1230.557229520495
-1180.2864223502684
-1271.325703681503
-1197.8220801093394
-1350.075695000507
-1167.3009836960675
-1224.6698893962791
-1234.523066021189
-1303.0715205791498
-1244.7523629510558
-1165.6374497565355
-1349.9268944978028
-1155.7885038772872
-1247.8771454837583
-1326.5512429483208
-1293.515008668855
-1308.3366413626281
-1230.6112374733868
-1257.636356773679
-1180.9641370744446
-1201.9512958115026
-1138.125069311063
-1243.0290786315693
-1159.3778770979932
-1001.4547889860493
-1215.6944654371632
-1316.8965611824542
-1206.6775118176397
-1265.9694674492473
-1216.7717927017054
-1222.6248010840347
-1291.4699335305206
-1154.270366711733
-1147.6425980039717
-1163.221172832127
-1240.197177163589
-1211.420646272937
-1242.248250829067
-1315.5379566015063
-1325.4623888097622
-1082.9381406785762
-1298.7346048110333
-1311.1100006635875
-1291.9550276289747
-1166.8658165183224
-1321.6285817538978
-1266.88260184115
-1102.991096229256
-1223.092927976607
-1218.3761906069728
-1179.5367331292944
-1392.5579866843816
-1127.8874100266564
-1331.2384642630304
-1065.5305368037577
-1356.6022928164184
-1141.6718755681852
-1325.9431419970376
-1290.1968704407086
-1304.4097422390792
-1244.1344098832515
-1251.5086014525186
-1056.7759255547924
-1305.0402759522094
-1258.7735121791118
-1281.7460279808784
-1228.609615723186
-1153.909498982958
-1417.64886035245
-1291.972002112477
-1290.5793440606856
-1171.8612806466622
-1302.8542936756166
-1155.778991002003
-1384.5013001548962
-1363.8074233533682
-1237.5092648360303
-1247.3162200173608
-1228.3636464070355
-1194.6097583179753
-1191.021337923232
-1112.080479656431
-1317.6424351921873
-1386.9578859073217
-1271.1311539319886
-1277.1663670096195
-1329.1068130885924
-1244.9436282360616
-1204.598132432282
-1289.7472985354577
-1144.1944923968356
-1332.8962888598107
-1272.5260719617836
-1149.2172517718723
-1290.4695148823748
-1295.3576695519978
-1331.7873196844994
-1121.345939249315
-1240.6437227674023
-1140.4488318851722
-1208.0224264753915
-1083.9994453549207
-1237.2762972650908
-1242.1802426450286
-1272.780452555381
-1232.4543476569959
-1270.9503580853468
-1317.1489728152847
-1225.8686351291774
-1424.413684980627
-1246.2407460753648
-1280.7985067238096
-1155.2136883833425
-1341.591375149491
-1139.7593871288225
-1180.841670424378
-1390.7696126509259
-1168.8749961467602
-1291.6025268714811
-1358.6289459381596
-1147.1844933717448
-1197.3089137498832
-1284.281941733427
-1315.538923282502
-1065.2256157777792
-1190.7782138908437
-1213.1603984061337
-1134.6417866405416
-1325.884747044988
-1243.5843364572338
-1256.8902451471076
-1175.9374792708368
-1269.0505017816372
-1462.6765742054804
-1279.5802111189437
-1152.7101618937734
-1349.4127706470572
-1232.1007114059557
-1210.198437242823
-1246.6291660338081
-1433.2448435545675
-1341.3445774981221
-1165.758867389482
-1148.2591968346817
-1159.5885985854597
-1186.7190580079348
-1094.6236869263714
-1177.018278763813
-1097.3989306632193
-1230.6324768846084
-1214.9705974874469
-1143.5412857736117
-1266.453947287967
-1199.0197713699808
-1349.0164335937752
-1142.410205298715
-1314.96210162646
-1241.6500856038056
-1193.9810009323533
-1148.8690536519152
-1267.8365517400136
-1254.4188705265144
-1151.5616924375138
-1215.087234551622
-1252.4026405859283
-1312.6531303862098
-1201.4303043819261
-1237.556785096519
-1338.6926479955926
-1274.5589329642976
-1186.0824923407192
-1328.396518254988
-1095.8418355834488
-1203.6248064368222
-1289.4056703382057
-1329.1248840478902
-1216.8457310758647
-1262.3976430304829
-1133.8582985214373
-1188.2231665956674
-1267.2562013389113
-1291.087803388939
-1148.8138146397848
-1245.7791301818647
-1227.048747740371
-1479.5469580652702
-1318.236294421054
-1218.6262643143007
-1303.4151859966694
-1167.2327093256397
-1228.9670984787679
-1422.4487380916562
-1212.964267248626
-1343.1211536634837
-1320.7513510245335
-1280.3046619272786
-1165.1684869471626
-1334.6523810000117
-1364.30892017917
-1236.1094449411637
-1379.0319461564213
-1178.7188920464473
-1278.6367383829447
-1168.0680316689595
-1301.845160751972
-1264.685030989284
-1268.172190090657
-1325.1071027849655
-1312.7148982060555
-1167.8256691134454
-1245.31185256714
-1329.014172579101
-1096.622020516381
-1149.6602461940765
-1233.9626656583196
-1152.060327895022
-1209.0254903372909
-1217.792001590934
-1348.2874779982815
-1310.0666187260088
-1358.865149876879
-1255.4244425561556
-1241.7869417334325
-1248.8416581503593
-1420.818226220068
-1053.5249617595907
-1242.2593563836385
-1217.9385346642355
-1288.5624738975832
-1218.6111664109305
-1393.3832416122332
-1415.790443091988
-1225.9095166601592
-1230.919324293174
-1181.5180373662874
-1248.0743405776545
-1223.3211930881212
-1253.0376007794546
-1385.9226302380612
-1192.1021594470901
-1376.5432771566543
-1211.5751105706054
-1139.5267293289508
-1312.9175190156298
-1192.030096004098
-1397.9213339633957
-1337.7628117996633
-1383.9009453876797
-1317.0212053790833
-1185.6770862934613
-1378.1070247074695
-1298.5711093708446
-1116.9106546211697
-1139.8255325613818
-1169.2513789336178
-1317.0714971993077
-1165.0693661735888
-1195.479952563335
-1219.4578279388777
-1113.5089282275355
-1301.562663994575
-1173.019723142604
-1281.2887635549553
-1328.7536145995
-1159.4167768259447
-1063.3602690014948
-1136.271667529683
-1221.992333351777
-1260.5764859364926
-1210.3699065944975
-1277.2123432661583
-1175.2471517989977
-1348.743142030513
-1284.5079344965827
-1272.99030044647
-1285.1133230933003
-1265.9263718357934
-1388.275555320267
-1366.6751723582838
-1307.8515829895741
-1412.7954096253352
-1278.5623083044775
-1349.541257147741
-1258.1435988136604
-1288.648004935806
-1232.787360355126
-1407.9541282874297
-1282.215370846174
-1229.9615053311582
-1321.8968866434523
-1311.3668214433992
-1307.817196452972
-1234.7193849600467
-1264.5824161339362
-1303.4152905066176
-1232.4855776752665
-1120.1767055608025
-1042.541859798293
-1446.703666364061
-1397.9399260819246
-1282.6621516080406
-1365.7658837216925
-1328.0871668285279
-1348.1121573936325
-1169.6742307894242
-1145.833779883659
-1272.008195481135
-1351.1505116416795
-1238.8683016328941
-1249.6675658841577
-1354.2736513788216
-1353.9091919914677
-1325.027483750292
-1205.460735344337
-1290.1902323080549
-1294.7337027257327
-1227.4546038442402
-1116.7083389835245
-1347.0282896926938
-1228.8612560411457
-1505.0105281332371
-1251.2019534658948
-1194.810749137842
-1195.8786566676445
-1368.6914273763898
-1295.1604753369475
-1188.995463384728
-1234.756386698431
-1145.0032024559416
-1140.9783804572066
-1412.4300154306427
-1127.8055458408978
-1336.3351677069084
-1207.1170849487212
-1265.8278545209396
-1160.6415398705117
-1262.2899617163741
-1278.9325808507733
-1206.6705556769673
-1385.04538747038
-1125.1164130333334
-1145.955709749091
-1266.680630488396
-1262.2690048744591
-1185.2749127078735
-1286.7749074660562
-1204.0150490815538
-1203.0148578693309
-1170.8441620388378
-1202.6776668039765
-1076.7169426964765
-1323.1200036154462
-1240.2347988942718
-1216.7802159711046
-1452.9113724788876
-1216.5866621797527
-1087.2939804126524
-1277.5003435967728
-1349.0151384528858
-1152.506168646845
-1128.6107295973618
-1226.2227540157126
-1250.5731331726884
-1341.9454061772933
-1148.8894052138974
-1370.78338012052
-1215.2075714128403
-1143.2415980450724
-1223.1200488471943
-1200.2406705855283
-1268.1439206560835
-1315.22699915484
-1301.2221664924386
-1315.5981731469656
-1367.4895264174802
-1117.6522570717557
-1266.8724814409316
-1282.8130875735824
-1279.4186434063865
-1197.0134271776078
-1311.4827098805472
-1361.1080258000861
-1187.5490612226324
-1213.404892808784
-1222.0783093670527
-1218.8176250014185
-1308.3831837175103
-1323.983086128139
-1332.3644492023213
-1255.0089907735971
-1235.4743131310443
-1237.006359118267
-1223.8331285956854
-1137.6827013509458
-1188.9381335822927
-1180.5271557066612
-1269.302622491664
-1290.0383771970758
-1181.9737037983425
-1265.5179408680879
-1287.6930864050992
-1161.656460178177
-1281.198991515956
-1123.7844861501258
-1357.0376388754646
-1158.1176785044909
-1492.5542938963588
-1146.305843120377
-1123.0584592838136
-1293.6358196807796
-1245.4850775327984
-1281.9167315954867
-1264.779220426157
-1167.4233514286875
-1219.1788751939523
-1114.2647317677806
-1307.5151643264082
-1077.2540387373253
-1318.5595982693892
-1161.3852819051097
-1267.6007685828015
-1289.309278821133
-1265.7047354801666
-1152.6179646370695
-1312.9961315452915
-1185.4803651376535
-1238.0578678543636
-1177.3763997011079
-1301.1561821393707
-1184.3999228219473
-1281.89727567383
-1287.8056453285947
-1270.5466967627256
-1203.0688541808847
-1208.9605165188057
-1128.2231524741153
-1292.0106423480274
-1066.12546743958
-1289.7771519781118
-1201.068088207161
-1226.495608598044
-1171.7366779447154
-1180.6951707655874
-1282.0416919070383
-1285.868292271068
-1130.5397138146843
-1176.2900402976709
-1138.4719787700378
-1161.3386724567952
-1360.6857740290689
-1279.6003948699847
-1285.7839824672246
-1376.7775521203214
-1160.1576763191124
-1252.5831218918281
-1195.2856303548945
-1239.4316826249783
-1250.4140432468175
-1109.409069261547
-1128.1907095792442
-1257.8383736493329
-1125.549313601872
-1156.8167684557613
-1251.4571719241349
-1260.4572234562438
-1191.7602822298584
-1170.5928230782908
-1049.0408806573614
-1168.3600759861145
-1193.3114319065105
-1260.7132256364919
-1089.7740668147296
-1190.3585988248437
-1177.8271428491196
-1177.226097591053
-1171.842036456115
-1282.3438654685579
-1214.7659777600227
-1261.8449405022304
-1358.9221368296742
-1085.9548244273565
-1065.2826792783192
-1172.3766470445373
-1233.4927370814069
-1067.5240533556541
-1226.938068595749
-1152.0665210514603
-1082.5267655789307
-1222.3632950149079
-1220.150277569507
-1124.3636594295592
-1348.4769305199525
-1239.4100166212713
-1225.3867046905611
-1236.1179167044263
-1154.9661944136355
-1104.592728449304
-1233.6780926807014
-1128.2593075149123
-1144.4222391778032
-1266.1209239563539
-1154.5186459046722
-1156.0655250176185
-1223.5628370329268
-1353.6565592534796
-1141.542653304395
-1387.5785216822824
-1068.0978265932058
-1264.139412966125
-1117.5441050921013
-1205.8783146056549
-1363.177710107848
-1137.9860296424595
-1348.3060041740707
-1058.8190927227502
-1198.4476684362278
-1274.5878899168367
-1233.542528386785
-1256.1935992221438
-1220.2932880240396
-1336.9000553466076
-1402.6992704004376
-1252.2659836964338
-1097.5829697659751
-1095.6141615946754
-1394.7657924284822
-1198.5072871072978
-1240.9356787844233
-1189.4320106845341
-1267.851606689004
-1229.2130467104125
-1129.601755270347
-1264.6198482815553
-1309.237836576207
-1187.9794619950303
-1343.6831623769506
-1218.1615097306303
-1286.9621908146996
-1304.6215979595797
-1243.1751981869752
-1213.3733413385607
-1312.6503176774652
-1053.04448539077
-1213.3508703223988
-1267.0644434473015
-1333.0608798754758
-1200.8425871910492
-1304.6216796125295
-1111.9967492476067
-1183.7143486189066
-964.0521646192016
-1153.6809323166488
-1277.852616271065
-1177.1624214545486
-1151.558450387227
-1280.160805938694
-1108.368587707205
-1294.7582847764695
-1183.08375017035
-1459.786790853102
-1209.4406061260745
-1248.574135307409
-1244.1967338574723
-1263.136875669348
-1312.4290844752102
-1253.430708641412
-1363.5978617218198
-1200.8668788728182
-1241.7022437445823
-1258.4381848815049
-1197.2061494405277
-1200.891202303989
-1142.9779370604235
-1229.75481944509
-1257.679672463203
-1376.268691547548
-1315.0958490199696
-1276.2530444562572
-1310.3037334251683
-1266.675039040496
-1446.0734182871354
-1325.1973511514498
-1292.8580675473438
-1267.2806860859025
-1123.3183844648365
-1250.0865605779277
-1277.709877070602
-1277.3863597326895
-1341.816607244533
-1008.5661834012562
-1119.4995229492843
-1235.8313743875694
-1279.767911667622
-1194.7526529743723
-1302.5072061153774
-1307.7357550269287
-1192.4500445484273
-1270.7238605514483
-1118.496122929776
-1182.0077741214807
-1311.928966658531
-1187.9205283597125
-1218.5517796998877
-1246.6828191901843
-1259.002816795009
-1079.669626409599
-1177.1200559777424
-1239.8153384253096
-1356.583221575196
-1237.4251454169141
-1265.7843899651643
-1118.3365913323078
-1279.0453307517016
-1204.8154725256895
-1222.4903239503337
-1268.878758031706
-1180.364469077759
-1267.557622193544
-1254.2802425751906
-1210.3019171728886
-1215.433755756493
-1130.8762347513873
-1422.7890134947113
-1186.5527323557446
-1178.838439065349
-1248.8643171220867
-1284.5484761647756
-1248.3565943089134
-1356.4908026253186
-1247.1841859313545
-1111.167790024072
-1189.0663966169038
-1227.6265544648115
-1258.8486281386158
-1142.419839292854
-1162.3110146037284
-1184.5616059191107
-1255.0444769853184
-1174.6659520384005
-1101.736301319003
-1160.4502113295243
-1217.4421170165658
-1323.9981978142746
-1248.5392397772284
-1169.5419041963848
-1169.2179224765878
-1148.051078227809
-1149.1334857913696
-1247.2525592225697
-1222.1292657036772
-1296.026858622557
-1165.8759878875858
-1185.690060579484
-1374.7928104074285
-1264.6036289218534
-1122.2697733042871
-1104.377978614774
-1257.115660060463
-1262.3166365582656
-1248.8738866206531
-1252.5165016105866
-1176.9302843275073
-1260.6690613143396
-1246.139154437531
-1199.766003742763
-1115.1971465253198
-1213.5489088319966
-1371.7935354204787
-1296.519149474837
-1157.537252609191
-1243.4719579932553
-1305.302020136019
-1323.8805771239065
-1184.9773154870213
-1139.6432175156838
-1273.7352009299732
-1208.7482237513711
-1106.5402137311091
-1282.327385193398
-1306.3606952491173
-1147.4642979630216
-1252.2473198188698
-1088.369293188402
-1193.6207745436486
-1119.9612086254217
-1264.3657448356041
-1362.6309454300897
-1110.0248742063766
-1226.5670727878974
-1145.0435451654166
-1114.5987010123204
-1186.967358852303
-1190.9701036657113
-1135.9807999232535
-1156.4368091141173
-1152.1027431100135
-1264.522658991902
-1102.5254375209026
-1254.5716172553998
-1337.4520173043727
-1194.376578227293
-1220.3022050343543
-1249.7334046502237
-1247.314481508977
-1275.1953211254645
-1284.7819056846256
-1239.2723742243925
-1192.1001614694649
-1256.160008264408
-1152.0015125733698
-1235.2769819515897
-1145.5589572627282
-1274.3103905408393
-1242.4606504233946
-1169.79222368035
-1143.068614347605
-1184.4839172953891
-1236.9528357413164
-1362.0031213655216
-1201.5724441434643
-1253.488874227685
-1266.69608620297
-1218.5610400238318
-1325.9369146672507
-1276.5999124274863
-1273.6848155193284
-1207.2830018400525
-1180.1832567114554
-1128.1676948873853
-1290.3689038398543
-1200.0702876662988
-1137.5985166731998
-1233.0484422113211
-1200.3278080710843
-1172.409652467209
-1495.5923812783785
-1298.4624518618693
-1195.0342527753098
-1286.8646473509625
-1261.0811314161556
-1101.779257673318
-1258.1918845834716
-1322.40533156752
-1304.803838769869
-1343.2770134294133
-1177.3782547366695
-1143.2976769813665
-1347.086556730996
-1201.7408013733727
-1221.049038641707
-1282.4139089207436
-1275.1583596947746
-1397.146841731876
-1441.2789326515997
-1300.6436019875118
-1234.643286200485
-1246.0897891066866
-1287.0503870800528
-1242.6137813651005
-1267.5614742192383
-1184.4298593655815
-1218.0126725271668
-1321.683582048433
-1360.2876772309944
-1105.4363596851788
-1246.0100245961394
-1238.2917649657647
-1290.5976318246971
-1123.2345241959933
-1143.1440577422788
-1140.2917926189464
-1320.838256287505
-1144.9378785487945
-1120.9288229918961
-1323.800028983661
-1128.6041644031536
-1130.2128880854486
-1228.323693906406
-1212.9551531421246
-1108.632815666287
-1254.5627266722583
-1285.458248767216
-1358.5416405979704
-1198.2583225237227
-1129.8007006080177
-1210.042453114859
-1082.5869907314104
-1219.8120080297144
-1221.4648244610732
-1352.1962849203037
-1101.7642708656163
-1196.8218384150102
-1260.6773578159384
-1154.3944495005924
-1193.9079523837906
-1145.20830765337
-1095.8234020819252
-1276.626577115543
-1335.1425944863693
-1194.9045948393803
-1187.437388636694
-1237.0302992205868
-1207.7778154896332
-1201.4040328944327
-1245.8422366127843
-1154.492291975057
-1193.1072176087155
-1273.833185367208
-1275.0270602134922
-1177.6570993624382
-1094.586687787483
-1266.426142942068
-1148.5426137249895
-1291.7130733069835
-1192.1927085578159
-1312.861833363013
-1290.907189096925
-1311.0899569357111
-1217.1959808337654
-1168.885175895032
-1311.4356503699173
-1362.1823992117925
-1172.7478713108394
-1112.5941139624424
-1120.8047720306567
-1119.297106704507
-1039.5344612092779
-1126.7810107010744
-1366.6224814908348
-1078.7575474067085
-1229.4769491447955
-1224.4134201754982
-1112.8093292980002
-1243.115866593337
-1384.3098964260093
-1144.310500972502
-1158.79842840071
-1328.7526428340227
-1210.3335366166807
-1246.820702505776
-1220.6653161881113
-1224.445746265292
-1273.6142010727851
-1205.9044662403899
-1192.483036099668
-1398.1676032078383
-1174.8264124181203
-1308.3881418937076
-1252.3399761140142
-1235.5584232957328
-1239.775884958153
-1197.184899475012
-1200.826800003054
-1115.8896765485651
-1170.2773950614871
-1142.9991405114424
-1285.0487709022323
-1136.7003379743703
-1358.9034844221578
-1272.3507518731078
-1226.1205248189292
-1332.3642129461218
-1124.398105267675
-1336.973272627942
-1213.3025775834255
-1195.277852227232
-1145.9675262393553
-1172.0466068890714
-1211.0181031302302
-1179.1472822307794
-1236.7391128937813
-1224.7590514635
-1231.508518723508
-1190.8571447269587
-1188.2094363351646
-1219.769718177205
-1221.1787785993681
-1313.0591157898234
-1274.1596117515057
-1234.1490241590204
-1288.4314968459958
-1378.7675195943361
-1280.7050058420748
-1220.2655884277033
-1253.2008369007335
-1181.5760643896472
-1111.287765671064
-1257.365442664028
-1189.798593412497
-1204.7438322605879
-1398.661051088834
-1173.346257107908
-1304.0375869151467
-1148.3250673165335
-1256.0798039105046
-1222.3367812747915
-1212.500993324802
-1253.0146140714758
-1238.4151734030938
-1173.7299469374216
-1181.2647347383322
-1262.7146730493535
-1292.184127064999
-1159.0518138776029
-1228.920012713468
-1247.3479832994599
-1135.6147300950356
-1280.1546307393046
-1121.7591233042947
-1309.2346288305607
-1223.285024138764
-1202.3001742727115
-1225.080888657554
-1375.550275813031
-1191.869197029127
-1113.926028616075
-1241.1637414835177
-1139.4495784704702
-1314.470386676734
-1079.1361207341572
-1286.5147654547345
-1204.0744676973175
-1184.9599529473128
-1296.1301040653464
-1071.51772590586
-1178.8749257854115
-1266.5416347037162
-1063.0925601225113

