-3545.9005523560136
-2405.248214631358
-3125.1126573178117
-3538.1410422347262
-2399.9620058761852
-2777.758462046555
-2879.1605053395665
-3966.4518404042046
-2094.7385461324775
-3801.0601832977054
-3940.083677409016
-1789.698232663614
-1768.057632191436
-1621.1437089750839
-1504.5741496961587
-1558.8913686666165
-1502.3191676563822
-1953.0244181745727
-2182.8730171941465
-1640.904626706163
-1990.980404423121
-1909.3058493545207
-2108.9908401867096
-2120.4635969152573
-2080.449427687645
-1718.452515207409
-1352.0567742076862
-1560.3797330433163
-1636.9773308136719
-1554.464846741007
-1918.325231127973
-1841.0454053835358
-1522.2043404958542
-1544.7164616950627
-1615.495770391328
-1595.9588256866623
-1272.9015251283226
-1635.928394157716
-1765.229117087738
-1466.129903232155
-1574.6276771556636
-1390.8228482089637
-1632.4911061194255
-1472.8250876463555
-1460.9955509350227
-1479.4851526927118
-1475.8618012919624
-1307.0586992283738
-1334.0434002877828
-1767.9731274439757
-1309.6477916756692
-1425.4924767055027
-1645.0197226316898
-1422.7703006952631
-1539.9068530207094
-1407.3620748193598
-1355.4162640375457
-1304.3557476897424
-1408.3025607404588
-1410.419963850898
-1537.9807493758271
-1682.3436417189755
-1306.8674612136501
-1525.8087239213905
-1535.1518209873593
-1384.1653893891541
-1564.0935838384023
-1218.5958857783671
-1326.5895619477117
-1374.6652666335615
-1306.9601943956611
-1314.5296565391934
-1346.4012477911228
-1377.6765079374438
-1528.422007708872
-1467.6768692867836
-1371.0841206100213
-1432.0808751150835
-1402.3336986429633
-1194.2979785351467
-1372.389888495303
-1408.305800880833
-1395.9203936314477
-1526.3529870507045
-1688.0137853875037
-1407.7123394149899
-1427.8042058768215
-1197.939866775106
-1433.2677569374323
-1576.3678987574892
-1313.5516259673714
-1268.6489838074265
-1500.769893122969
-1423.4978623102677
-1331.0677249783178
-1439.096788530542
-1268.0699976743836
-1262.3603666173844
-1229.2706547567286
-1427.3596236215808
-1547.5154136989472
-1333.7266905966424
-1374.9507252063675
-1467.520308195748
-1522.8077326034065
-1253.9257123768057
-1439.3061206895334
-1268.5298999044414
-1391.830435190253
-1207.2744025344584
-1324.213711582207
-1309.7485830682936
-1224.7428756459938
-1251.4395371788964
-1601.7368794723382
-1473.3795912286823
-1264.8655602681274
-1421.2502290483926
-1320.8678430983882
-1371.107521951636
-1462.7852199462052
-1438.8770903054128
-1348.3234057704717
-1592.7407777420328
-1353.599579748081
-1373.285525880001
-1224.1865986278117
-1426.7924123971059
-1321.7027067199547
-1474.0379316704516
-1366.1491616034618
-1349.9934505492063
-1422.517860031343
-1471.1302863345027
-1279.219636494761
-1413.1081322972918
-1579.7281571942726
-1433.6252397198255
-1409.207286573309
-1349.3355694958384
-1269.2797198091853
-1346.5154862582149
-1363.8535300140857
-1437.6107569988637
-1426.6979113485954
-1331.8945857717563
-1287.2119558344448
-1550.9629770532886
-1557.2049962956498
-1399.1401896506968
-1257.0485629491986
-1535.8165215688823
-1600.8853567499664
-1198.0834251138738
-1468.9460355451201
-1677.6079759655565
-1525.587130584114
-1427.1579443212652
-1322.8981308715584
-1326.1328131470211
-1328.6687976577923
-1500.8462472947513
-1357.931872991513
-1712.873553579972
-1624.456870361867
-1294.3170860348837
-1595.153724895502
-1168.3811893481022
-1635.6338686039664
-1343.1820120679856
-1206.7120271395022
-1473.4222093362973
-1435.1899936451027
-1327.620200141666
-1352.3460537351768
-1498.4813145193364
-1526.7814333529116
-1463.079603047072
-1185.4728754997511
-1377.4759343710275
-1307.2412351987778
-1535.1621086370137
-1381.4629538779732
-1188.9420615148588
-1301.9040842241584
-1385.8804179254462
-1324.9307913327684
-1426.2844007960214
-1145.2107510593894
-1399.7206093149518
-1401.9792704495705
-1674.337103542443
-1418.885579538995
-1414.7807108891539
-1351.8536004239331
-1438.9635201247236
-1436.4743607586443
-1391.048578149155
-1533.9923206368549
-1500.313911586095
-1167.8393017944488
-1772.8624855820917
-1366.4141493044026
-1387.029268521044
-1379.6968064999296
-1426.2731082300206
-1494.5798945995505
-1494.6330083923272
-1491.8780665371396
-1295.665454874583
-1251.4006450763484
-1348.349148869728
-1306.1535837312215
-1377.0551338934695
-1298.0120851689126
-1468.3628564267653
-1320.8221050723876
-1353.8513499043675
-1477.891546626871
-1507.8349097366984
-1455.6774185038178
-1338.2096790551032
-1438.6576201865828
-1396.2362120135574
-1310.612684909223
-1459.8386013534773
-1456.8387599023044
-1479.7345214206387
-1365.065462751505
-1333.8064291725718
-1303.7821886701174
-1386.9816436324854
-1502.3108206115148
-1466.3073827771445
-1342.2045416120507
-1360.652309794721
-1340.1056035690203
-1581.1154878953544
-1537.9980993056004
-1333.2328584739926
-1276.4509565350645
-1477.7442567162182
-1284.9279824391597
-1423.6431714685348
-1303.042770720183
-1424.5986427466448
-1461.341636974414
-1243.5093530717113
-1359.9051322715675
-1261.319630566035
-1347.5146502465514
-1362.1915104591649
-1383.4336751153728
-1384.7165073508488
-1257.158089407483
-1340.2451663888519
-1284.1186561894356
-1387.150946007218
-1280.5357139800062
-1382.4608010445663
-1230.4544060771052
-1388.7907822692941
-1426.405729695588
-1390.6431723716987
-1276.1957847225826
-1376.0935451334726
-1333.4250310651669
-1408.7371886066358
-1405.227444735083
-1421.6409862758637
-1253.1602732079593
-1308.0561044895187
-1325.8943772526447
-1615.1980660922843
-1506.8487382444532
-1327.9800108464217
-1360.2170677727663
-1466.5048249495453
-1259.9251700168081
-1326.6365339070496
-1259.061392551803
-1382.3536760790485
-1368.3483800513038
-1413.2997570270845
-1390.531171911393
-1341.5713771492265
-1291.9260550084573
-1352.6561320114608
-1246.4474480683164
-1286.4190017518727
-1303.237497361396
-1346.303736901092
-1192.8435024358325
-1302.4977388312852
-1136.2554282136466
-1345.0448475227597
-1294.999991776294
-1253.6203949846447
-1209.873426279699
-1370.1815734075192
-1213.3244255211741
-1231.5064695910178
-1290.4743800450854
-1319.8099266741556
-1450.5108134193363
-1299.7142246453363
-1176.9589680296185
-1338.3541025098607
-1406.0007242184668
-1385.6998257844655
-1473.5737702263814
-1276.1690947833515
-1482.6138574384395
-1363.8582063455626
-1333.2435592460824
-1360.8598679076172
-1564.7356840687971
-1446.344888523456
-1330.535396000679
-1149.8358474227743
-1473.9188520117752
-1218.806281618675
-1326.485905687173
-1308.4757208775923
-1272.2301372932861
-1398.8617145293472
-1522.3040887817192
-1251.8980147571397
-1492.632322307871
-1489.125449533089
-1314.2870044188485
-1424.9053322343761
-1224.2075555753177
-1423.3536344978993
-1484.8486747196264
-1421.7664926517018
-1302.4226525712565
-1349.6754792434042
-1387.4465532825334
-1495.6395056393658
-1430.3399977557729
-1317.5351431133956
-1355.0576253375193
-1379.479101994668
-1296.7364365173948
-1436.834795989468
-1312.7649114169765
-1286.666705288357
-1331.9106058633486
-1348.8769839013842
-1292.0937701290404
-1438.7666095786717
-1636.6355926683095
-1473.0023341998628
-1390.956390244066
-1432.6948355344068
-1418.2402993665837
-1389.2175225365877
-1514.728102172872
-1475.972589409983
-1278.435226251673
-1366.70602828883
-1385.6550233058242
-1228.7204087294372
-1387.213634414075
-1453.5822517397585
-1333.8022090720315
-1321.0962813172168
-1368.3060900263063
-1443.2831958297866
-1496.9382246651294
-1103.0557738106831
-1546.6093049507217
-1277.775437644909
-1331.3411018449451
-1210.9224226669367
-1342.3131716498967
-1541.0650637554945
-1293.789599789572
-1301.3210910271555
-1220.7093391446142
-1309.907190018941
-1380.2267823214277
-1254.2162612226814
-1255.1316502213313
-1212.4683691296373
-1372.7340023102875
-1249.3129159712453
-1207.333793970335
-1346.4227537951967
-1303.6871953289558
-1393.25113923353
-1496.0597964061863
-1416.7613620309658
-1582.8834537594087
-1463.5195671109582
-1270.664373911678
-1325.9862597028232
-1499.743384147142
-1425.1064045749308
-1321.2337620632316
-1293.2112165156461
-1354.2178828545618
-1258.4605882321657
-1175.7013576612471
-1258.6687740471043
-1268.7697183579912
-1268.1039872928814
-1319.6370449018648
-1285.5934350432192
-1169.5013683375423
-1261.4416561676148
-1297.9392652812867
-1308.3318021083528
-1198.2140671918614
-1211.814578502493
-1242.5556633535462
-1287.344973960199
-1290.5992699978833
-1306.592393614734
-1281.8986396840735
-1229.3545240175881
-1266.763555464328
-1228.19021095538
-1232.658770983309
-1416.6665068620148
-1316.1356734801789
-1275.7855374273342
-1281.536875374804
-1140.4154575118628
-1266.205312464668
-1210.4966964705075
-1442.6448148016027
-1242.6904277533167
-1179.5409431850255
-1267.0405657901738
-1230.1967553386353
-1218.6538643644967
-1168.4263773372475
-1228.0073729713802
-1618.995116236413
-1385.2933033439974
-1401.4723698576477
-1145.2305468805841
-1279.6951593692168
-1246.1616091327705
-1277.460939307564
-1449.9551822245212
-1192.3014628003355
-1292.6910716275963
-1268.0181041658063
-1396.6441259501541
-1093.8413298758467
-1219.4836779057769
-1343.016292092605
-1270.171563165195
-1305.3551293798291
-1462.5235098034782
-1411.1182754379506
-1301.7806507750834
-1330.5053779279888
-1275.7360877374967
-1291.0991905671956
-1224.003354663542
-1289.1859325884034
-1282.2916456448074
-1298.503903890222
-1159.3169467517946
-1311.413116932025
-1107.4460998142938
-1207.7555690978575
-1315.2255943836633
-1377.1483202040624
-1406.5344239757258
-1319.6224473697293
-1370.0403186065814
-1321.9545349183034
-1316.964124665112
-1180.4115861840266
-1406.8799821275775
-1213.105815474335
-1372.0216509734578
-1306.2867815731151
-1399.2346290538417
-1313.8920725298797
-1191.7908401221612
-1144.5089352243672
-1298.7532154758098
-1372.8186465318324
-1166.179173262506
-1310.3073417917715
-1325.5143410691633
-1411.1440685478801
-1307.4513429873105
-1277.0913328061106
-1178.5254734871112
-1204.2209459651801
-1366.1599053322097
-1386.0648712018465
-1346.3483610301823
-1159.1841067805476
-1184.2788834806233
-1260.31726121159
-1384.8671256187868
-1359.4912336218738
-1224.5450251465072
-1478.044127486033
-1289.4300745683133
-1397.7965602167974
-1316.759048075364
-1204.7349714361762
-1228.8088995007124
-1195.3925834733413
-1165.3191038121277
-1286.057096223524
-1206.6456816940276
-1253.693430912133
-1241.4414544518174
-1317.2592547825432
-1178.2780455074999
-1353.9886854834585
-1277.631722876663
-1200.1836145951875
-1641.8729615235309
-1379.9123174726474
-1253.8036907868345
-1265.8241794088904
-1281.3927562340082
-1333.1700159501981
-1215.0021692479402
-1424.5256269834067
-1367.0580838908859
-1266.422521455616
-1339.388109877922
-1293.20137385764
-1335.2530710324647
-1270.544530201213
-1102.6661932082798
-1227.3550826397257
-1260.7766608646443
-1317.7599331018948
-1155.9715009002236
-1154.7948127346822
-1223.6209371262448
-1392.9202158856897
-1350.5723645876774
-1257.8118997392041
-1174.5379163148843
-1228.1831503970589
-1252.6081155703123
-1269.3256494618322
-1221.0383087494415
-1357.2174728961572
-1500.7772743561404
-1336.378702310488
-1259.540639786968
-1240.1425569938854
-1303.7212507898532
-1290.7064409127074
-1281.6343318995182
-1292.083830077194
-1127.8105219382057
-1406.5833520131764
-1294.538312469671
-1227.1163292147373
-1387.1514466861763
-1402.8115820260377
-1179.3656703283311
-1214.8347865952617
-1351.1481454767397
-1274.4289181114916
-1140.976675694147
-1232.4747199297462
-1349.4050358894772
-1267.0445052234145
-1161.9328935949834
-1294.4287840221114
-1339.8322407594878
-1507.9385179064923
-1317.365817139922
-1234.1438540004506
-1322.3867474683311
-1077.4969045297173
-1294.7545949262283
-1381.0542119438096
-1276.9960771053256
-1399.2829616056406
-1288.367648866224
-1329.8408621589942
-1226.6407603340922
-1130.1363323094395
-1332.4250807526087
-1271.752124562226
-1352.345683404573
-1326.1984756002846
-1692.0999362891953
-1117.8669894318132
-1183.1725943452254
-1146.9928858062722
-1482.5381561380777
-1262.088472156197
-1408.5036095639987
-1252.6157943996445
-1368.3596539533855
-1219.507978001797
-1305.0795470619144
-1318.470510128126
-1325.752078889248
-1343.9716673840821
-1441.692033219695
-1443.105873242669
-1245.0107495744069
-1219.4513985748463
-1388.3645654706888
-1133.712654810977
-1239.1886904262478
-1266.4368548299146
-1046.136789608127
-1161.8102562042432
-1266.5041472212658
-1226.7356192531558
-1349.5941815483745
-1328.085721107199
-1430.114112939212
-1403.9638066144041
-1239.9853153222266
-1253.0664286573874
-1205.0025673885827
-1270.3655225171776
-1430.947619530292
-1213.4342328692144
-1293.2637599297932
-1263.9539975768669
-1360.7291122986703
-1372.0119828344555
-1204.8778873166443
-1321.1441099714473
-1334.5195405507338
-1296.5438198215882
-1452.247467419568
-1319.8741164603682
-1250.339487737911
-1282.1615581065466
-1223.2232954885403
-1273.006084952147
-1203.8705882768634
-1206.6888852723623
-1215.214626378654
-1176.0561157878067
-1158.3804703265778
-1296.5703167238848
-1272.2149034813174
-1247.7432701260332
-1343.4028828806406
-1221.1926618794794
-1284.2603025466399
-1485.330162920578
-1235.8153805881493
-1264.7002144420437
-1406.2569626509087
-1648.8130378070255
-1343.8863688845993
-1139.5509554384594
-1185.1569853833084
-1507.2927239952887
-1180.2388903676645
-1213.207435223103
-1356.1475354512531
-1271.9470976216362
-1311.6253336932004
-1302.003503303899
-1097.8069648206408
-1327.078454090921
-1150.8228946772867
-1286.9305348001224
-1258.2289686944562
-1195.0233773408834
-1150.440014819025
-1340.5090647628604
-1196.910186742301
-1309.5393407627178
-1359.549711491174
-1125.5407856647723
-1346.6881557790389
-1211.1714220227075
-1314.7457600600042
-1411.0042212400847
-1159.1605141077887
-1287.5707339837077
-1240.5751010029228
-1047.8382121764691
-1374.220741527942
-1252.3317735368928
-1145.3322043692904
-1291.0559310642848
-1135.3780333131208
-1223.3273306202486
-1297.2549299865063
-1304.0977647584612
-1217.793351825084
-1279.7998581391676
-1229.364236124657
-1286.8374321051674
-1296.3180235562345
-1196.857402882308
-1497.713042814261
-1648.899646186468
-1265.5914812780193
-1187.1695324579277
-1221.9632575453825
-1251.4645152565672
-1269.5134961042404
-1238.8711307449332
-1318.0038437686587
-1521.4471525025851
-1255.0991910884577
-1418.1525517269765
-1201.0311729275647
-1102.083271360438
-1307.7871196606438
-1177.6708163937762
-1472.67642496494
-1264.7168267792229
-1275.4368824725311
-1338.0197211296088
-1329.1941351489088
-1236.1236216497591
-1212.213856225387
-1426.8654433297945
-1274.7241278665772
-1139.3866447172904
-1280.0331625726935
-1400.0674920753074
-1342.8461849507312
-1240.1384752373176
-1149.4826155839698
-1181.2062210525514
-1366.4169875839111
-1256.9621695985932
-1200.9832874017297
-1270.8165535052149
-1322.8113035302233
-1357.754632877501
-1250.779596011075
-1169.0729604027447
-1278.0450934664618
-1366.564702805241
-1212.117864218196
-1223.85752759707
-1341.7365984110777
-1336.4396174189246
-1254.5362598556706
-1347.5484681041137
-1491.2622874751858
-1337.747873527929
-1165.7931303228202
-1421.4106114507592
-1189.4528340074917
-1178.4489494448305
-1264.7448477989453
-1210.6141857598905
-1424.2244398619114
-1258.2582317983802
-1237.7875806115908
-1192.7033894568456
-1397.6399103921085
-1460.0421582185256
-1156.1693075423364
-1259.5730573142105
-1113.806510865556
-1097.865234681825
-1374.7560878024192
-1342.340796069139
-1070.760128065214
-1386.6343699992917
-1263.2217737962198
-1243.007373903365
-1341.325726238458
-1306.8965944748697
-1269.0459436834951
-1056.4100021526947
-1279.6638026629591
-1174.8214641886912
-1221.022481090399
-1052.2724528124888
-1137.8418231058947
-1194.836346103912
-1046.9566520692579
-1292.9763954810974
-1234.727176873264
-1297.0487849318765
-1242.9009386536775
-1159.2501457517553
-1352.1224814474776
-1303.758666024071
-1265.480801998317
-1412.881088969171
-1178.8955850110092
-1277.1967230952478
-1123.3970440403712
-1361.1327127573604
-1325.5753986958007
-1328.3588868153256
-1120.415080641698
-1355.696045322306
-1215.0562865609522
-1192.469894582554
-1199.4774644830175
-1254.678994534629
-1238.8531801208078
-1333.9479809513462
-1256.9763740298356
-1418.6751059761364
-1335.6729823606229
-1321.5831997554333
-1345.4407180567323
-1260.9957919992612
-1268.8356410029955
-1349.4301151496911
-1181.1800763700658
-1323.2771422237383
-1213.32611822384
-1356.4073852316978
-1342.1443436947668
-1333.7817271629292
-1187.8315544388702
-1323.0720823897716
-1340.0154147265473
-1267.6757662151026
-1257.69277001025
-1212.3699865704273
-1274.2656584058482
-1246.2999613152979
-1407.2179666493594
-1235.8400652010084
-1296.3881158608501
-1212.4737199605722
-1306.2531456069726
-1240.4620587040981
-1112.6424857913714
-1238.1388290443447
-1202.1722853085937
-1401.0574694218917
-1207.6750040752495
-1448.824062735578
-1269.810809873774
-1317.0325089840644
-1267.0895756654181
-1202.7191344139371
-1264.5845369798499
-1148.8713843190715
-1259.8882175844528
-1266.9200677050624
-1309.7501585344453
-1389.7081025788534
-1298.4823041389952
-1157.8216091531174
-1234.472590028307
-1254.6775630988386
-1144.3220264744793
-1232.6359926518815
-1229.8780101893599
-1359.8011181764834
-1287.2124890784887
-1311.605455397184
-1206.1468863433838
-1287.3803763272413
-1260.0324537412798
-1195.9232068706397
-1213.3205966781672
-1107.9427493787796
-1252.6695926671136
-1349.3450643273834
-1203.4797927411134
-1281.0182949905727
-1213.6543467878828
-1349.5879810554713
-1323.154207020041
-1209.9799547557507
-1409.9675420077479
-1260.5095635907337
-1316.3643999823503
-1323.2657121542868
-1310.2186713472433
-1374.8644128392493
-1142.8083343874625
-1217.203763481706
-1137.6801076203544
-1235.5931458119173
-1234.9280693842643
-1334.2301413104235
-1247.912874997589
-1251.3072225008275
-1308.120185418694
-1321.1088170158384
-1255.034536349337
-1145.8046596264655
-1233.9667896175706
-1242.4359767066142
-1559.0670814595
-1424.392655069516
-1338.2237508349258
-1212.9118399091533
-1324.3581402975121
-1394.45832006771
-1181.617095515915
-1304.9381246336095
-1246.3459610408743
-1316.7837133772596
-1291.9944513616144
-1155.6375758706076
-1266.3466355011242
-1101.053133039456
-1250.9619899058991
-1176.0844255351965
-1276.0381429817862
-1134.5608838567457
-1169.6487650690697
-1319.994140133319
-1311.879244678162
-1341.3546957365068
-1440.7955206065474
-1181.7663712435315
-1402.2591910031792
-1296.9617227615356
-1242.2616118619758
-1263.9957384827308
-1397.7498292281443
-1241.4804664490575
-1067.5731691089002
-1197.8392810320072
-1286.9168636214054
-1094.5765542578386
-1226.1450198910213
-1139.9086160175852
-1236.412177683295
-1374.9718239152517
-1330.5065268375922
-1214.9042922590802
-1335.5404619654328
-1210.223726932883
-1166.2999446518231
-1276.4297980583824
-1280.174378579608
-1335.2020528203811
-1390.0159119628015
-1366.5705900377436
-1175.8147580457073
-1115.9520753237516
-1249.2460932369986
-1198.4248316216408
-1185.7517264102603
-1236.2544574708843
-1254.9468552188362
-1240.6965218528603
-1305.1154448652233
-1425.7465185342023
-1323.9024732407033
-1292.9831629873531
-1406.2204325853643
-1153.2738499680747
-1286.162612122248
-1302.452442812318
-1242.4708768525581
-1202.3147146489343
-1343.8139667546184
-1224.0323527343687
-1380.6058596083428
-1085.2288609411667
-1169.0085044643738
-1236.1435180288718
-1283.84428357163
-1373.2315601872551
-1290.3950380265849
-1148.4564751243604
-1388.3485540233658
-1183.7155074753289
-1276.3958766989626
-1122.895407936434
-1076.7626637411097
-1201.2450310909542
-1183.2667365418095
-1302.2360911244562
-1295.9904854071349
-1259.5141359924278
-1208.772719906349
-1069.9645074307018
-1177.591173829617
-1184.0809411116845
-1196.1538776483144
-1237.5470300900038
-1239.5767978988742
-1414.2139579631175
-1156.2763006262905
-1222.8520233481197
-1142.5355927331689
-1438.2224257605906
-1338.2016816654836
-1143.5598163689135
-1236.7768406109271
-1263.6168318227192
-1292.3473484160868
-1284.776753360513
-1116.3323424121197
-1166.6663198909714
-1142.8367716422388
-1214.0471536755267
-1305.5485515231753
-1295.0615126658477
-1162.6140515671484
-1177.2974019693459
-1304.163493670193
-1066.396633951763
-1179.016179047828
-1295.0220157908493
-1193.8097537921674
-1160.9757268480541
-1242.711829643338
-1231.8814989180864
-1215.6535446672324
-1461.0697371731742
-1411.3012483023886
-1293.5551293104775
-1304.3469382798214
-1362.8578795079818
-1182.3768331589529
-1338.77865474005
-1223.0110027247108
-1259.787693516172
-1263.8305620342403
-1417.103166165749
-1366.734288026375
-1150.2454001498418
-1251.0950935207975
-1271.4400292015034
-1303.0632951444484
-1220.8279690947393
-1250.015493987362
-1124.7708472263328
-1217.9952954871294
-1140.174763722156
-1027.9434042044047
-1175.807052179249
-1046.890297737275
-1331.7989111930722
-1360.5430823773486
-1197.3183525710238
-1258.90161356642
-1203.797832757427
-1124.2185113685978
-1328.1789678175182
-1341.4933740002086
-1197.2170007729253
-1086.1186651683827
-1138.1111069503313
-1285.9306152436577
-1212.0415710144612
-1297.8712525980118
-1317.5693202846317
-1000.0271541635847
-1288.6733963835795
-1234.7287443684268
-1336.1053844182302
-1245.4918615189317
-1167.3944577100626
-1216.3948289483321
-1172.0838019785572
-1248.0141806963047
-1597.9025220302628
-1234.3288618518354
-1129.3965156190577
-1391.7153624593993
-1349.9231773259778
-1282.7168172843612
-1144.2534107406495
-1329.602722857782
-1407.1991594092997
-1227.698418947032
-1321.1687114620822
-1196.321228487272
-1293.3158529172154
-1308.381425594911
-1264.2156851315385
-1243.5066913259911
-1226.0396407783162
-1297.2373734536243
-1279.9017528888908
-1309.499839109093
-1191.856232734428
-1209.1605528523296
-1343.2918557566595
-1218.3716842542233
-1230.8074769848436
-1193.2804027387049
-1173.4950127371144
-1215.2078732524815
-1288.4371289363362
-1192.7114574163584
-1205.9207358089095
-1225.004270918058
-1277.2730518779686
-1268.5469093856523
-1135.3643301970544
-1230.6126147910936
-1212.3966589978452
-1243.7277021250736
-1368.4488641364778
-1304.6420183892162
-1312.133874027331
-1239.4230278651785
-1317.9300428911042
-1146.9798967434529
-1163.4967806386694
-1269.2515185633138
-1303.5785966487135
-1242.5545222843577
-1346.903739719524
-1173.5457606311436
-1238.2673087125056
-1236.8065362731354
-1277.9176492282786
-1141.7259338580495
-1167.8024262471533
-1332.778857580803
-1193.5449027339419
-1263.714046819856
-1201.183098130005
-1199.524160206635
-1101.7065970532567
-1229.6817717654003
-1154.6586701814472
-1070.0321100842837
-1358.161703141358
-1299.527843337066
-1364.1818342566962
-1348.2397755614395
-1127.8397391509936
-1328.0197193003435
-1233.4019590584905
-1256.4222607310978
-1120.1584259092158
-1055.8891962009448
-1203.0790997364606
-1165.7126243611094
-1205.4448987715382
-1309.6153805325284
-1248.2566452767671
-1208.3238442428235
-1101.666124486526
-1245.7655043291386
-1346.5320052966931
-1420.4610588376097
-1127.6257142177571
-1301.7357921876155
-1223.5830505981066
-1284.9426480488964
-1232.5507393984183
-1142.1666841069807
-1369.7118717180447
-1227.596675231124
-1263.1268832173891
-1235.927644675654
-1292.5197974613284
-1216.447431287357
-1253.2331729418365
-1255.9941358478595
-1229.0721938124414
-1284.6171282461437
-987.1317880325553
-1218.0033526833686
-1232.1933194539617
-1215.8470042760412
-1272.1306817342468
-1168.6570702547506
-1375.521885649199
-1324.7798099170486
-1338.2660006539754
-1247.5580949545274
-1115.3277441301136
-1383.5596257030084
-1196.1057877044752
-1263.0728607019403
-1186.3842621524134
-1287.4551246110964
-1202.694577203435
-1397.4358652545006
-1093.4543564477472
-1251.2920257247786
-1381.155912175455
-1352.4083455137616
-1297.3420622124706
-1137.1213150520202
-1247.0672641390308
-1159.0237833671347
-1260.7277619845709
-1265.6460825656861
-1315.7745008600368
-1159.8901720192584
-1138.24413503752
-1245.3465153434936
-1178.2147743059377
-1105.9663642723822
-1130.8901566486368
-1187.7684159298162
-1340.1516971005512
-1126.8987711953168
-1197.610011423594
-1192.5452269662394
-1307.553988034267
-1258.3539589409093
-1266.9751676409653
-1179.3854208784905
-1306.1802409343827
-1330.9640708216539
-1249.8303015639715
-1246.1159535538939
-1208.843307694671
-1153.8985785956277
-1310.4171364336607
-1324.6423413680932
-1193.14092597179
-1114.1586718121882
-1140.2157019095464
-1164.4797959619893
-1251.1901747765
-1239.1398691979568
-1251.3950949549653
-1218.375871482714
-1250.297964848247
-1322.6474426270486
-1342.485083046824
-1151.196771728535
-1253.1186788815448
-1171.5930508532924
-1236.9109304506546
-1231.2305630559645
-1375.270595707598
-1208.7268300499913
-1307.857610686614
-1189.7460180698463
-1134.5174135415357
-1252.8291192466147
-1224.8538829337008
-1339.5983046690098
-1223.5681030185144
-1251.9303592947972
-1202.5891683760356
-1288.0874464305357
-1200.2156359748042
-1301.8448016351367
-1177.8153957689224
-1293.816751612352
-1255.329180233236
-1221.405640421402
-1388.3594119732256
-1222.0386741992033
-1215.2927468112748
-1049.3436043344836
-1229.7065389245022
-1203.545170223523
-1244.7607405270041
-1216.1296405972766
-1259.8410894056626
-1282.3421638942054
-1296.280009529272
-1246.68699246201
-1134.5803936697055
-1325.5563201127588
-1224.7042491937943
-1285.8726632858154
-1254.1690542689457
-1264.6608730221028
-1256.4231970341198
-1122.6530877876014
-1231.5656998175525
-1229.2475239036298
-1302.2327493831654
-1280.6215676130623
-1244.3441188469196
-1245.2851387179726
-1306.1126140019612
-1320.9061744423425
-1230.1850667005535
-1174.8864753068503
-1162.439269196271
-1105.7569870473662
-1165.6050081932945
-1179.53724165018
-1212.0740690998675
-1261.6188760237985
-1180.832889124447
-1203.1694666386827
-1187.2833071046343
-1361.6174173559978
-1364.5467006782492
-1219.1482195125325
-1253.0744957392733
-1280.4654738859454
-1178.429324509963
-1280.4976858333807
-1185.195546561898
-1118.694193985297
-1249.4705116349592
-1324.4405573440124
-1394.3849892522937
-1332.7402906800105
-1174.0856199563593
-1106.2335474682468
-1169.1906500422153
-1222.7105993166272
-1231.8775846107837
-1186.6668646527983
-1223.376576223183
-1322.301489616629
-1355.2981656572886
-1112.434876821324
-1255.6999223825342
-1144.3831493560142
-1152.8393783279357
-1397.3411351032228
-1283.8670218044326
-1188.789327427807
-1366.5305483917161
-1355.0320872584239
-1243.0059871980536
-1252.0730511144257
-1229.9699755890247
-1341.0253859971053
-1177.5050344834867
-1172.1212218267447
-1189.7342021214342
-1212.902923042665
-1118.6067039861216
-1313.7197858039574
-1161.549591796598
-1161.8179594367111
-1136.2374081248581
-1202.9658465216105
-1120.6007750146762
-1327.2408576349903
-1114.6231886187418
-1194.823591744449
-1208.5793435498972
-1325.2726058332541
-1130.3905075000694
-1152.0843075179828
-1292.6048999827526
-1145.3813073780161
-1184.6545134059756
-1220.8637537726563
-1139.6114979227275
-1255.7300809873336
-1225.549937111269
-1297.8552824533117
-1175.3162712520862
-1109.4174366371112
-1392.1931035195064
-1207.7934797664843
-1182.4756728841517
-1148.059433030715
-1159.9484705653642
-1274.06582076576
-1252.4750205498513
-1308.3157526214834
-1199.8944588840054
-1264.1894020303255
-1222.328409024575
-1270.4356778552246
-1133.7795905411042
-1375.8801865532644
-1207.8675428435085
-1111.0905961944243
-1106.8142487123202
-1348.2994701497437
-1338.5265082841026
-1182.6205511699957
-1152.338022381419
-1333.6544097975093
-1398.208097953876
-1230.2449928017488
-1105.75237928384
-1198.496177513063
-1314.6209695467958
-1265.7672457044555
-1252.5718501348174
-1225.2449930521786
-1241.2145704732486
-1205.6340161669484
-1267.6665477266806
-1151.7899157671113
-1092.6828759533041
-1192.5149834860265
-1310.259555715953
-1226.798564888068
-1276.2240038475322
-1250.003737047556
-1189.5562396235084
-1413.8177257217308
-1063.0132476190254
-1072.751354203522
-1420.318821063187
-1211.7569453852775
-1361.5692936805406
-1202.1420970338365
-1338.640165330183
-1260.3398800277237
-1244.2746253712803
-1226.1779995701008
-1186.4743090984614
-1414.3648507684197
-1214.2792703582616
-1110.3433405118617
-1159.2072430079018
-1152.2605535557648
-1262.5685036475888
-1166.7765983556683
-1325.0221327567317
-1266.165205823002
-1302.7283544781994
-1221.834927375292
-1211.2761587041878
-1197.80961496495
-1156.1520502908934
-1316.8059848439143
-1312.6216336700397
-1099.7369938025554
-1236.5604104054823
-1210.6705705939746
-1255.5701347685751
-1224.0254407354764
-1166.0301033340531
-1191.2178869462857
-1149.000921173762
-1153.2568994604317
-1158.4544798164407
-1286.40579376241
-1171.0386035039307
-1316.784290495486
-1165.903451389189
-1284.0039459928369
-1150.2481580486535
-1252.4925187838146
-1238.3231538380169
-1274.783368228329
-1184.3808574229852
-1163.801417833213
-1151.9102754462338
-1345.2640675596458
-1216.6242779354077
-1219.6039359461556
-1090.6428363983382
-1208.5448975427475
-1253.6031209129883
-1322.1353324803488
-1212.7378311299922
-1300.6678261558739
-1273.5256251319888
-1103.759023804523
-1224.32013182902
-1429.0937760267443
-1385.707794164675
-1258.3609064999991
-1117.3982219558632
-1181.3479369494596
-1335.2192840648538
-1135.8605334356732
-1303.4004402284036
-1244.472084191632
-1296.6084598170362
-1183.1996282026669
-1111.4460393045695
-1286.8689429655253
-1260.0256498665042
-1296.0853565225893
-1227.6712771776945
-1273.5829901718014
-1306.8449271769227
-1227.1231977092266
-1302.2886068397204
-1179.6590211619477
-1211.0504696204566
-1310.9880050649601
-1154.084691960678
-1241.0924092161592
-1239.9321526717679
-1413.0113263913045
-1214.7081112119038
-1100.3663724621024
-1179.7228105410688
-1249.883801048265
-1262.9566495549627
-1247.7044834143244
-1328.575006341978
-1118.5661039809397
-1254.578157682885
-1289.802844914398
-1315.4932334391708
-1195.2351653542394
-1271.7850252549592
-1164.8395452361965
-1269.56935143928
-1177.128946180517
-1094.6000833356063
-1270.6418650875833
-1276.8453833425665
-1288.9775930266387
-1270.3755050995587
-1137.5851180235545
-1258.9052077854767
-1324.0893819646435
-1201.4462497486477
-1274.892872264908
-1315.343426131025
-1179.5549363190853
-1216.762070559589
-1232.9424830820212
-1109.420563664085
-1296.3755089895774
-1233.9416396675326
-1156.3526356905616
-1080.052670142203
-1225.8880513824254
-1211.7186820482023
-1137.0253434908868
-1108.994650480566
-1111.9646424215732
-1166.5053681548409
-1227.6437475207613
-1002.3407376911532
-1268.5286767349812
-1245.7600745882437
-1275.6699886636043
-1367.505920508757
-1178.9984780476964
-1279.496101836903
-1120.678128430289
-1309.7988364731002
-1072.0706717945397
-1061.4635912100234
-1169.2643802118475
-1207.024293359553
-1191.8968600163896
-1122.1401766984234
-1259.9078475939477
-1180.6313010052847
-1339.8874728957508
-1265.902574694258
-1260.0872316806076
-1377.4773639060384
-1139.7359729348755
-1196.1277531863288
-1208.3967739451746
-1192.5173469579258
-1182.634525650019
-1210.807760491656
-1152.3708897899921
-1226.9741944368868
-1247.5561966628238
-1093.7410992191114
-1266.99093741435
-1159.6894212063823
-1343.7323038076863
-1036.965468359295
-1219.8419296929899
-1204.0306686205952
-1077.7755628201337
-1351.6480174125663
-1235.4062005129094
-1165.763845301618
-1105.180957658159
-1143.1408360103114
-1255.7380726743722
-1286.753066913852
-1083.52346162097
-1166.1068831493644
-1271.8754724202536
-1331.9311025248915
-1176.5714081637338
-1349.9167443657152
-1301.518323069923
-1234.8599939475362
-1095.331131741566
-1204.1378260022636
-1205.9456389298255
-1255.7121279506127
-1215.2748843722163
-1233.5859117713126
-1334.982097053307
-1167.5128454898763
-1198.0837518584046
-1175.9265618162979
-1054.050651623974
-1295.130561921992
-1229.2626250815097
-1296.9230747451477
-1187.1451759075096
-1132.337386867361
-1303.2128578890624
-1254.6298001190994
-1170.0739477346183
-1318.9731240841022
-1255.6874692113531
-1201.6269462717598
-1360.363881020526
-1116.5175697768098
-1227.1545998829645
-1290.4360972826362
-1115.796568283022
-1263.4001800197552
-1191.04991849785
-1146.2795871413064
-1287.4238426714116
-1134.4468865897695
-1134.4668690235437
-1211.9745559127646
-1238.6473574539573
-1382.2234858250877
-1112.903167581677
-1252.1980427232465
-1277.5607573165607
-1189.1116912876025
-1279.5625764638373
-1225.2311546687044
-1238.98247063186
-1219.2346406891097
-1376.6308117930353
-1303.739882209169
-1218.1403799846312
-1232.1869602482636
-1155.8178675631518
-1317.2034143686462
-1207.9104126040454
-1201.0191158382386
-1166.1243040898921
-1113.9708957191579
-1323.0508906711711
-1178.3227080966162
-1226.3478375527845
-1296.2155299722938
-1199.387177946303
-1387.7072539313758
-1227.5882412580881
-1197.0184555144776
-1084.9664766866515
-1262.4124819122271
-1162.9941280363014
-1227.3384519357
-1166.4678137210235
-1302.7131544372496
-1325.0580171761299
-1124.2136516422158
-1124.2109542801688
-1251.2296701000487
-1237.8753829419957
-1167.470654870191
-1199.2402732840333
-1131.802667570733
-1329.118688657516
-1279.4638626909643
-1303.5192956045862
-1308.8078968627542
-1310.5915507892269
-1082.176674527089
-1099.5414673135972
-1114.8462902547371
-1146.4549006837885
-1043.1510099816358
-1212.2265483457275
-1404.9394105745532
-1306.1725671759627
-1387.478620419145
-1218.9761739604753
-1301.6918330240435
-1283.6178403299136
-1113.2514859116077
-1291.5476782843632
-1240.515779737136
-1208.9659974074928
-1308.8296638094564
-1383.3195928439818
-1256.0038571868058
-1251.6982366751988
-1070.4922987661294
-1281.1139597934625
-1192.7706185958602
-1254.213228854964
-1271.0733012051494
-1244.1953261547324
-1266.5915553568657
-1280.845238541635
-1227.9863077891084
-1210.826756907141
-1137.8220985021308
-1200.8592338954938
-1209.6563632150371
-1211.1948280722734
-1235.6512059993438
-1224.1389789583918
-1200.1043653923387
-1253.0418616375407
-1263.8189326435431
-1217.3066612702066
-1233.437512301316
-1240.7953945845331
-1319.2527933191134
-1353.2117681383909
-1317.0844731571028
-1307.4144926018878
-1208.8088135872833
-1429.7843102492034
-1287.0361959121128
-1201.776230744595
-1336.4001963727105
-1274.700832700688
-1280.9246530803985
-1302.3277004981146
-1223.2531171867358
-1221.0065425500245
-1258.6536109881197
-1345.8482092701813
-1112.6969085890898
-1264.5809549520081
-1397.0488354790862
-1288.5185875366703
-1213.5154109033303
-1182.094475812768
-1225.0721783289162
-1195.1836548700392
-1331.965315139968
-1155.3098878936678
-1159.5228517671126
-1218.8318445289383
-1234.597675858615
-1175.7419380605259
-1123.674666082711
-1271.884264111542
-1232.027104779493
-1288.309204134369
-1344.374793094347
-1326.8849324511848
-1207.7019258992098
-1242.063746400812
-1221.204369765993
-1345.7674604894773
-1204.8457589633072
-1295.33759002793
-1192.3480114376243
-1333.785785693446
-1224.3678354508504
-1274.003264518847
-1306.6302019787477
-1193.2660580245947
-1239.3417573538707
-1313.7164949073565
-1027.5760441678576
-1242.1297585966677
-1234.9799128943844
-1253.0597517021915
-1278.9686229178812
-1188.7105300316116
-1086.8576389276948
-1102.4176469792565
-1345.262228873719
-1210.465101305257
-1198.4366777791624
-1191.974061092657
-1264.1343982669455
-1240.3225025819609
-1242.5655464229133
-1124.1029960919802
-1332.1430307662567
-1339.9181852151469
-1186.5776062880664
-1390.2948867678958
-1200.7056349439042
-1286.5968766121946
-1197.3160300426669
-1165.441755316613
-1301.4563897516362
-1222.8040228781565
-1201.0053867992074
-1296.4777717707138
-1248.681023424459
-1182.192503704617
-1244.0128073718824
-1118.731042234734
-1333.0581892995158
-1318.2373098289827
-1326.5943009700186
-1241.296566327513
-1194.2215058958986
-1179.1436983891565
-1200.8465592860703
-1153.0673944707232
-1367.7647768628624
-1306.5777148226935
-1228.7319856778586
-1267.2429607205377
-1154.9595578409196
-1205.741583254194
-1257.3380004397866
-1290.3908555329808
-1219.1671894690396
-1187.7608291953647
-1166.7148850390738
-1307.2915924535698
-1358.9851699781843
-1139.9492949164282
-1201.649454207651
-1162.0817800644516
-1164.5261202766346
-1169.9024319696719
-1259.7524398001142
-1120.2673384901761
-1225.444888599164
-1183.29460724075
-1105.7544489694637
-1260.612421978385
-1222.2233569199886
-1309.7416414719987
-1108.230765534099
-1253.1420064653548
-1320.1248011858136
-1138.6622465000376
-1208.8641838162991
-1409.1559989701536
-1208.729179249482
-1310.7128783694734
-1290.3961784235971
-1187.9593131840677
-1336.0691458401561
-1282.3724407555
-1166.598377239684
-1181.9677521561425
-1361.127836445422
-1130.1489191375776
-1251.0283315787676
-1233.5935220661318
-1310.153006094433
-1274.6217356826314
-1191.2662710937122
-1242.2922044229117
-1099.5507184667692
-1108.2819936703945
-1325.8303785023954
-1145.306766776345
-1263.1380579807337
-1231.2452587822117
-1323.873692960331
-1088.4913934320787
-1111.2586327255974
-1223.6591438263329
-1282.033054522717
-1193.7575780123084
-1320.7774707588233
-1325.4753691836088
-1195.4574221510854
-1298.4519360461657
-1278.3138059918258
-1430.8660519498203
-1201.0228687833198
-1291.5019909609562
-1188.829405149637
-1266.4383066200896
-1232.7468709273696
-1162.1342138062794
-1276.5792277526061
-1216.7294718484952
-1238.585364769723
-1243.0196605287854
-1142.8018297969272
-1192.6551075064208
-1237.750470244233
-1055.0827883446832
-1258.8509042717073
-1184.2902162304476
-1165.7126802201067
-1258.100589731507
-1203.1944761709235
-1375.0157565090306
-1253.5990287938976
-1232.5160235713583
-1257.7295025600533
-1394.567672671897
-1154.73012997992
-1212.664229903828
-1228.742944445316
-1156.2014384763604
-1189.6584566562572
-1197.1336702730428
-1207.8361654310722
-1356.4052599120635
-1305.433950384495
-1252.8848101879512
-1251.8566438540947
-1359.2499642398511
-1359.3865838760807
-1224.620100032537
-1211.3463841624457
-1181.5885191841678
-1168.9209213086751
-1189.9261802157398
-1134.9361445628053
-1397.6352872388097
-1253.9747327530956
-1373.3592865367207
-1184.8412904202519
-1144.6964205536185
-1279.1585175003102
-1189.240942306037
-1281.1277421488414
-1212.6347012187287
-1172.1611052273897
-1256.0134038969059
-1293.2838582077193
-1204.7279767115704
-1215.3952735192986
-1157.4609702681828
-1213.795955909924
-1359.7866171763822
-1255.4024341880213
-1358.6568677673222
-1269.3059377853097
-1225.5844949098946
-1141.5953238749785
-1127.4376255634472
-1165.5127015618107
-1200.538722076284
-1356.7852434987535
-1355.8449665846456
-1194.55044403051
-1245.4049681237668
-1399.2474655301903
-1395.1923493308002
-1303.9309827806528
-1208.7462245849715
-1355.6490836797311
-1097.1515271767037
-1076.3667774552175
-1313.7299686998444
-1167.8472333993511
-1116.535475875127
-1157.1837642767514
-1285.99603795042
-1210.9410993993051
-1196.5623060840014
-1401.2615006364772
-1326.6403424512812
-1214.016959800302
-1231.4314010449489
-1268.2521704147787
-1119.2658637631637
-1351.7108848929875
-1191.321647340085
-1326.7504537686325
-1216.2749183672875
-1207.4261650370966
-1214.9353869912827
-1236.6903450808168
-1110.8769733661825
-1251.0968346401742
-1321.7232080616236
-1323.8870616011259
-1290.6588058277612
-1189.565446557658
-1213.0543076478089
-1251.6767603261778
-1221.5895505529697
-1213.426726021657
-1260.232803096272
-1318.856020821131
-1300.28887809313
-1189.5325933252175
-1341.7312622811696
-1377.2167864923624
-1181.4927732446968
-1187.628588870282
-1266.8781368855234
-1213.2351969271404
-1199.8088548686553
-1112.4978252713784
-1371.2058004791468
-1246.0123896018013
-1336.3180945528543
-1224.9485311588298
-1367.3256779034846
-1304.7774960978481
-1104.7759748037272
-1294.7058748062082
-1260.953773128972
-1262.6326277016235
-1183.8802786700555
-1344.1365201982917
-1281.0610776610101
-1270.3597865844897
-1125.262878525668
-1243.0366151668277
-1200.6856823506992
-1175.3698892453008
-1211.1207233155073

