-2464.856687578167
-1720.8634370261436
-2430.4199957093183
-2091.658285985194
-1762.0686647899122
-2084.459626454448
-2089.8716177591905
-2186.6799410703743
-1757.3210459839204
-1916.315300734887
-4898.022943136043
-1834.3046266271715
-2031.0315725750352
-1760.7684641490807
-1324.9177368838489
-1746.2477936296818
-1397.7320994457853
-1610.7245419505728
-1834.8402394695408
-1553.2026577908985
-1580.7462747621876
-1478.5246549032286
-1488.7202494774867
-1547.3459236242825
-1660.5518385439188
-1485.8257295930857
-1353.5495569313598
-1530.024988813661
-1400.5642819959612
-1261.5885262884335
-1619.4851986842011
-1470.5360552354252
-1560.7513772631382
-1332.0625628624798
-1310.2205438645503
-1419.3652998666025
-1357.836865571723
-1428.436689956946
-1337.9552171160647
-1494.8187571568078
-1639.9938524132199
-1490.5741133333756
-1479.719071333161
-1372.9267639699692
-1418.659261845918
-1348.7994469708265
-1476.4448635015128
-1216.2286081436182
-1413.3420713603339
-1386.5109010533622
-1329.0745739984266
-1452.6908443961458
-1472.7478267302067
-1482.7330685059958
-1376.808092263539
-1317.4772226981247
-1403.541672577116
-1405.7278664834685
-1425.8171411366245
-1490.795712461875
-1594.5300278512977
-1428.5126205896706
-1377.008393994015
-1598.5159063251374
-1252.9961682380012
-1378.1031078388937
-1520.6104082539023
-1218.81677896125
-1219.9061731318654
-1270.3999794980423
-1146.5619595979954
-1366.2131603701455
-1450.0566694726285
-1343.7433322373022
-1463.4838344360096
-1369.2524619195224
-1373.0124946321935
-1374.0892992071385
-1355.7723739386383
-1333.998802381994
-1349.1130961208878
-1299.354217570458
-1382.7762557539395
-1266.608177347929
-1595.0995740068256
-1453.81693510092
-1239.6487611092205
-1320.010466494658
-1386.5461326096574
-1397.8144007873343
-1324.5323730273265
-1215.633809840818
-1367.532390845718
-1356.0280442971466
-1210.570371642893
-1290.6555106910428
-1268.2177902065669
-1266.3510197024139
-1241.6863131462233
-1299.0852265997296
-1308.1780452069474
-1229.3708812926686
-1307.5267066137478
-1374.9477196509201
-1486.783125100166
-1262.304973131596
-1263.7653091843995
-1398.0716641788315
-1442.5512849851584
-1412.9000921878273
-1355.3710892059664
-1345.2404496072973
-1326.2348291675148
-1229.4582618578513
-1407.5977150453737
-1459.3715449732822
-1253.6795147567532
-1372.3733056103092
-1381.9828679975308
-1323.5741585045262
-1331.3388081158528
-1529.40272378075
-1456.8660791662496
-1449.137469616992
-1264.035454580988
-1327.3433079446463
-1206.4831555889148
-1298.0455582517427
-1273.0625136212632
-1309.7447343480164
-1536.4909401567388
-1352.5947944277118
-1306.0472600797375
-1364.9362399827232
-1217.9038647857842
-1208.8468854193763
-1280.0792919988162
-1508.2452537731901
-1362.8415444928003
-1323.641961480656
-1348.133435958646
-1263.544895749635
-1244.6055322659488
-1317.6120392418761
-1429.6882178372493
-1385.095053455296
-1221.721087821992
-1437.3730967283298
-1541.0484486758112
-1629.4585418626448
-1297.9872625853247
-1397.1834167577733
-1635.5129038078098
-1260.4753382173858
-1396.991169560051
-1314.7998251756342
-1309.7701769006972
-1245.3808839417093
-1303.8439390063027
-1240.7133276243962
-1242.0748756365083
-1440.7064226276
-1426.503852866721
-1553.9940415217204
-1407.0133481752157
-1365.7702610307788
-1381.8975856460877
-1232.4452927729471
-1562.9607306305627
-1256.1013183272169
-1194.4606459206843
-1214.9785326773508
-1413.327786179496
-1311.3807475488975
-1275.8552105233603
-1353.964208795387
-1273.676165227955
-1300.7928152726709
-1233.5212018341767
-1230.7004205693465
-1161.5466815848824
-1184.0161515327397
-1397.286040861519
-1141.2782073513915
-1228.020382641478
-1232.001176347657
-1183.1951826072961
-1217.3422696974214
-1215.9586000934837
-1240.408434059691
-1280.0972628774643
-1491.5037948529862
-1411.4493611837424
-1364.8678416607888
-1199.0942927322074
-1306.3399670352505
-1186.858526620406
-1252.322328651955
-1534.5848286548826
-1265.7030189427014
-1130.048502232672
-1470.1608249428903
-1399.6058088840819
-1424.277713661925
-1344.0348087828752
-1275.7016870378384
-1396.700067874397
-1466.1097427295354
-1227.9783560374815
-1298.6937923549647
-1317.429750649977
-1368.9816338508717
-1345.6637275119556
-1280.6946677653868
-1223.9192141207363
-1452.8623975648218
-1317.6003100007665
-1363.8189369241811
-1417.6219609954705
-1214.6683968343661
-1366.6197456756695
-1253.6333475223923
-1460.7655262015935
-1241.8216111892596
-1312.3942540931193
-1382.609207722532
-1295.426768723728
-1392.4691315192595
-1187.9263486518757
-1311.6654690541345
-1212.19336010849
-1374.4148805125387
-1326.5773042753851
-1438.6558484476946
-1406.1273801868203
-1229.2634914394337
-1355.4913287675934
-1368.3853046349777
-1446.8417622111956
-1368.6415344177713
-1302.16448665173
-1379.127985551826
-1172.9631145332305
-1354.4299571639551
-1142.9294728590996
-1150.640086939621
-1225.2938722389988
-1330.1993129739096
-1364.009311226236
-1236.1812607685288
-1122.0962282293126
-1232.651771822957
-1379.0230138135212
-1288.8749480913739
-1287.0891383798244
-1301.5780110122787
-1400.7652498195378
-1317.152770453059
-1242.9369409857172
-1268.9315883796692
-1084.7495519372696
-1413.689315246254
-1287.1410538315642
-1133.7117916178452
-1241.438434285398
-1339.439767832375
-1371.2408874489802
-1143.8853981098625
-1302.5112933044616
-1279.0101202709473
-1248.1750811550367
-1303.2500384806865
-1276.4534388085222
-1495.0219158541267
-1441.7362367250528
-1418.144160047354
-1293.9036548173503
-1417.8969075605985
-1123.857012847638
-1351.2072251704321
-1148.0533633809118
-1188.3696732728765
-1152.0146181390203
-1252.4747860315856
-1203.7638808013337
-1287.9311354781544
-1210.6315591712444
-1262.9017054310361
-1297.4593936508843
-1239.6615943366942
-1220.0021077815188
-1390.6089601953222
-1220.4107607439662
-1199.415291981245
-1090.1677845286094
-1253.353917603274
-1225.088125711793
-1309.0094945329192
-1247.623414415941
-1275.531022109466
-1170.961528545613
-1118.934144697512
-1261.9162631655427
-1194.509090076803
-1348.241508365959
-1332.4446914546609
-1219.832500634555
-1322.7637387074803
-1371.1630352810707
-1582.9231349588183
-1357.9728284072914
-1266.06624553365
-1474.8464542199645
-1376.3512112703775
-1342.5957434365648
-1162.0529009508523
-1329.7000280638413
-1277.5471934918917
-1160.7741273380416
-1185.2206922963671
-1381.1524151392055
-1167.7025145688176
-1249.7538842463055
-1256.6063445807015
-1210.8314510646503
-1174.7174943441703
-1330.3761410412678
-1181.3091375147094
-1377.7916936593874
-1356.6045825459323
-1257.4317164227045
-1238.928594168304
-1125.6081923402585
-1338.2078279649186
-1405.5229953124945
-1249.198993612135
-1263.1937505870349
-1302.1465348668962
-1362.6692422506128
-1352.7516710258515
-1285.209862549059
-1238.421065760197
-1311.9595619798156
-1275.0108405986502
-1181.510092323713
-1246.5161820923847
-1227.1377764590343
-1369.6505646148141
-1156.2156775677822
-1359.705538074887
-1295.6375528857927
-1363.4373212929293
-1524.9537812884876
-1207.6957599059533
-1333.956762817264
-1373.1017608665577
-1378.1961772297955
-1299.0181124477122
-1372.8353911145164
-1432.9788667003616
-1272.2363129719843
-1624.01357652717
-1328.2998087727917
-1086.0819220172677
-1268.1745820429064
-1312.8760623625758
-1231.058866817657
-1204.808397408584
-1257.2567376647453
-1334.6451004358441
-1334.7010127581377
-1173.75443441926
-1381.2409121983242
-1339.177890146134
-1190.9694195923346
-1211.6001703931495
-1470.6489318403524
-1425.6114720213836
-1296.4400424629303
-1285.436871547232
-1148.1871216146908
-1294.7658600390544
-1347.7355776952659
-1281.907427267335
-1332.2587803001734
-1176.3599245605333
-1360.567775975271
-1288.9635843532087
-1245.5276013435548
-1262.2340883524512
-1342.5594734941917
-1540.6615620521002
-1351.9912154372305
-1336.1749540356768
-1362.899429041804
-1401.2206811726242
-1291.5303240575206
-1304.8744177686963
-1461.561282898506
-1266.1182350221009
-1273.3783299486538
-1394.1018797131985
-1304.248825265844
-1249.716819403682
-1200.6484658531654
-1206.3432547284544
-1322.2575405958742
-1132.2452256754796
-1451.930428358397
-1326.1723014917034
-1195.9307144620782
-1333.498959615375
-1438.804190597835
-1256.8926441306205
-1300.1297163295771
-1151.5657384322028
-1191.1711537109827
-1360.4643831426029
-1234.1309835898262
-1292.4999602478283
-1273.8170002647362
-1192.401665596114
-1188.492478868889
-1233.0438254928001
-1309.57778002719
-1401.7374005844165
-1344.1752431844218
-1243.5738297532462
-1248.656730180553
-1166.3541716699917
-1231.6243791777533
-1193.7203155937893
-1419.4626669516138
-1351.1118443896771
-1115.7833283909415
-1228.458518618194
-1302.3241806823075
-1210.8268668925
-1205.3047034684994
-1197.1745814934677
-1486.3556509142795
-1197.5341815877243
-1343.1203634687654
-1208.4942877161932
-1309.5627509441656
-1211.974176883306
-1342.903191929841
-1281.447034104536
-1140.4723523534103
-1320.7385526313626
-1248.197317148375
-1383.9752626483826
-1107.7922333959743
-1241.0090070173273
-1233.6304794509936
-1306.065049835719
-1283.7582948300799
-1387.7143289897756
-1392.9858285120272
-1350.162052456085
-1247.8587691190342
-1241.2047363040829
-1344.8578126503928
-1281.800858270919
-1349.059478317401
-1317.8733662149968
-1253.9187158760308
-1141.5884102304688
-1377.9316567248725
-1143.002887899916
-1159.3471705785887
-1271.925236910022
-1258.9283151441855
-1285.9611045249949
-1322.7717202883914
-1320.4334618365967
-1301.1416343799672
-1236.720616532372
-1110.0659386536602
-1391.7998788878642
-1249.639987510166
-1374.1254078516422
-1275.5337123036534
-1373.1106703417265
-1360.0918940345555
-1116.2904524754736
-1185.1724427383567
-1249.3565541701485
-1395.823427309429
-1257.9559549343153
-1273.8072063855832
-1239.978102444894
-1327.150598012186
-1230.2903426350706
-1284.5026866095047
-1172.605755018708
-1172.815622184288
-1428.5890363649246
-1316.651672600193
-1364.2527336316052
-1142.195786960791
-1226.6672670501018
-1284.6161987256437
-1271.1624341852566
-1281.2178285339967
-1206.8374098248705
-1393.9659026171148
-1262.6334334895375
-1324.202021044206
-1390.7238447251264
-1295.9051671485092
-1277.9918891432853
-1154.7133170200157
-1167.1355342839581
-1336.2976233649658
-1230.155661740796
-1209.2887961449267
-1132.900588055595
-1136.698746654215
-1175.268708387244
-1372.846019648142
-1223.0080318472153
-1175.0086469048492
-1496.7081584275147
-1296.4729381613379
-1344.6782451839988
-1293.6274090825539
-1228.7404303915418
-1281.0532108341113
-1221.2792294240714
-1327.865263581677
-1288.077618609695
-1254.4934065084508
-1455.9303981230275
-1204.5950644068816
-1219.5057453592638
-1289.314483669076
-1087.2427838959545
-1184.5469037014225
-1437.465153374652
-1366.555310782578
-1231.2044384163214
-1168.875614353667
-1217.8276686200277
-1322.8283406232713
-1300.2566787552626
-1251.120447004686
-1188.4827925973862
-1215.8901678315374
-1184.17488940302
-1279.77022584222
-1169.6545993909851
-1332.4865623685455
-1299.3486466903237
-1385.4907897899207
-1252.2037475825828
-1210.9265513986106
-1345.474369032282
-1338.3099820646596
-1365.0535055726687
-1177.3349765264395
-1167.6966186003945
-1375.393212646086
-1263.6392146611179
-1271.1876062151605
-1309.9650815461127
-1444.668116919126
-1217.5160847405741
-1252.7635462471076
-1402.1155840185406
-1240.7677830748316
-1092.2910008245237
-1177.0427283210956
-1271.2164915552673
-1188.7708270649493
-1184.3920623438976
-1370.8410330557651
-1333.438399749389
-1552.2444978015938
-1221.6417546032335
-1205.740630627468
-1155.2941263957148
-1128.5207621955985
-1253.7010386998668
-1333.7970115102312
-1342.359808599037
-1497.49633267974
-1182.181083788353
-1292.933728483279
-1213.3800636885703
-1162.0502193840516
-1287.687699898529
-1094.9698812336617
-1396.344663336645
-1285.0607786347887
-1300.601708140556
-1098.4262789003105
-1180.786104461191
-1108.526189443317
-1346.558890773439
-1246.3265629710602
-1404.8493113602826
-1422.5664772618468
-1457.5284081451132
-1174.7921829111342
-1285.7555504862262
-1278.2296791271428
-1323.4705037379415
-1270.9166008880284
-1319.5354382941723
-1323.099203180687
-1154.3711810729715
-1258.101781846137
-1272.105283322744
-1107.1834478347134
-1241.647165514531
-1271.4574960794519
-1120.7327626063166
-1096.5449883174367
-1215.7361557225524
-1190.366604578107
-1318.8947754518786
-1369.648423404423
-1530.0064075455107
-1258.4945945871125
-1200.445171596159
-1280.5905300822556
-1309.371638737913
-1203.6303953061263
-1337.4550580491382
-1124.6046633983008
-1329.5423573922183
-1252.5507826853382
-1262.2530724552485
-1255.7835730531076
-1288.0424157461944
-1374.453818101014
-1289.9428363595814
-1276.6520164446426
-1300.5326142471965
-1334.7251529380972
-1195.0773437248263
-1220.9170539562908
-1158.677954595448
-1268.1375073398722
-1243.8481161983307
-1194.2971127046867
-1252.0419962400556
-1238.2914800382998
-1124.5083197764484
-1253.4715289324822
-1294.671202539564
-1242.5974748689907
-1346.8804750270547
-1205.8708880434697
-1213.7237524526392
-1611.7649171950939
-1277.3792257212472
-1284.010629702537
-1465.1605961168991
-1385.5989721059702
-1315.682062784962
-1128.5883288971136
-1176.8969071624513
-1327.401322421676
-1124.1058869862127
-1215.292761428763
-1341.5713101416525
-1313.1011524428204
-1288.0508003023733
-1245.821361475302
-1119.8909490903459
-1501.4826733707432
-1073.2344051416728
-1244.8195296397926
-1208.096863644473
-1263.6600927663771
-1160.7805319740064
-1318.5061553207515
-1217.181137957745
-1219.0226041414705
-1554.836531422363
-1162.4775479573007
-1545.6312822673647
-1241.6298552035985
-1310.3225011208597
-1304.0469006335622
-1279.1647139819136
-1417.4257706419849
-1098.5429203502686
-1042.6405244190037
-1394.884273097844
-1349.0145611609003
-1169.092775613124
-1370.6070386556796
-1154.473798688777
-1226.2231549126539
-1317.4236129581566
-1291.7475741431483
-1122.1087762541242
-1428.5309026164466
-1170.8116496862044
-1420.2040019157384
-1165.4062217308822
-1204.2635019643237
-1363.2257991989663
-1363.945786811891
-1403.9065690382013
-1192.2053311245065
-1249.5458705547262
-1267.692438966215
-1235.5293755230923
-1204.7072183036682
-1352.476563416075
-1439.5032192456754
-1267.9243287846084
-1307.1492194963096
-1342.4213440010142
-1145.45409107226
-1279.5041291395344
-1401.5492640708212
-1412.3910899896457
-1376.8011126219972
-1227.1911341350858
-1270.162187886509
-1242.6024398761278
-1299.0334216031108
-1219.5403467585454
-1332.9839338701804
-1256.224381048189
-1072.0007334021398
-1183.6830225513845
-1390.988626854631
-1237.0875627793398
-1215.1425713016886
-1137.4734246748626
-1197.8844873813537
-1352.2843847584757
-1139.2703687003911
-1203.9307691637705
-1151.8002524288231
-1199.977527129081
-1320.1749718348399
-1203.8064954533004
-1178.0235541079219
-1268.8292678591677
-1287.6886220145511
-1240.7893850654468
-1161.7335283633274
-1355.0606191264699
-1275.4931094972214
-1235.1763739365313
-1250.698974285442
-1441.4974771284963
-1268.960279805019
-1124.4129926203277
-1373.6545043902026
-1111.215525075501
-1211.6406987160938
-1295.2832906991846
-1233.5769832485062
-1360.7339938140021
-1335.1254780429463
-1277.7444995270607
-1216.2671217195275
-1461.1844164267695
-1311.7584076597657
-1216.3530063260703
-1224.864365361983
-1084.9738053215783
-1063.3316432381387
-1227.0516613545776
-1279.5963778861005
-1071.4324373003637
-1443.8649364799023
-1252.276550385045
-1320.97050621941
-1312.9775148097704
-1360.1042327361565
-1129.9111852926696
-1095.8393742554586
-1363.1103237727045
-1189.542619857523
-1249.2051036915254
-1086.158262299943
-1205.2675720515601
-1203.743977025443
-1084.4767613522147
-1357.977483157414
-1180.9652657268198
-1229.6959276309974
-1223.3977112095788
-1180.7268791956476
-1308.4292126805985
-1338.859604732214
-1273.9983728930067
-1344.601978568423
-1217.6674316997578
-1244.6014176590006
-1102.638622092035
-1325.192592718414
-1397.4476235652428
-1362.1236262450657
-1133.0835346839324
-1464.431928834347
-1239.0921481037415
-1231.7757885360274
-1234.1167913288918
-1179.2426794131127
-1162.5808540512753
-1299.8745444124215
-1313.4336425274366
-1339.161317550309
-1317.3044548715334
-1284.1057313120061
-1281.588196065601
-1422.3972417122434
-1179.5374624500698
-1267.3763492614896
-1240.6834352180513
-1342.6646618628024
-1227.7737695536723
-1247.668377250689
-1383.2738035230288
-1309.9532003043732
-1207.2257029911689
-1292.932760389494
-1275.2600239409096
-1318.671318861102
-1336.9584026372725
-1424.7037781919178
-1157.7830891576941
-1366.5634698517927
-1285.774548071464
-1207.197588183216
-1399.0341980803305
-1140.5262728475432
-1269.4096724139301
-1239.2680184959954
-1166.7497535899854
-1225.7094860782713
-1341.5695807254306
-1365.7143065189387
-1213.6313328233744
-1536.6766059748506
-1286.1313242907534
-1270.4353337738992
-1315.8221199371649
-1307.0571022557451
-1293.4946627976688
-1186.4654421689902
-1213.7174781967349
-1336.8761375958525
-1199.9152586149542
-1269.2125823439842
-1359.571221204869
-1253.1705896149954
-1344.5634038263995
-1208.5993442057777
-1113.1497507318868
-1257.2985950588402
-1172.1610971017326
-1274.8888587266406
-1327.712805327632
-1262.4675087480707
-1265.5807425387343
-1266.316128876102
-1267.4223458926208
-1213.644716794295
-1262.6995616157628
-1180.7307567811104
-1183.7590590564193
-1313.3507374879255
-1184.3305977858474
-1316.02016579865
-1258.9015530712954
-1209.1638518220884
-1272.3499175582283
-1289.6525492750611
-1431.1666263385057
-1257.5109300306483
-1303.9466348165206
-1363.4835473951198
-1182.0093257563533
-1259.281513398455
-1194.71584757948
-1207.6121800071328
-1098.209174521132
-1162.1211870736768
-1271.6367531063393
-1297.2965597229902
-1109.0796119914812
-1258.923482430551
-1319.2396313957804
-1324.751229503936
-1274.5683764128967
-1132.826822985231
-1175.1683722123132
-1236.6463916164348
-1281.7908037928848
-1380.213923436074
-1382.0180618617924
-1102.877385733317
-1284.8857289748191
-1327.9651630201208
-1213.5577586078666
-1433.5314778574264
-1280.6892731764817
-1306.9859558079559
-1222.1141910209367
-1086.6403436990363
-1158.171087769492
-1089.152603782201
-1205.9843826227866
-1163.4185880954435
-1276.3201110068705
-1097.4921057565919
-1176.104411046137
-1200.9615031526648
-1279.5848034128744
-1473.6121539457074
-1383.6279921721932
-1190.3171349857173
-1409.4385043874727
-1306.3365915262411
-1215.285094426122
-1266.6231336462452
-1397.9363884455786
-1225.8407471035348
-1083.7167374708413
-1205.2488515501343
-1213.994601553652
-1082.9447961107571
-1220.3804875254527
-1263.0259638537482
-1117.4783302268631
-1430.3554453920708
-1183.3748914439177
-1177.3059991358325
-1389.3499153918503
-1192.7069637809318
-1118.965856734285
-1244.9598387872568
-1327.503245646448
-1383.1010123383953
-1418.9893941592238
-1304.2893807480368
-1139.7991318352638
-1116.3814989667685
-1247.6496461412426
-1160.0463971832776
-1122.0769832970739
-1102.7180073756008
-1250.5755673282183
-1255.3006317570844
-1338.5977674844883
-1453.128840110896
-1298.289950314166
-1287.7039390571983
-1283.2308126380292
-1160.0538667294884
-1275.614611264697
-1357.579541769939
-1228.5178328728787
-1196.7593296478
-1346.3437007599186
-1288.5010330222408
-1273.9952061621525
-1014.5074259564359
-1179.0872260167466
-1237.5111590020442
-1160.7507016625982
-1291.77571159698
-1273.1163395941958
-1310.0743429275694
-1395.3018521836943
-1215.897463597385
-1196.2279152018152
-1116.7805834964963
-1068.0602795280906
-1163.9547778593737
-1193.7108033550408
-1218.9873728298614
-1224.620347907267
-1256.6784763333744
-1257.1981813897937
-1108.7802174346416
-1200.0832065390741
-1182.2124069680503
-1161.527938299601
-1263.092632258627
-1270.578786743924
-1404.805360504256
-1290.77714133466
-1206.506169014666
-1207.1906018857987
-1322.5625432577458
-1256.2807702457985
-1104.2541082047424
-1362.919339565583
-1288.188842384454
-1276.7645968620525
-1243.245398340959
-1259.4368042901062
-1227.8730927808351
-1252.4529790235865
-1299.2317507459966
-1273.606803550772
-1261.0805639892505
-1138.8903419514197
-1214.750861929834
-1288.6356134576324
-1087.0461093702747
-1123.2725161407045
-1224.4856887308972
-1207.285707776406
-1127.3525149971153
-1256.6708063108827
-1225.91667270155
-1214.706084202165
-1289.8544773532883
-1264.2532272089043
-1206.9263643088138
-1296.1755367256721
-1400.2296928618898
-1216.5749644252073
-1279.297083203904
-1240.9685683697603
-1226.7036226121188
-1253.7297686693123
-1249.4983744134702
-1240.805757690983
-1248.6864595285924
-1209.6786699680827
-1268.8330821963389
-1314.1456180124724
-1260.396571253324
-1210.1352837736247
-1150.581670425772
-1220.897867834851
-1185.4760236576046
-1204.5745651872382
-1209.7919307647421
-1096.0927472488872
-1283.3370121923272
-1309.1078278455734
-1235.2536710278514
-1223.1260820289497
-1159.5226255288985
-1121.9967966881118
-1229.6211630505286
-1359.6874170857802
-1256.6175848948012
-1089.3921787838094
-1138.029116679891
-1214.8544304786556
-1144.3462650519414
-1239.1925200757792
-1262.9253033925904
-1036.988819592924
-1341.8124490753967
-1285.4445353674128
-1346.3387001118274
-1245.2074270167716
-1146.5677097521814
-1161.6997123239453
-1238.146086687072
-1211.4316115121446
-1321.4777176438183
-1280.2924594497622
-1305.666300335808
-1344.0298064108836
-1339.3298387782354
-1355.1512893420581
-1149.5574863534152
-1297.510224733544
-1398.7646861899887
-1117.2540171571065
-1134.2771332587965
-1182.936445346487
-1283.286540658754
-1293.4289698898363
-1172.8295861871234
-1244.348403750579
-1198.8525526599037
-1371.5168469070252
-1241.7728666167675
-1312.730998783733
-1228.004964694286
-1264.362665754522
-1219.8877374423369
-1304.1083225449054
-1190.0590925460542
-1234.0502744847074
-1101.16453086574
-1215.5732903396295
-1326.6918969385076
-1174.2829176961816
-1226.5790325270918
-1307.2269617573124
-1288.6756386012066
-1205.5165031730703
-1151.4015759911485
-1165.09274688205
-1169.041394003944
-1300.9338529347485
-1346.3179184793862
-1226.9748070160085
-1355.2214061727993
-1285.4922509372172
-1315.7073548651704
-1222.7676138228155
-1186.1652547332167
-1239.460725077608
-1373.991900540529
-1303.9554279269862
-1290.8706570870634
-1217.0929409194582
-1241.8803096648435
-1204.7340280384185
-1189.3028482369527
-1135.7215605240785
-1188.6343363994013
-1356.6363910738478
-1188.7288190928816
-1400.094435220207
-1196.2796394090763
-1184.1760152005884
-1107.0810826289776
-1276.8615566222843
-1195.2224719388596
-1043.8097164718977
-1255.6217925604976
-1303.9665266874824
-1228.558919298754
-1217.5171350461605
-1110.404614652798
-1300.3126270291082
-1260.7317054181863
-1284.6480570412268
-1258.6033130781072
-1122.7558232657218
-1166.6563555174541
-1143.4186412615882
-1192.5555343534681
-1275.6120759169426
-1198.4154403885136
-1148.4199833751804
-1124.3123977417388
-1277.715194113359
-1363.892897483283
-1298.9901196016035
-1247.58258552469
-1320.2185651482478
-1242.4416518248418
-1255.0800326466133
-1302.3010985493102
-1109.4353304152996
-1333.0877321199957
-1290.5582905760946
-1262.5614307302912
-1154.4036248589914
-1254.7629979341546
-1273.973797076896
-1393.8146228335843
-1342.1375683992046
-1371.604228096933
-1284.7217704814072
-1008.2370396386386
-1187.6429209259131
-1185.7376226389358
-1171.0474787566134
-1319.3987630683087
-1240.8834368723174
-1422.6361323906294
-1242.1853150544885
-1298.5294671492202
-1390.9487432253372
-1199.1254090823866
-1420.8900650646644
-1221.527366225704
-1289.6299795012771
-1225.1827566290565
-1239.2116718462391
-1206.3557529810755
-1331.1103016363982
-1160.4819756931065
-1348.9683626021497
-1470.1749076882725
-1339.7490178086384
-1332.7651965615883
-1241.0110113897042
-1222.3296913413685
-1162.0472899491506
-1304.6988529311611
-1221.4438059578622
-1226.691955879158
-1136.6517263390779
-1155.213494970938
-1176.9341028636725
-1211.0809705446861
-1176.5300593454267
-1132.579173055087
-1147.8829638251416
-1267.1596093162243
-1119.674380954799
-1274.6201772366276
-1304.0565867162732
-1285.9235603210586
-1293.2622527331325
-1184.266271270623
-1217.3030327666613
-1383.80677157302
-1309.3623230822527
-1321.2779830500779
-1303.4735438889293
-1219.953932727847
-1168.4133530186357
-1311.4210951609462
-1191.5490363393417
-1215.840141332993
-1148.771027339299
-1163.5256718187522
-1191.7873406055905
-1313.669054465723
-1227.5495910573975
-1247.6822492792987
-1332.640662163567
-1212.217377482849
-1414.0412671013298
-1325.8818587358383
-1160.4966074704705
-1196.912729201403
-1153.2366173591042
-1230.6210581021378
-1263.1861803674974
-1259.4716697201607
-1220.349284418952
-1305.2422692456921
-1223.427781205345
-1140.6089911660229
-1281.9625615236873
-1254.8402142543432
-1335.1811346540917
-1198.0669206397813
-1308.0534723574174
-1242.9360642658687
-1268.2671322999024
-1221.4840046081654
-1215.3177501825876
-1262.9000433180734
-1296.4254134617656
-1263.781616758214
-1223.3064365462003
-1444.7986913314505
-1304.0630196617076
-1144.4155963313985
-1136.001559330585
-1399.5925131377437
-1235.7118691108337
-1238.9513781362275
-1360.2884124829607
-1296.000870280374
-1319.5172627330378
-1304.6536568641752
-1213.527964774328
-1144.4892740916243
-1259.6275997075022
-1299.6567208542147
-1275.5385453696044
-1241.7899452450001
-1111.9939419669117
-1312.9874552992023
-1137.2601525720825
-1274.8257626235102
-1230.687950243053
-1223.8915080340244
-1216.3238510359486
-1276.5956151833225
-1283.2682955594448
-1271.3340581538314
-1222.1867478831598
-1183.363391894182
-1246.2009565686783
-1167.432721078491
-1165.5204671288386
-1207.0463526438232
-1276.9557575805438
-1233.8884739019695
-1323.1896459205964
-1197.9710163684822
-1364.2875842796602
-1281.8028273848404
-1488.629156280781
-1352.659416893172
-1196.8959205521078
-1281.4796838363727
-1276.9214843744091
-1130.7661296452516
-1303.0358913810128
-1231.4512517477979
-1131.7199915706315
-1271.4078728366776
-1365.9640996364137
-1302.4152706986074
-1256.3849400525924
-1193.1496577017688
-1182.8652125378612
-1135.0880777301093
-1194.2447614144862
-1156.4844164088322
-1260.197519253502
-1189.1363836837982
-1308.077537393323
-1350.6884950396773
-1111.0676081545234
-1308.8386952849476
-1126.5290752066028
-1192.4333495173225
-1395.1495187235278
-1287.4427798742504
-1222.0693274395446
-1330.8274835216416
-1340.8838184680092
-1349.9386523959395
-1234.736536656711
-1218.8263039589397
-1379.8617079590367
-1155.9623307266936
-1190.2817370615855
-1207.6028703963607
-1228.661943589163
-1130.6156012707877
-1320.3213856681282
-1193.7916317623312
-1175.3318355980143
-1245.218097280666
-1125.8228862920794
-1138.7484084752011
-1294.625835198619
-1080.1614081386267
-1094.2219138765802
-1260.4580394727584
-1353.2652919778116
-1153.236499681463
-1187.9405246944527
-1169.876708695344
-1104.6667694261726
-1189.9931610564854
-1321.7614028161215
-1132.9033302852722
-1305.7776784037144
-1257.4348221656574
-1351.7554542813014
-1206.3264635974033
-1154.2175005718555
-1206.8814564450554
-1168.296575849807
-1197.2804527210276
-1124.8899893954142
-1177.3239745342128
-1213.1861584386781
-1173.4947451913247
-1291.32025336863
-1148.562602620959
-1153.7939450339354
-1172.4508572040984
-1331.71780049081
-1146.84685438329
-1327.5387728738833
-1287.511982054669
-1230.3776978992028
-1280.4099683014128
-1350.9796188393875
-1308.5179978352126
-1194.6362576630227
-1134.8180970388466
-1226.3223285745055
-1428.993867409628
-1227.4815428625209
-1123.4389089226206
-1269.965962463128
-1175.8908464727551
-1216.5366817104084
-1255.7172709339713
-1205.6474792052072
-1290.3070578874651
-1233.1213939333659
-1172.8584570534122
-1187.6768336966213
-1085.5514075475091
-1212.938784767043
-1265.6954010763416
-1209.6695132299883
-1376.0031616648912
-1264.2160509955525
-1246.6997871580193
-1387.4043774937672
-1107.2659565793028
-1095.3293325460495
-1421.5219828616803
-1179.875851395153
-1243.2732699532598
-1270.4427213392746
-1403.0079225564589
-1330.492735813599
-1294.521083000816
-1286.6786785577772
-1103.3748547666555
-1377.044947362434
-1264.2953339150945
-1287.3597508276232
-1228.0810072791294
-1217.12797013581
-1307.398407853873
-1169.5450857211372
-1189.5904781054603
-1130.6338970533045
-1293.264736154274
-1154.739625184434
-1180.8612827790535
-1171.1853305570744
-1204.7020759720433
-1273.4350863752948
-1261.729594543066
-1110.8855449776327
-1241.629278176666
-1201.1874477960373
-1242.493057808091
-1231.7766558895635
-1128.330666937945
-1216.7047919851427
-1191.253165163623
-1188.9551454988564
-1338.8799454156162
-1432.5259051107669
-1238.2478707216599
-1354.2391236823978
-1204.615924043516
-1339.4726742961718
-1224.781396074367
-1152.6904909665197
-1317.7345767172606
-1331.1435995970114
-1209.9649500474275
-1136.727182227425
-1185.0319406020114
-1385.5856637015881
-1286.4172194364573
-1175.6741196603452
-1089.4493516419477
-1242.6783859151913
-1221.1912943025445
-1339.6387845975903
-1208.4057607401771
-1369.5717730959718
-1256.6494655720614
-1152.8412124380366
-1226.4331804212554
-1405.0586898332022
-1253.3482439064592
-1269.3121107461593
-1107.9656199604003
-1156.9398865262658
-1284.0589602097134
-1143.413906807175
-1339.9786891587264
-1215.102911873331
-1256.2441485459397
-1284.404080634272
-1113.0467110513127
-1291.5741134834404
-1237.3052497610893
-1191.083044339681
-1301.7582787091712
-1246.1007190387454
-1324.6031639373243
-1267.9067004457452
-1224.8227104141986
-1256.588107214845
-1222.1835963867898
-1338.8741674846835
-1194.186431181836
-1278.9178027179416
-1232.8363215016016
-1371.2208028401126
-1238.5942261673501
-1221.4161224381266
-1227.9795753477292
-1271.9458057932834
-1344.2873585394352
-1278.8217505534385
-1419.6458504256507
-1189.8854840946829
-1242.8684442194988
-1246.549467326486
-1320.9945305234505
-1207.291345801543
-1277.8230345467266
-1271.9062842376777
-1242.1300096502293
-1181.7204219222556
-1132.5814967182584
-1345.6301697766348
-1279.350650010852
-1299.9471906442504
-1301.387241411467
-1112.2675943859822
-1255.3458131968302
-1255.7596901945328
-1202.030078111593
-1324.9500984678243
-1289.8841914264594
-1198.7005762613871
-1227.693878339457
-1314.9004124821872
-1067.2572935161313
-1323.8003460113491
-1269.080765000486
-1233.0635992073803
-1125.7363587160426
-1173.334435721986
-1173.689599134621
-1124.4169586901933
-1123.4529256213984
-1137.168972363908
-1206.2280509621428
-1279.0263113762246
-1052.7782595371864
-1207.6718719941018
-1290.948025259858
-1265.3768009488513
-1314.8625563144687
-1293.7647879945862
-1272.5970717140049
-1172.45294690441
-1275.8588417462884
-1053.964011717702
-1127.5685332991582
-1137.6237776548035
-1260.3905344636225
-1123.865910952868
-1152.6089378865788
-1392.165838190697
-1216.458537464461
-1281.9612801177389
-1187.9244170688441
-1292.3023349319205
-1499.862732298317
-1234.47536513606
-1201.64691611802
-1290.8107584683398
-1196.149084980902
-1196.2260470087301
-1205.9357887801536
-1157.793238996406
-1287.1139671024239
-1261.587316847771
-1130.5905875110373
-1266.470201550159
-1160.900744974623
-1357.3041104322742
-1001.89267442959
-1272.6801048336665
-1206.9758384782099
-1130.2569837914555
-1344.4590470799803
-1222.8126508038883
-1156.6534302945959
-1161.0346432718723
-1189.998681480654
-1259.532650692755
-1326.7128272038194
-1064.455074095808
-1152.914852987041
-1319.7148552155847
-1240.981064361994
-1160.8415027992376
-1371.152798203542
-1211.7662242439508
-1312.221838539488
-1290.4938988138674
-1337.4690963733692
-1241.8722156584752
-1283.8988734311965
-1212.1096779036743
-1281.33643847806
-1342.1909840244848
-1220.1402739004786
-1183.345509700667
-1190.7274265497858
-1023.4357621895897
-1311.8949473933753
-1230.4100703143613
-1270.8142353975072
-1207.326696372373
-1105.6760855411364
-1249.1168765183038
-1360.0521108014102
-1137.3618509649366
-1296.4389493068757
-1298.153328364909
-1235.076118222239
-1302.0401377356884
-1226.354216006803
-1186.9156878128229
-1227.8150183944551
-1154.7397734209421
-1271.3534597803273
-1146.0047713283975
-1131.1877682756292
-1286.95783707386
-1125.440131370084
-1119.7760494638312
-1183.3753871301456
-1194.673528053609
-1267.4635276718652
-1115.7984207017273
-1242.047218828319
-1257.1431739054988
-1178.7830985761225
-1203.7797986251835
-1197.8619726479808
-1157.4820747108251
-1149.8451569588817
-1237.3362262677983
-1304.3807566198661
-1248.3688345798173
-1304.032272227156
-1102.4079581051362
-1282.4051343097392
-1235.8640517791696
-1264.9091145081418
-1166.7134774900449
-1059.0465398372526
-1318.2200995712356
-1174.608013943724
-1250.4781446034472
-1294.4853907453398
-1258.5358849208815
-1303.8312622048725
-1185.4246942279703
-1193.9294191429515
-1188.758365620771
-1262.5962775854732
-1212.595627819809
-1210.6378115348298
-1232.1269486899619
-1286.91164748925
-1310.9261247524284
-1132.8311856412222
-1098.6921886259433
-1235.6909155589747
-1161.144254669354
-1123.8752602762072
-1107.5269371801267
-1055.1808437593852
-1256.7988052794658
-1374.739165830073
-1297.7519393210282
-1368.0559757341462
-1330.0067828176373
-1139.595608391478
-1089.4852400154386
-1151.6966151408674
-1225.3313272077376
-1129.7878664444363
-1230.2352507754367
-1386.1231294444087
-1321.8471816314054
-1449.4538498087895
-1247.5361615917063
-1267.539991307424
-1294.3532046207176
-1177.469575834388
-1211.0870582752732
-1272.2471134786726
-1231.7048896762963
-1273.0042116234547
-1301.327135585425
-1340.332615847878
-1232.349465812047
-1116.708306887375
-1226.604481463765
-1205.7991848139166
-1282.92492973084
-1266.5329568617526
-1215.2078739879553
-1205.7080450865255
-1271.6505826112511
-1227.785353119214
-1136.1044465690761
-1137.3902768426515
-1237.5519000212546
-1210.8580510227052
-1233.7658634109516
-1168.2584171568885
-1267.6537730538641
-1248.730205787264
-1234.447123661323
-1271.6243536659015
-1190.8657720838687
-1287.7911884266246
-1186.5187101395913
-1217.9303244426162
-1371.9399785668265
-1179.3052674320888
-1371.8187263690058
-1166.3064442676252
-1352.2504847062783
-1143.2226041194808
-1241.8837585912079
-1269.5714376866965
-1186.8854344390768
-1311.2880174432837
-1311.7760243441098
-1166.0981152604465
-1185.3023933547497
-1335.6795803274135
-1283.604177321051
-1182.186658458123
-1261.741414903805
-1402.8072749998394
-1230.1042973234826
-1269.1717821818672
-1201.1651085272135
-1234.0131600860088
-1202.862659068064
-1381.358945636648
-1117.509150398291
-1203.7643176325003
-1244.442429346077
-1183.7328441269738
-1184.0872766172085
-1197.4193465744718
-1319.2923887860497
-1239.9866462494167
-1266.8739300388052
-1312.271364860092
-1308.8615674887153
-1241.5542486791092
-1227.380373823108
-1197.9979031617638
-1340.2126954624878
-1190.4479591483866
-1253.304250096804
-1201.3956672690597
-1295.1544504737928
-1299.3734781033334
-1204.4781472894247
-1266.9147804321656
-1216.4967203836234
-1285.1276490317705
-1388.658308197442
-1055.0532969179026
-1242.0761583427948
-1344.4200876977613
-1250.5011445344055
-1202.1479003000352
-1121.2744406415848
-1099.7345378940781
-1220.9952698836287
-1358.374925509589
-1242.268861815184
-1201.8992300450936
-1106.1246669852305
-1258.0027885166462
-1155.7949662541685
-1181.3891628217773
-1109.8039525284248
-1377.1339270686885
-1346.6928803134606
-1188.6417810086764
-1327.2990045068782
-1198.059286181901
-1230.096262146687
-1183.524693443077
-1167.0850820159314
-1210.7538330846862
-1195.9792329469906
-1131.4068703913088
-1390.6611059347981
-1210.3799184355391
-1189.5550574887434
-1255.7461207541292
-1078.381745837712
-1305.1976908957483
-1281.86419163037
-1398.650160394179
-1279.7335259531692
-1217.3012048096446
-1205.913501615071
-1256.1312598846614
-1174.7108515042553
-1304.1358559601333
-1329.8546447670014
-1201.179941897494
-1238.9442758271198
-1188.5648709097738
-1207.2265092835805
-1231.4346748421951
-1372.2175780893585
-1232.6376044850797
-1231.9931477890332
-1214.4575123195402
-1330.3811573667376
-1442.4358050889516
-1141.3056803559975
-1232.783500162977
-1207.7305273565003
-1249.8195294274988
-1164.5535226601755
-1221.747924536754
-1174.2967321725253
-1214.0761462554192
-1118.0998104238815
-1104.3634615046067
-1185.450947519145
-1193.200562075125
-1300.212684634128
-1150.5387752780123
-1202.1508449059982
-1288.1191477433026
-1119.8714277243166
-1175.8656250503498
-1257.948345891223
-1252.9322817794211
-1307.2739410151835
-1280.3284249027947
-1258.8095504412877
-1342.9343202294006
-1249.6877124531404
-1202.2570682114228
-1148.6129385980857
-1225.7785867618013
-1225.0218977912405
-1342.853548518503
-1245.1841199300552
-1320.8027821784933
-1296.7703987428672
-1182.4233036900819
-1271.3001025950214
-1146.6544717158524
-1197.4457739164832
-1321.1115795487844
-1155.489500411037
-1281.804955966344
-1210.5251175928458
-1319.465164528683
-1134.8445916666058
-1077.525150956766
-1252.334030202519
-1333.0284411741382
-1227.2970115550581
-1311.1930046554407
-1252.9478076529301
-1285.3077723153338
-1315.131243578431
-1291.618628065648
-1362.128001397432
-1196.9897459095373
-1155.3029605266797
-1223.1150191567713
-1228.0496524381592
-1306.4660089909971
-1162.5352913453598
-1281.340322059969
-1232.5626062528654
-1269.2533070460784
-1246.3363508942418
-1103.6064454630946
-1147.2513473524905
-1208.8472330440727
-1103.0625024850667
-1176.6688481058266
-1213.005649925021
-1140.822686416746
-1276.3815499081793
-1186.688248297455
-1322.77700325039
-1193.538460352717
-1218.9243272174112
-1233.2484880199918
-1299.6742585763532
-1097.908766054741
-1269.8011057772826
-1188.2364038763587
-1209.4883605259656
-1231.219107336289
-1190.0436395169443
-1132.0071383309407
-1340.153659722444
-1235.0632961675988
-1231.8738980061564
-1125.748189954755
-1428.533385450086
-1313.3681418893732
-1198.87997576025
-1220.080498755396
-1184.4078641983538
-1158.2485678117207
-1224.8344422508935
-1196.9586945316673
-1280.9878792746538
-1219.7809095393432
-1321.7914559177398
-1171.4636376811216
-1174.617777259544
-1175.8016664991276
-1207.9032014817938
-1306.225426216252
-1162.0937589079535
-1147.062136367428
-1254.27750542365
-1295.7482972649523
-1136.1647962089617
-1209.1547700782692
-1112.2197276293373
-1206.4740520616913
-1325.5729811166937
-1200.9200548489948
-1382.469985000821
-1305.6185093741567
-1235.0829673951453
-1176.8635354002977
-1135.8747677886256
-1182.6742903387396
-1191.2829383088194
-1353.9698437964944
-1281.8062992745774
-1114.6320880887124
-1246.430904666635
-1301.5368273421707
-1422.747914893455
-1227.4820016938304
-1220.8315444877633
-1338.9467528060577
-1122.2977655544307
-1091.273525999331
-1309.4117143935655
-1117.679214160251
-1137.1061255695524
-1156.7096963273714
-1311.9474146394707
-1145.5559106906028
-1184.4135586825753
-1286.1532022254403
-1337.727827072711
-1122.690674332622
-1230.2457889368234
-1243.8142731246787
-1111.8522863928793
-1315.3200695810442
-1177.4993477977273
-1284.011111557699
-1187.8503799702319
-1171.908599728802
-1292.9812081768935
-1182.9123307454554
-1104.890795170622
-1259.5937529127536
-1352.8421600112063
-1232.8519143410615
-1331.2364666809303
-1147.2945212569682
-1295.2871496955318
-1213.863174002079
-1229.2609394185781
-1240.3584476257201
-1169.5522669235718
-1286.1251518635356
-1317.3330564151975
-1201.4383215793928
-1258.7270944030934
-1361.0722403252812
-1204.8804723994724
-1164.1356019318803
-1257.166615825005
-1200.5112571068596
-1226.174900087212
-1188.6827520498507
-1259.9461567897506
-1209.6366869613917
-1236.4889923406479
-1204.1568847389995
-1334.9101285168229
-1310.3428011947633
-1059.355189879209
-1298.6631430394118
-1290.9576588714754
-1221.6386886406895
-1199.433401979449
-1304.4632009445036
-1257.9577459415573
-1216.6394602566584
-1130.0998264413352
-1278.6549951337556
-1275.6315410753189
-1116.2078027927582
-1284.5425386856268

