-1600.373711724886
-1499.5785770917873
-1635.0655713621675
-1471.4826328835898
-1559.578940024432
-1679.4709940236335
-1698.9832618781381
-1737.615899703658
-1562.6856895618403
-1621.7815111599975
-5245.274024175859
-1852.6262415786705
-1786.5693489385671
-1572.8929885031694
-1686.5148975869815
-1479.431409971735
-1382.530397080558
-1669.7256172853174
-1735.0846662808895
-1347.0357744086173
-1372.7120537987737
-1502.4478205637215
-1566.492991845682
-1557.7173821270364
-1624.8170059417776
-1528.1858002116703
-1352.4206045544297
-1513.5605796596637
-1397.497604301513
-1494.8588321543111
-1575.5122555763664
-1508.3262583009255
-1546.3966063257003
-1360.2573353979362
-1378.74992409865
-1325.0418304360842
-1313.3919269793541
-1386.857594021637
-1381.401880872965
-1361.0495016682744
-1645.779143113117
-1501.6393388525978
-1395.499897791069
-1524.848215977594
-1370.7882191409317
-1515.0969434380586
-1409.5931496614812
-1407.430841146912
-1453.8482227522693
-1404.4424687558003
-1469.8367398870896
-1406.1174815032505
-1508.5094334857602
-1431.8754584936833
-1380.775301163174
-1545.8052006370672
-1241.4688983280437
-1396.6853206583437
-1609.6624276369473
-1334.5988546686276
-1740.929390977847
-1413.6243408612747
-1264.6503550228508
-1404.0765938196039
-1475.5544122713907
-1495.4699140219266
-1518.8532264128717
-1195.3405989940898
-1408.9405157131043
-1454.894100736022
-1235.8887550636018
-1648.1758911992104
-1563.201310741618
-1483.9457897746333
-1644.898002831982
-1590.843540944792
-1397.5704576394962
-1547.46474953071
-1716.8672500950026
-1588.7725359935832
-1426.341067909273
-1350.2287416217155
-1341.1476102121078
-1440.5432963172618
-1759.7233214883338
-1561.5894697237673
-1393.2146521323546
-1229.1982668948176
-1570.7975041593622
-1473.0456054438027
-1348.3429857185918
-1299.7181763167332
-1639.6647419848273
-1551.141802289384
-1452.6883222137947
-1390.3849750759628
-1345.6787286791084
-1250.8788638140145
-1512.430322048244
-1545.8524167791284
-1388.2122617282243
-1367.5726834610498
-1384.876860936074
-1410.1783826370602
-1400.7435463673787
-1296.1409690285864
-1315.8026754349912
-1260.22168115592
-1531.2898834518603
-1307.7046246102818
-1302.1525713128945
-1370.6110513433553
-1449.890547993396
-1441.3742515853685
-1407.473854963866
-1428.2486329992698
-1355.2591808519744
-1371.9813667982785
-1474.7348085856474
-1403.2151225524008
-1341.186086790225
-1462.0410788896802
-1332.0034201217093
-1589.0011597550526
-1285.9724446969494
-1404.2731942319706
-1215.2529125832077
-1454.4646956642155
-1362.19573935708
-1406.4934873588663
-1351.1835378018134
-1339.3250781793704
-1409.1362274371886
-1367.5144115135581
-1219.817800239344
-1406.9760555459238
-1387.63386043454
-1324.7560156174823
-1336.264057020098
-1561.8301760411623
-1330.3903310088583
-1489.081577740472
-1314.0738663166396
-1306.0052080937403
-1350.6889140391481
-1402.8254907130313
-1160.3789469010849
-1635.4610626063059
-1648.717552148154
-1413.2063081049978
-1384.3105665989558
-1443.378853326322
-1505.6402627335394
-1233.5691597926598
-1395.2983538116664
-1157.627340857932
-1480.9019009182994
-1335.9925917695575
-1290.8015961007054
-1312.3555929327756
-1271.0019178438722
-1469.862435752927
-1343.2960283505304
-1422.1172936643673
-1490.889705654896
-1358.3530138354827
-1310.588820887303
-1285.7616619483188
-1676.7133849384618
-1588.6155252798924
-1192.9254266713347
-1250.3906197237454
-1379.0489414857802
-1462.9361153468324
-1361.1302023914286
-1235.764336933516
-1390.2148536780173
-1304.3880737100615
-1179.1662157495737
-1306.9389201089373
-1233.3017098342682
-1348.4077539626269
-1310.053907201047
-1142.6835508462646
-1337.5968279181589
-1352.358250643024
-1342.1563840104961
-1369.8064612938913
-1190.1682288551262
-1265.094254348871
-1352.2522651701784
-1627.0879229052757
-1488.766099910283
-1426.6474708985859
-1344.337959209489
-1441.8432765235239
-1241.1749472342494
-1730.1850068632532
-1707.6859881584578
-1439.0458006440354
-1392.0844891106697
-1697.7010099985885
-1374.600162615472
-1480.8261227677226
-1264.2127258918372
-1418.8284658443336
-1448.748333574248
-1576.9550577240404
-1274.53574211791
-1331.4784103945303
-1418.1664414136517
-1255.0491307506272
-1309.4132264546226
-1270.1923891383508
-1283.723590875618
-1539.484544111453
-1317.074725412639
-1292.5554181800562
-1388.3116571332914
-1220.5566708670658
-1337.5638983222052
-1272.7654801543824
-1340.6220594901197
-1278.2502578535266
-1272.0482638621547
-1431.882519912656
-1310.3209730062908
-1270.2245883297242
-1370.7567661988332
-1361.9796910048876
-1301.2029437071535
-1288.509593913395
-1319.7100932804453
-1372.8273693995304
-1449.897973115665
-1358.3461221793614
-1395.0320985342478
-1385.6241367511038
-1465.7021354628325
-1278.470306133929
-1277.0765403458365
-1443.7621202120208
-1137.907778382814
-1284.3031175832195
-1128.1097409163156
-1212.391351019571
-1389.8053335052484
-1309.144023287964
-1405.1154896613623
-1241.0950536783298
-1161.9489476004856
-1228.3097720660312
-1309.5064145827178
-1279.5108624556992
-1205.0170157651798
-1247.3505933777922
-1323.3704113415433
-1266.9369457296839
-1266.463658399276
-1359.4186300811432
-1187.2213452407989
-1372.8620237801179
-1254.8841133834283
-1212.7183877090422
-1158.1607121411278
-1246.3878144417756
-1288.9169968568615
-1272.0970302627054
-1313.832600888301
-1308.7556888526397
-1263.0899650244705
-1239.4253613803155
-1220.6540388787184
-1434.2525740168753
-1355.705549158517
-1429.826233942577
-1310.7507690797538
-1460.3973881736813
-1130.408699750156
-1327.6698452115852
-1221.9940408083487
-1239.028223680264
-1232.0386155518327
-1223.7164121696026
-1221.9837285055266
-1356.476050499452
-1231.2386425625903
-1225.6169143586349
-1425.1002883132583
-1277.5427644587621
-1179.0611120559147
-1302.7992175149338
-1235.9485698455233
-1110.7167499567129
-1032.9969353464003
-1251.3223483032082
-1202.3235824469127
-1282.8686405699282
-1180.788780406112
-1343.1517444310282
-1260.1842152611061
-1144.7129649167753
-1251.0915346388754
-1212.983008713367
-1262.51831390531
-1271.669137907694
-1228.1888514780646
-1377.2635712254055
-1310.605447828645
-1449.8746049815486
-1372.9508084360687
-1232.614010586262
-1402.508931544146
-1329.8824096467579
-1323.1319126294222
-1206.7717408664619
-1435.958642999014
-1277.9299806052265
-1327.9714906681272
-1151.4750044620394
-1428.0090536875355
-1232.999923628817
-1345.9578214257122
-1300.7452724048044
-1243.3382424834629
-1226.317981612157
-1317.9849767275828
-1170.7617347512873
-1479.3242401276857
-1380.2538295155443
-1282.831798649692
-1364.361716813447
-1142.2635792054207
-1373.3630150534266
-1449.8231037053758
-1268.2174596866967
-1378.5737326547742
-1276.5675489561254
-1277.10442072046
-1400.6171382353525
-1303.0065840229856
-1138.3594187872557
-1285.5080325038623
-1361.7936715539404
-1218.1327356149757
-1289.9586298412933
-1277.6365044364002
-1257.5541070737581
-1155.3211784973107
-1277.628584125592
-1249.1713171436938
-1285.71657924923
-1482.4883174579634
-1241.0545009314392
-1356.8516921791079
-1413.069394677862
-1456.2757895629882
-1240.1604526904514
-1459.0583133926957
-1424.7031940557958
-1307.8282665242461
-1309.2007312529256
-1246.9291196890374
-1036.7777314499758
-1273.3303107185952
-1339.8615696012
-1254.0586665830551
-1182.345074168005
-1296.7810257897577
-1412.9979124963165
-1273.7051432318185
-1251.1254268217463
-1386.66260017383
-1325.4535091826629
-1169.6433322864002
-1179.3552652685692
-1283.7634308721892
-1419.921467422935
-1280.3493045858263
-1233.7808064968547
-1204.0424038853012
-1283.0267996932544
-1445.7272499942073
-1366.233383648186
-1286.0489978377636
-1290.1561353324125
-1488.181631989255
-1271.2491087015487
-1282.7144482575177
-1280.5383136176279
-1271.846597752032
-1273.669287141371
-1334.870198562669
-1290.9546302149802
-1319.6556357186255
-1236.612697805657
-1231.8362804583899
-1479.4786179524287
-1341.4328725115288
-1402.5582610299507
-1335.8495156718252
-1392.882688576376
-1304.9104693208963
-1284.7775287934578
-1132.598248007635
-1241.8186025853254
-1234.2443630082998
-1257.655363875909
-1553.8810214813739
-1204.2512714118607
-1154.0102538757892
-1234.2934843254454
-1320.882569026924
-1248.2478036871778
-1258.5527499212878
-1172.0942674253654
-1203.3206118287328
-1303.0848415303435
-1267.1058351194852
-1355.3783712554134
-1288.2987684714578
-1184.9931219330854
-1345.220446407463
-1205.097421996759
-1258.4797039380362
-1368.3869836697136
-1498.025459135953
-1304.9672912055976
-1221.0103909086442
-1290.6823803962054
-1230.8559113637657
-1212.2344393943883
-1445.4491712625866
-1236.1025143440413
-1110.0507977782288
-1225.0682136850344
-1345.0861141099695
-1386.2705855193456
-1235.0351420060201
-1216.9480479650313
-1573.2774596833337
-1335.9083007689267
-1432.9782016851743
-1187.3395412581067
-1331.3267239670997
-1229.5048144524935
-1282.852499233796
-1333.1657290491019
-1171.0450960624632
-1368.4684250693344
-1169.1319340630898
-1526.9015601829033
-1094.7188050699492
-1298.1720238334035
-1243.0602101434026
-1276.9912378764577
-1263.8720967435183
-1397.8555217870514
-1358.6202590948437
-1350.6654029246286
-1325.4906823708918
-1211.4410416378112
-1295.9534134236355
-1209.9397481771584
-1296.9159389268707
-1283.4912488818363
-1243.4612969804393
-1116.80763661642
-1340.7684074214972
-1210.1004626612666
-1145.1842949352122
-1317.737154132452
-1281.6058043495607
-1343.7568194218074
-1333.950443390237
-1287.0498740028943
-1381.5414533185417
-1233.497172982603
-1194.6305705210227
-1364.983926502037
-1229.0081733690192
-1316.1839514796775
-1382.2185534160521
-1367.024541964488
-1378.9001356631234
-1176.3838540996326
-1249.3010887516082
-1271.043211600083
-1561.4024189495753
-1163.8952607922797
-1259.2656932547943
-1205.5825149807738
-1265.3773411978955
-1257.2847559237107
-1270.5685822031799
-1158.7319569623035
-1382.2254314704546
-1272.8127432993467
-1303.6803833502927
-1397.3887657842754
-1217.3018216830428
-1404.0705385719673
-1229.5116666617632
-1282.9346134439515
-1254.3894330657745
-1209.261748662954
-1429.559881771527
-1341.1450207830012
-1322.8484388859792
-1375.2346719418413
-1199.0978976162498
-1199.1534168449505
-1210.5725553819918
-1204.8337616579913
-1338.225578509067
-1235.3104623531774
-1295.3479534971068
-1232.1895891662086
-1205.3192371988653
-1214.3241166733212
-1380.4598719865646
-1288.9569153747652
-1135.3219316271197
-1350.726625141158
-1304.2697513825328
-1387.5644075351026
-1296.5217992437674
-1351.6362732066148
-1341.7692531763464
-1163.9246613323776
-1389.1750841462
-1262.0067527780475
-1361.377095229612
-1394.716233996084
-1222.5613737777203
-1264.1447744647376
-1368.8922010055344
-1088.5548851637168
-1192.6301807449536
-1285.5725427478892
-1338.472136310663
-1179.9204262896847
-1083.7313618455703
-1225.5979655584824
-1390.7281184415174
-1267.333771813901
-1294.9688017064593
-1234.8149133818008
-1175.5138759641784
-1209.4781889939459
-1198.9921263920141
-1183.8206659205703
-1219.1424396855466
-1252.010991330556
-1370.7059712055582
-1365.6620625162818
-1214.721090824235
-1370.272697751093
-1302.7515350670456
-1355.0949630408793
-1225.2830937013607
-1137.6660072203056
-1443.8221448142249
-1335.2872607147174
-1188.9079270041198
-1314.392322413646
-1437.7217402468934
-1173.734052215248
-1168.3750107879794
-1326.3588904736744
-1218.8952695462724
-1195.8311036119158
-1177.0480922242753
-1290.155632834739
-1221.852484103884
-1206.379782840581
-1268.0787590622126
-1412.7753214622846
-1361.2366592590015
-1277.2736791906964
-1180.5517772645894
-1176.5704630639498
-1164.5522190024144
-1297.85380719085
-1335.9438604667855
-1284.722441017353
-1478.365136517092
-1238.2911537171083
-1312.2209042376433
-1154.2195149458762
-1256.4527174779698
-1252.4047343458253
-1136.8143496027446
-1410.6054778281834
-1329.8618145957812
-1351.8952749971886
-1174.1417984426878
-1189.9513381051083
-1121.881695742567
-1301.9992807163153
-1255.782892223957
-1404.692389209653
-1231.1039114738317
-1379.8145008110603
-1196.7715135603078
-1308.4842682634744
-1298.827256581416
-1301.8352450371801
-1304.2989566352783
-1459.6355424406352
-1583.5899361082022
-1128.3692641497364
-1244.4134534528112
-1347.9556239060903
-1117.2822226736141
-1223.6767783793273
-1254.3933265719927
-1089.6597723072962
-1135.0783946013842
-1184.0306085437694
-1251.7889101980456
-1334.3096390900087
-1245.3039378965814
-1454.3986718486715
-1308.4987276113397
-1266.7632310026765
-1289.9468773089545
-1281.848934994377
-1182.5116736599705
-1345.3655346628298
-1107.6265671511214
-1343.884795806432
-1263.364191965403
-1267.9417856634655
-1299.3584968793436
-1208.6671519997833
-1324.6437238843855
-1311.0969023090854
-1229.5925800808113
-1246.4047374147106
-1361.783248359377
-1217.314301676687
-1194.9079246361855
-1249.181379184139
-1317.8096833404024
-1291.0114034746957
-1235.9889846761184
-1251.2506488017623
-1253.4065920399853
-1127.5495175588646
-1248.3153848347831
-1276.4322151002962
-1233.1256430656276
-1368.273855436109
-1277.5604728648668
-1285.5819064165214
-1475.5616387370533
-1350.1293807505608
-1317.3485748018738
-1452.3633336456237
-1567.8340493982025
-1357.7515455089926
-1374.5691542315806
-1190.8663849283546
-1483.304818169776
-1155.1926645577144
-1144.4610084432031
-1328.2179170528764
-1272.7407781337079
-1271.9818194579852
-1327.158235040214
-1134.5635154143943
-1405.7381746217554
-1157.5142635137288
-1480.4022532575373
-1157.967184931718
-1241.689616173885
-1144.2807885964958
-1373.107613035223
-1183.2770883850148
-1255.7313808128674
-1418.7484116506166
-1233.284417871488
-1554.0476723508273
-1258.0050798693876
-1372.5190038236174
-1417.0537669896182
-1183.026180122725
-1341.3939163818302
-1074.6302480068605
-1065.2178184176744
-1325.0614810455293
-1244.9464245069391
-1200.0057757993923
-1348.7494463990715
-1204.5258328099135
-1236.9525807776574
-1319.6106383348124
-1258.6973572414838
-1156.9351340171443
-1296.7562397369325
-1166.1041523673096
-1321.4326011317505
-1166.2131490876982
-1297.7497580024085
-1352.7581941992012
-1426.0640556202443
-1363.3493026942517
-1187.6562884643515
-1245.3918576275528
-1353.4622149401273
-1236.8301233375335
-1181.0206538320135
-1358.9008196716009
-1521.2418892498179
-1250.6181323664464
-1294.896466820116
-1234.5318805494198
-1146.8822869437913
-1270.2977025769715
-1261.1305175960479
-1310.8868993960887
-1255.727002277371
-1280.4639853854414
-1337.5938331894647
-1302.9499545513318
-1231.9404014887355
-1174.372888929969
-1362.2459452744465
-1186.6973023611533
-1080.9287516537076
-1183.0382023783998
-1428.7474517389664
-1246.7140945225774
-1193.7612735527193
-1159.9730583770038
-1211.5469463605257
-1327.3807586013709
-1206.0288943494056
-1175.7563927994993
-1191.6712773466659
-1180.9708250444744
-1370.2604681778912
-1213.7881091628342
-1225.3038272615995
-1321.3891789970505
-1283.4850438020655
-1237.7813235303886
-1211.4628041835713
-1415.0101993746978
-1235.9857597779628
-1258.8743796739802
-1320.7085171600684
-1452.3770436794534
-1234.4207104822478
-1210.4934971959817
-1372.445528808436
-1138.5479985496293
-1324.7039472289846
-1266.6383438760934
-1329.4634494605705
-1397.1488255467584
-1221.4397419064355
-1285.3104068949954
-1218.6905179940163
-1441.8591404005065
-1255.2339435155827
-1122.9177140313989
-1265.1672621458545
-1122.842246273857
-1106.6731754586494
-1252.5813644160296
-1242.03624733165
-1150.206131445292
-1401.8365297151086
-1197.9606084416803
-1297.655664809482
-1259.1611842270452
-1341.5521341858594
-1273.7276367630632
-1350.1696964245866
-1288.6180735501464
-1212.5886135124042
-1156.511385642056
-1141.6427178380345
-1195.353563752625
-1235.3096793531124
-1050.5900349737458
-1319.7322998185673
-1222.6379423591236
-1262.3612247444808
-1288.3874964766255
-1313.064152226786
-1403.7851674512608
-1358.6231757670664
-1179.3083165868757
-1298.8428081073148
-1173.4650237007138
-1202.4710602340538
-1095.2962447806328
-1376.9581872194806
-1347.6133127471958
-1349.9422582129596
-1172.837546567387
-1454.5477107146378
-1226.0835643127214
-1213.7282842428058
-1300.1840525671514
-1288.1792105058103
-1265.4506619776732
-1278.2685554302964
-1236.8289659291
-1408.8566178959782
-1330.1251662632128
-1273.9092065694588
-1226.443143042181
-1232.0109078438377
-1270.2196095241316
-1206.9920424597265
-1164.592877760093
-1219.2357834250574
-1253.2073922947498
-1207.0570155410446
-1351.6421548518128
-1280.6862689486481
-1299.0844986364227
-1269.9678000742745
-1268.025767463425
-1307.1042434169347
-1275.1375303617078
-1296.972255639367
-1147.452499026619
-1319.022369709414
-1350.9179581397104
-1303.727474379245
-1234.0992466332518
-1087.276201930077
-1271.425804342341
-1219.1768392873967
-1110.008165969206
-1217.5058459071324
-1381.6715759213237
-1333.4669497073005
-1247.209076395945
-1526.406878844855
-1218.5898922595713
-1254.8071898421745
-1362.5545613401673
-1198.0972715335708
-1314.5462837690761
-1098.2634151931456
-1244.3748203434764
-1346.8511432109317
-1230.6993881970584
-1307.0840764640698
-1319.3599413391987
-1159.8019305270598
-1267.715233944442
-1246.8241395009868
-1157.1616367354447
-1244.3869591590721
-1156.943819939319
-1235.000878184249
-1239.1212282766624
-1230.471875705318
-1232.7259746244063
-1200.4171252104893
-1155.1815385490763
-1181.317417639001
-1203.44366163365
-1165.9955539891077
-1186.884880049188
-1349.1360911023924
-1177.2382083285934
-1300.2551483190014
-1255.354521869765
-1245.5676397420016
-1345.9131042755207
-1241.1677644713714
-1463.642508350411
-1197.8052729995961
-1350.5869380533334
-1312.621975892808
-1257.367622874738
-1305.793238345718
-1160.5360275209775
-1194.1662017872238
-1080.1595185186059
-1222.6210434729928
-1097.4753965863872
-1225.8078452170464
-1171.6883261269054
-1276.5836545350944
-1284.0245591670657
-1413.562552689409
-1271.4449114828108
-1161.6445666228608
-1336.397422858563
-1262.590534726103
-1327.2343419392837
-1311.3844233088623
-1350.8264549095557
-1160.4564498694517
-1329.55787311079
-1276.3532732886638
-1185.3131782408939
-1303.0526028294444
-1244.9736649131598
-1283.9999047040192
-1224.7452982692046
-1115.8936685592014
-1201.5841988842922
-1157.7212975271468
-1167.1099822889782
-1170.8584587318223
-1288.5124831585908
-1084.6224794743719
-1183.3206320886
-1260.330226501228
-1296.4827914660013
-1304.6209498477067
-1370.5516400248416
-1169.0893346049834
-1418.9399149593842
-1286.3698502415116
-1352.014883650574
-1310.019729968515
-1296.3097037093692
-1240.267120450062
-1206.260350055194
-1212.616237778077
-1300.0246691975783
-1122.242389357243
-1175.8210078134389
-1175.1185335898624
-1204.9739368202436
-1424.7471441230437
-1236.2146006732435
-1202.215364161989
-1341.3833440520748
-1145.655444307631
-1115.8944225953464
-1141.8595209770556
-1325.00639474716
-1464.5980910134629
-1496.5139941563052
-1314.7081224828617
-1113.029338917202
-1086.19762087957
-1196.2404443512814
-1367.769163017603
-1189.9855533097539
-1156.57531656221
-1203.2940443493555
-1270.1489150699672
-1445.882340951015
-1433.1177496557304
-1414.0301064390642
-1245.285354257368
-1370.3148374094167
-1206.6268106384832
-1299.4192489159927
-1378.6296262747526
-1206.340370510369
-1316.7995752400725
-1312.1737027343072
-1210.4602251502345
-1314.1097077767267
-1120.0465492183473
-1150.004226731249
-1228.2962265810543
-1165.907566636226
-1302.826487302048
-1267.3497700823232
-1164.7478842670205
-1269.5241173361899
-1187.4244132357724
-1227.8684408398485
-1139.377596920536
-1123.6921448519934
-1284.056278094642
-1220.2445098724047
-1239.5202035706739
-1280.236186842933
-1266.570071229867
-1243.5854396538664
-1142.5126282194037
-1188.5315435430264
-1189.7855329537704
-1163.3691869794357
-1244.1865440479046
-1242.3043386890586
-1456.3324724095464
-1195.9780451286076
-1255.8131336860192
-1155.0331817060621
-1283.4067582821322
-1272.1616260301494
-992.8682096958023
-1255.933892909653
-1269.7701173196438
-1490.7262121706174
-1302.7528259743342
-1137.5929666040145
-1151.2672466614836
-1154.3877689291628
-1282.0356189553588
-1237.1388886460234
-1300.7708904850467
-1155.4956695089647
-1215.483633277236
-1308.2903665788701
-1129.8624712442097
-1175.7028502853864
-1186.6166735781917
-1191.407514556534
-1091.2928878073178
-1190.8244074990916
-1225.7186579938468
-1175.372036063653
-1275.0994142448242
-1376.66878481856
-1278.8507879847157
-1287.9452398300105
-1346.8236002477709
-1129.0604447183257
-1458.9678753610826
-1293.3866049971991
-1176.4097125338685
-1393.4496667286098
-1275.7272904742326
-1276.3349891885114
-1130.0787055320004
-1309.9150776034662
-1259.911795926474
-1314.0849418791472
-1240.1525912232946
-1154.0550291170746
-1192.1173498735911
-1148.6964328019099
-1200.1300933984955
-1057.6269565239913
-1156.7461506068753
-1085.5902801154891
-1286.6677712105427
-1303.7831027507425
-1282.4163986120248
-1207.5057967795346
-1268.8689456802917
-1131.2918604455926
-1268.6498016663047
-1330.6893182640388
-1261.7249263803078
-1081.1889678427706
-1078.1436959519608
-1240.1954198870499
-1206.6724969157547
-1300.9516002460675
-1344.649586239946
-1056.2329742807315
-1331.1408604882827
-1263.7459033427972
-1273.288418876266
-1322.469422636562
-1129.5092913147862
-1207.4496758145578
-1171.0914661572856
-1246.955225820931
-1321.555229337362
-1301.397492761777
-1158.961131279416
-1328.9515944951788
-1306.3878571878417
-1251.6646475010518
-1162.5796811763971
-1306.6911684904046
-1294.9894082676467
-1251.8217183031245
-1217.0051863745193
-1142.9161701687074
-1264.304226483537
-1289.4343571845293
-1195.605395336776
-1192.3452852019807
-1171.0868276845515
-1407.0497565916535
-1442.8734977314514
-1394.5356795710359
-1220.780921466564
-1252.670063150197
-1236.080361379121
-1170.1800716084404
-1218.7867141037689
-1230.990532569026
-1129.651588945042
-1224.1155625127046
-1246.3710911189414
-1200.960418373353
-1229.1122281359676
-1251.2368097700576
-1259.3653633354104
-1278.8982773509056
-1257.2053717833635
-1217.6350176560197
-1247.7850073109987
-1220.5553961466273
-1280.7046499447479
-1210.7330819084398
-1317.4303352566412
-1401.4326895913769
-1233.5351985796658
-1132.1433066364284
-1177.4897049988522
-1205.7434588834194
-1292.0615923236128
-1246.4134945775722
-1309.2236031937255
-1241.8087467340467
-1222.9030870976285
-1165.6538705597432
-1197.538906042081
-1154.7541939533291
-1181.71159406597
-1299.1903288347912
-1116.9060466883209
-1366.9741781564558
-1240.4200620460213
-1255.1463457846858
-1066.6212543949875
-1201.0556727846968
-1179.1197849123653
-1051.168561657014
-1325.0790799758088
-1384.2703481982207
-1264.2640400898335
-1259.731580235467
-1124.4580401993737
-1281.54668760722
-1179.107537670385
-1162.3593927085776
-1102.1969210773143
-1098.7120050341007
-1173.240578871988
-1160.0810577231252
-1093.5216869238009
-1226.702710771652
-1236.049652293222
-1106.124037840882
-1093.3922815366057
-1284.8854922856654
-1328.0102271621317
-1385.4437441486314
-1131.458809585803
-1188.9045530484616
-1296.9600112198025
-1232.426779079912
-1219.4164775130157
-1129.3250170134768
-1285.518125977688
-1232.053007718332
-1327.65225617257
-1141.6581806720094
-1478.6079910122724
-1242.7384438405852
-1245.7432328478799
-1269.5053449163402
-1273.0783624807902
-1333.5654731159873
-981.0581044198051
-1231.9124581627007
-1201.5558975210224
-1178.070350690609
-1283.9731947044497
-1145.9001626501733
-1411.6346136678258
-1187.6733537400373
-1291.2528522451248
-1269.6382798888662
-1154.2401659935601
-1315.5708420609853
-1223.6794407316945
-1267.789390411856
-1211.5626299846285
-1270.049546992963
-1290.773607575984
-1298.6798397282182
-1116.7206739796825
-1344.2900843505504
-1382.7873489403319
-1285.1901060268374
-1281.0243967277304
-1216.4567493495497
-1182.140313855628
-1259.565215341799
-1301.368593014545
-1144.426080526943
-1197.7503068779324
-1154.987664663454
-1113.3952429101128
-1300.5686511373733
-1258.7624096030477
-1109.5228430238355
-1128.5713840214833
-1193.1358884470585
-1326.6104018422654
-1172.1054664215947
-1237.624201729268
-1203.6375990709628
-1271.7315625643505
-1322.3803356405751
-1194.1456798575728
-1441.7806376748777
-1459.2474536726993
-1273.8744128726994
-1259.2133878892494
-1267.4726500169481
-1195.5609475829067
-1132.94783305075
-1275.8587747716347
-1218.784736773535
-1203.1250967775666
-1188.8368454321421
-1174.024606159889
-1125.4443312938981
-1307.1544440799812
-1309.596130846055
-1279.1762245322352
-1213.6291973910406
-1215.2392348290505
-1375.7539277077913
-1288.963710387833
-1160.9449065707386
-1269.239248553317
-1127.9817856396087
-1373.4365106944408
-1261.0198549497002
-1246.267951762915
-1174.89623736673
-1261.0743763322894
-1186.2297824152092
-1208.5374563052353
-1363.2223491732775
-1259.8405358554976
-1333.7701272752383
-1170.757367747486
-1280.281521701093
-1182.1701735102401
-1286.4703768870913
-1247.8934666310079
-1277.8861168174367
-1159.034151720626
-1299.5992846328586
-1338.3415276942605
-1278.8815932590055
-1367.937294337223
-1265.1649348777546
-1139.997182225409
-1046.6663854537635
-1317.365497262075
-1202.3714632832923
-1220.0819275523615
-1330.6706597966167
-1230.8281247779137
-1282.9182130594115
-1264.046973388501
-1257.8225464843715
-1110.644907022749
-1283.185510633397
-1226.478026101364
-1254.141801993825
-1208.5991168854355
-1104.570154118857
-1227.226756246946
-1134.144089648067
-1218.3750550728762
-1194.7623948833805
-1208.3156930393607
-1185.2171075598485
-1218.7072829040771
-1265.836311611164
-1362.4364889776127
-1221.7441680575428
-1169.295837544837
-1111.2442349610142
-1166.0919274751902
-1159.1324781865644
-1178.7633802448408
-1171.4771154674402
-1241.4611694991372
-1208.3347607515216
-1154.3568120189163
-1177.7921357535024
-1151.637407128718
-1312.9094052204082
-1337.960738133109
-1149.1888618680014
-1255.5172115462847
-1354.1670635005646
-1125.1772691647816
-1269.6329772076826
-1224.827605000457
-1148.1691393663298
-1222.259539876444
-1318.5013118225452
-1293.1557737573007
-1373.7674854362076
-1192.6137622900887
-1169.9331503489839
-1130.094139994568
-1158.1493069424703
-1193.4798756342252
-1226.6678377203066
-1215.806190458712
-1403.1900394484292
-1273.4474211588918
-1136.9674490026207
-1318.8712479065186
-1123.7348124053315
-1143.8997169316863
-1350.6135817090008
-1344.3068010441657
-1198.4669757757117
-1359.5069558485307
-1313.6548559592
-1256.5363331998235
-1248.3119350572726
-1260.9156297785657
-1288.9065205636039
-1153.5542631621654
-1192.2243164276124
-1199.3509355200943
-1193.3924295011998
-1125.7197562974486
-1268.294777917163
-1200.1633547558308
-1158.8538395212652
-1209.2680441736059
-1214.1081902968904
-1147.5551214918355
-1286.8889907906896
-1085.063011804266
-1124.9612515378024
-1227.4121174461563
-1396.2562609158642
-1137.3251054112766
-1178.425652866575
-1161.4545568736182
-1121.1376880693408
-1197.3995333967614
-1261.8539518327925
-1164.2818695343803
-1251.0839769355525
-1333.1742459235486
-1337.112280362448
-1173.4614464878705
-1176.550832698741
-1251.9258458201502
-1356.2704589956104
-1248.9033518451006
-1220.500013662243
-1156.4705851276713
-1230.373125894247
-1126.075933901785
-1248.3562775778
-1238.9338895414517
-1193.519814199524
-1173.4876790601982
-1283.2483562133777
-1100.12305480813
-1285.0944018663884
-1309.9673006462162
-1130.0626195400491
-1188.8027848935135
-1314.8640501281675
-1330.7841603439413
-1224.4258648198606
-1353.264277788789
-1215.0653789340631
-1394.0228506658498
-1223.7388918463234
-1173.3287870366162
-1224.2609153555188
-1160.9032910248882
-1369.2998570367715
-1286.9821273280245
-1218.213147130841
-1308.7339215157926
-1291.5337150652704
-1296.7403710011909
-1216.3144661162953
-1084.5633644213708
-1228.1397569713185
-1326.7076204264195
-1221.8275429279227
-1294.970889390492
-1241.7490381990765
-1194.1371140824704
-1364.6869611970894
-1089.9214837741456
-1152.7298999536458
-1406.4480105931661
-1177.100083177398
-1332.5803573938351
-1245.1432856580193
-1311.0435212340392
-1236.87153812844
-1259.6318460050952
-1261.7132228325136
-1100.5620739656958
-1459.8195925224227
-1299.446289937302
-1131.4854751657942
-1257.609135387088
-1228.679995580518
-1252.3184432813118
-1176.4769075940321
-1318.0816163350319
-1244.3815036728888
-1298.608562257161
-1198.3823947152541
-1097.0687524106622
-1190.8358281040792
-1170.202896342915
-1268.6772573301737
-1378.434176235224
-1062.9313025001143
-1252.442768105052
-1177.586891681157
-1232.5597583752815
-1217.1225736246515
-1186.5111962997687
-1213.0289779060058
-1172.303783869258
-1104.7705123916
-1254.0859268930676
-1306.1967406187464
-1177.9268698480073
-1331.149714236276
-1198.0559039164964
-1250.084068416023
-1141.7439152916493
-1178.603559769386
-1185.4601084530918
-1274.4124054337265
-1165.991832984834
-1123.6951308090097
-1183.314191386026
-1332.4215571867974
-1222.418419372783
-1181.5022585719405
-1084.9349249955073
-1232.2914834683797
-1154.4930456564616
-1263.8597851033082
-1174.0200160400411
-1298.1076308560314
-1216.7358530918182
-1214.7668021909767
-1215.73412444752
-1410.5591885252472
-1397.45680574824
-1310.2863762191332
-1148.0751847417948
-1119.2613052992897
-1285.3579061180328
-1162.804092648661
-1363.1807969844263
-1169.076099831508
-1326.643563229245
-1208.3086574042836
-1073.3092714009342
-1234.6019803414938
-1204.4728603150686
-1245.9831359370924
-1237.799712683089
-1235.739012864199
-1366.664848095996
-1389.6832755648218
-1245.4806700746428
-1128.9515718088069
-1245.0060113405116
-1281.8459335106525
-1245.812595011176
-1240.9712058021353
-1216.4920064310315
-1396.5018541415345
-1197.6965764572194
-1103.980164167059
-1243.2879750841034
-1263.953630350603
-1367.0009466632364
-1184.9712505361404
-1398.6349924567376
-1220.6355454110078
-1337.1001527953122
-1256.767351621455
-1405.828808196867
-1247.836187869171
-1238.5865418371145
-1209.525376017553
-1278.9830073111334
-1182.13696592897
-1094.6804764739045
-1288.4980986429516
-1279.8274538848277
-1327.230109023561
-1281.698552136335
-1183.813815052637
-1154.9222182632654
-1255.0414494850456
-1198.2895182929312
-1199.449637023207
-1239.2978885678442
-1158.4921037234785
-1242.5595560167858
-1282.6600525960666
-1118.9576608443062
-1385.3494791853159
-1224.4139920653795
-1189.7346264431371
-1110.160294792487
-1250.0669275363352
-1261.462795483013
-1130.3771353290629
-1121.585835153747
-1155.1733996841053
-1209.7008472074608
-1233.4452826381228
-1008.3515697492672
-1227.031604410034
-1210.5666238493695
-1193.3768039616616
-1333.3129922265507
-1229.5068493021483
-1247.4156710224224
-1141.78940818408
-1334.2830411942487
-1117.120623439605
-1089.9724514480583
-1115.8740563003682
-1229.3522951058314
-1126.8642853902609
-1147.535223141276
-1280.161376191029
-1275.3432388440451
-1258.1450203254526
-1195.2464478412596
-1292.1577200564743
-1505.3535658837875
-1112.96843920983
-1188.3074645035354
-1257.7809019835959
-1181.9693227989376
-1167.6048371642873
-1251.3892790190546
-1121.2717413504367
-1329.6070066247182
-1219.2378269465407
-1090.5660924725541
-1318.2285275720606
-1153.4237674574538
-1268.660952102595
-1021.4401493767614
-1119.4957392570914
-1195.6332147861183
-1099.2419513866619
-1302.0231185568816
-1270.5498044011729
-1112.0722025074579
-1172.9047339503873
-1198.5872474440903
-1223.6313539085809
-1271.9013520511344
-1135.013071496484
-1111.739591940994
-1267.4130756710126
-1323.3714040822408
-1209.975407227425
-1322.1570380583842
-1220.8216265242597
-1276.0334891424056
-1104.749338603284
-1313.9669203825583
-1222.3049625605227
-1226.447474601041
-1237.5363679659172
-1250.7817027490362
-1315.3907740151262
-1223.696833807552
-1251.83618728748
-1229.916601069201
-1082.3879192257366
-1531.2515853097839
-1254.6088411288354
-1321.457079428782
-1181.7970960561997
-1165.1607953943137
-1243.621180801717
-1222.4229030514691
-1153.5671300023766
-1335.3633751844945
-1324.8160701618954
-1282.8652571280666
-1374.9712016217409
-1161.4511693643085
-1180.5661901173653
-1242.8890110667885
-1096.806437460059
-1261.9841492848693
-1191.5836418962988
-1153.8658061698602
-1265.803022711597
-1129.4851224236952
-1140.5802132424885
-1192.2044661467553
-1353.3699104815123
-1303.3956875170386
-1130.1398708688641
-1267.220924604049
-1250.0359411631373
-1232.6164812308482
-1238.8549071160096
-1198.308730762586
-1171.475195218186
-1192.13673055458
-1266.3951112379584
-1277.1832485351276
-1240.9551404964693
-1251.7838049427532
-1131.8349851821367
-1352.424170134854
-1163.4965495506638
-1189.653490214277
-1205.0418478713484
-1068.693382917725
-1282.781542266556
-1151.3902022403845
-1194.970586214797
-1363.1013370958099
-1184.384269305406
-1266.086154466002
-1191.9094851712591
-1237.1803229126288
-1215.0547617937896
-1329.1804450396335
-1197.7612597342059
-1219.6281470992024
-1232.2027956436657
-1241.963179184831
-1326.8171754134235
-1134.5619626030498
-1068.5539067382576
-1190.7280037275787
-1205.5344459213043
-1164.8967230195249
-1095.375302674546
-1036.2259605793624
-1310.5321567865383
-1284.9706820252902
-1218.0589769718188
-1308.1038328985405
-1300.9861952114761
-1126.5857666338995
-1181.9579076056505
-1129.2123158556033
-1133.9862703250767
-1017.6543592506092
-1215.1111941776298
-1312.808326359272
-1307.2606987052395
-1377.6973162987565
-1204.5815576765588
-1227.1826360014738
-1232.527133912042
-1151.9818659202072
-1242.1132548101948
-1251.6101256567183
-1207.9669940062856
-1299.0310699826741
-1326.0229026051684
-1255.793939579563
-1251.7542849330503
-1031.941959520548
-1259.349177730508
-1213.6642035077045
-1193.0844681015321
-1179.2149797208897
-1240.0623162586307
-1282.1251299680514
-1289.4305272640006
-1294.7134733990767
-1290.0057773648248
-1236.1095673314678
-1171.3924874115103
-1284.1658934703164
-1211.1219361057586
-1192.2302263343056
-1240.8236524507147
-1198.5016542761646
-1255.7796349970763
-1248.266201936046
-1186.0788916026015
-1330.4748235358352
-1323.0274926567793
-1233.2815810344725
-1381.4272751116036
-1127.3661275734128
-1387.0983000741808
-1194.7251214447003
-1251.0232590511373
-1232.3746343349903
-1231.5409786886648
-1279.2739925876167
-1258.0438994334704
-1271.6430901402703
-1301.0256935569473
-1187.4570876986163
-1261.9559972745906
-1251.8820540852412
-1384.5009287409953
-1102.7609269597117
-1223.8906155489456
-1361.7567061087657
-1398.8632450784216
-1218.7514769998854
-1176.0409035205062
-1229.4062129658384
-1189.48951863873
-1354.3641752433878
-1144.3144869760945
-1140.448420741163
-1208.0293463656374
-1198.9946540827284
-1213.5814963697774
-1238.147105942876
-1313.33773203784
-1234.5506423397019
-1181.5807197412612
-1212.6144390848929
-1285.5878083207224
-1184.9958681053079
-1248.0975909834774
-1254.3386198388698
-1409.0598769597086
-1205.1508194261448
-1257.5929005471771
-1206.2865710351439
-1282.0623077311163
-1171.8948471935907
-1224.4545916916593
-1294.521458026233
-1181.4393931050988
-1285.4122501073587
-1319.7413768957313
-1135.6602914832642
-1217.6048385784368
-1290.4142166806514
-1241.9164586150684
-1241.7630861321613
-1218.1534686106154
-1095.281408863366
-1134.0665770506084
-1368.5280080930877
-1196.9974192187312
-1236.1713900515106
-1098.468988375659
-1304.0167516501226
-1210.5181898134008
-1189.2811845000165
-1147.1690496865403
-1312.3302692501193
-1282.7466099054732
-1242.374259531176
-1410.3305340129616
-1166.7927533252857
-1200.143572333615
-1183.8774734453298
-1186.464007827059
-1246.9303917983332
-1257.5235955868127
-1115.3775130762467
-1322.515929239401
-1173.675616145992
-1200.0366802397084
-1210.10533481423
-1074.7560550491942
-1245.8414977040213
-1288.0279727220877
-1359.2926618067304
-1262.608098935146
-1158.9497289422666
-1204.6491370001092
-1215.4318456753856
-1115.6415104897908
-1323.1365498874281
-1306.3271046859086
-1176.3487485068028
-1296.4755523026488
-1166.8970796962158
-1200.8729310425222
-1282.1373144602385
-1283.604244571885
-1263.5181508886562
-1180.1827544968353
-1235.9025772259083
-1311.9008020092579
-1381.3881406417993
-1175.4205108132055
-1184.8083349719382
-1196.0738179672549
-1199.01441923527
-1234.830167025134
-1286.7891845922147
-1273.164953450513
-1225.7945245192502
-1130.5681730770905
-1134.6756074504626
-1186.7647484003035
-1168.1855914268842
-1286.221878408718
-1122.4064220161645
-1203.9662561939156
-1222.5734087710734
-1131.7554608817097
-1196.8134445423973
-1253.2660832401082
-1202.1956037608165
-1322.5528204694128
-1291.0251468872189
-1222.3434020883212
-1358.7285834688337
-1230.5341194662726
-1195.9342813134388
-1246.134363175167
-1257.5579983786579
-1176.4976308877847
-1259.8902492518337
-1259.9920825997624
-1222.6555074926116
-1293.7020837705559
-1197.2292560692765
-1259.0496797660048
-1178.8406941773396
-1117.93500243624
-1341.606133538354
-1155.3225564573593
-1248.842999813364
-1215.100841528227
-1309.507039275472
-1105.6763425645345
-1142.1601892432934
-1266.8237960028212
-1330.2000196328013
-1270.1891694601018
-1299.8987652653086
-1280.247952723472
-1260.651232456491
-1378.4857084610358
-1224.5181250285684
-1363.0852675890262
-1212.2931449024384
-1245.2009499281319
-1178.83477771512
-1290.624948351614
-1270.1322728161658
-1165.6920868078503
-1280.867908861469
-1253.8427856279986
-1238.2175519024122
-1287.1695030266487
-1095.8763351827952
-1119.3361257302101
-1267.4176336455303
-1112.5862514028852
-1235.191300871174
-1215.811253702295
-1185.6513491955243
-1362.5622660978702
-1201.4125061398463
-1321.4617185535014
-1242.2086893955548
-1229.8965614915446
-1327.6445480794964
-1356.404485074054
-1249.397937631792
-1319.6523288854496
-1213.5293030256153
-1215.834275655452
-1210.941729528217
-1233.547419475949
-1199.800232730259
-1341.5599812375842
-1232.3113671979
-1281.2047530797124
-1157.9834773461232
-1345.0972286689773
-1305.6889248908458
-1190.6740066160253
-1172.468611942153
-1199.340524230405
-1238.5909714423588
-1207.3673159028797
-1161.9171897327446
-1244.7498787183965
-1299.823811664855
-1312.539717465249
-1211.9846625686178
-1142.2724415591397
-1386.1786035406633
-1267.7857286953404
-1360.2605714309032
-1259.9875233040198
-1164.092494839467
-1295.0621188127725
-1323.329511977943
-1225.394389587329
-1399.9711193289577
-1294.9149692433684
-1184.4545926302862
-1326.3597163389472
-1244.377675636344
-1425.2424632809757
-1220.4111238413905
-1237.9318809658832
-1139.913859988784
-1227.9317463130253
-1187.8310083057288
-1229.2856396262496
-1321.225141856496
-1343.7351229918913
-1107.5513005532798
-1168.8505163212542
-1308.7258258309387
-1387.4453056757504
-1208.9738634291045
-1217.7788897928142
-1394.1044805169868
-1120.1316129447687
-1150.057861384026
-1341.8765016071236
-1114.3895913682588
-1146.6774011961525
-1178.08128050039
-1264.3019475263125
-1253.8979983758488
-1146.6079836750544
-1370.87133478447
-1448.3597051006182
-1184.870642617621
-1238.0324732966433
-1265.1560960834631
-1133.8507443766584
-1317.5074974973031
-1196.4553290204744
-1310.7213555827448
-1217.821891523377
-1202.1103733128177
-1254.4753599889718
-1250.901938594471
-1143.3690121474285
-1319.694900021931
-1350.3164303604942
-1257.7126713485316
-1246.5766020187307
-1203.611302769928
-1252.2170645259873
-1251.8947722536027
-1254.0152525611657
-1276.2039414375415
-1215.8238504235194
-1302.7246381104328
-1311.5632011461005
-1192.4652645923459
-1322.6890198443562
-1415.244744676038
-1187.2984448175089
-1190.7673376739726
-1298.8041953214579
-1201.533478625644
-1211.906081492588
-1112.4015806332616
-1310.0096632814573
-1234.5568388454003
-1231.517911227146
-1226.3217344924594
-1416.6941784183973
-1290.6460188985016
-1096.147485120772
-1247.518545984116
-1336.6127796777557
-1284.7723910402437
-1314.054964342603
-1296.8101223066153
-1292.9996491299162
-1224.82923267154
-1166.2199531689716
-1330.751649352268
-1126.1189257020903
-1132.5253135641392
-1254.3188926087814

