-220.78
-224.15
-218.97
-226.52
-221.90
-233.08
-215.92
-226.49
-218.20
-230.25
-222.15
-220.66
-222.73
-215.33
-218.67
-219.58
-227.25
-226.85
-220.47
-218.24
-221.35
-226.73
-210.65
-226.49
-224.92
-222.92
-223.05
-214.02
-219.25
-213.47
-212.87
-219.66
-220.93
-221.20
-221.58
-221.62
-215.01
-233.92
-232.16
-211.05
-234.04
-229.19
-221.76
-231.65
-227.06
-220.13
-222.76
-221.07
-222.30
-223.16
-230.10
-219.00
-223.86
-215.81
-220.16
-225.97
-218.59
-228.22
-227.09
-221.75
-225.25
-221.24
-226.51
-212.41
-225.83
-226.86
-219.00
-222.67
-223.14
-219.97
-221.11
-223.63
-226.61
-221.23
-226.68
-225.84
-234.61
-226.88
-223.65
-221.37
-216.47
-218.51
-219.01
-227.51
-220.55
-220.71
-220.91
-225.45
-218.91
-227.14
-219.15
-220.82
-228.43
-216.11
-223.23
-216.51
-225.94
-222.37
-224.94
-224.44
-228.37
-225.08
-214.69
-218.82
-232.82
-220.60
-218.83
-223.87
-222.01
-223.56
-222.28
-214.70
-218.66
-223.93
-228.51
-225.03
-221.08
-223.83
-221.96
-228.29
-227.38
-216.97
-222.45
-225.77
-220.10
-222.20
-210.69
-217.97
-218.33
-216.51
-226.15
-222.37
-215.72
-221.85
-219.27
-222.22
-230.23
-221.61
-212.74
-218.84
-219.14
-224.40
-221.50
-223.82
-226.35
-226.84
-229.61
-221.25
-240.64
-229.58
-225.36
-220.85
-214.67
-222.09
-225.79
-233.52
-217.34
-228.36
-218.33
-228.38
-213.24
-218.00
-223.23
-221.46
-221.01
-218.52
-218.78
-216.06
-223.49
-220.20
-215.21
-221.02
-219.23
-226.42
-222.53
-223.06
-227.19
-227.13
-218.77
-233.29
-232.14
-214.10
-232.36
-224.54
-229.71
-230.60
-225.44
-224.71
-216.02
-218.32
-212.51
-212.99
-222.88
-211.96
-215.89
-220.91
-215.14
-221.38
-221.61
-227.08
-221.57
-230.97
-224.69
-234.10
-215.84
-228.73
-234.74
-225.49
-229.24
-216.61
-217.91
-228.39
-225.19
-220.10
-217.54
-219.18
-226.96
-229.84
-215.73
-219.58
-229.72
-224.81
-229.47
-215.08
-223.02
-224.78
-220.70
-220.62
-220.29
-229.44
-219.57
-222.75
-224.61
-224.62
-227.67
-223.33
-220.16
-215.08
-228.39
-231.09
-222.89
-223.28
-216.64
-226.83
-235.26
-224.51
-222.68
-220.61
-220.64
-222.96
-222.40
-219.59
-221.67
-222.32
-216.98
-227.30
-214.19
-226.37
-220.47
-225.86
-221.93
-225.49
-218.25
-230.76
-224.22
-220.36
-226.86
-218.89
-220.48
-223.57
-225.98
-221.41
-217.98
-212.81
-213.03
-229.28
-222.37
-226.41
-225.18
-228.78
-224.91
-215.27
-214.84
-222.08
-220.47
-222.27
-222.12
-230.96
-222.30
-220.08
-220.52
-225.90
-227.07
-225.55
-231.31
-215.80
-230.45
-223.84
-227.19
-224.39
-227.25
-228.31
-214.31
-223.81
-230.00
-225.22
-224.70
-219.47
-235.20
-222.60
-225.48
-226.29
-220.43
-226.25
-223.11
-229.57
-224.06
-217.87
-233.08
-222.49
-223.86
-225.68
-228.03
-220.38
-221.42
-224.74
-215.85
-224.68
-216.24
-222.00
-217.45
-214.91
-215.61
-230.18
-218.32
-216.79
-230.60
-225.33
-223.95
-226.75
-218.45
-223.95
-222.40
-222.35
-229.32
-211.62
-219.74
-232.48
-220.28
-225.35
-220.03
-226.80
-223.32
-215.74
-220.06
-223.23
-226.67
-221.18
-225.90
-226.79
-215.82
-230.28
-221.57
-221.61
-226.81
-228.99
-225.99
-218.77
-230.95
-226.31
-211.67
-222.45
-223.96
-225.77
-215.95
-227.28
-226.28
-211.71
-228.56
-216.88
-217.50
-224.97
-230.60
-220.06
-226.33
-219.64
-230.52
-217.69
-208.25
-215.99
-223.82
-222.80
-220.50
-214.79
-227.77
-222.90
-221.81
-222.60
-230.39
-221.16
-225.71
-224.86
-224.16
-223.61
-222.25
-216.95
-215.80
-214.10
-227.27
-223.85
-230.17
-227.43
-226.43
-219.31
-231.17
-228.43
-224.29
-222.30
-221.53
-223.57
-221.99
-237.22
-213.33
-220.35
-232.20
-216.96
-217.01
-227.52
-223.69
-226.14
-230.32
-216.20
-215.70
-219.60
-225.21
-214.36
-221.46
-221.70
-224.25
-220.88
-213.01
-228.99
-223.97
-218.47
-223.30
-226.16
-218.27
-219.61
-226.74
-223.07
-220.30
-214.56
-231.94
-221.44
-215.82
-220.50
-221.12
-223.73
-232.31
-223.72
-235.09
-224.02
-216.33
-225.09
-224.53
-229.58
-219.20
-225.11
-218.02
-226.77
-207.27
-220.65
-219.16
-218.29
-215.67
-231.66
-225.37
-229.28
-228.67
-218.23
-222.06
-203.63
-221.02
-217.14
-231.77
-229.02
-225.70
-216.91
-224.89
-237.52
-219.62
-214.58
-224.48
-219.37
-220.43
-211.93
-215.93
-235.23
-220.54
-220.31
-234.49
-228.49
-220.41
-223.74
-226.78
-228.51
-222.66
-223.90
-222.54
-215.65
-220.10
-234.14
-223.60
-218.62
-220.53
-237.25
-219.03
-226.61
-229.97
-227.83
-218.96
-221.05
-226.65
-224.23
-220.05
-214.94
-226.93
-218.94
-214.77
-224.62
-225.26
-221.66
-224.06
-226.06
-212.31
-230.84
-216.70
-226.95
-226.74
-221.31
-219.29
-227.39
-224.83
-226.34
-225.61
-236.44
-229.49
-220.69
-216.07
-225.02
-237.64
-223.95
-224.95
-218.28
-216.62
-220.82
-230.69
-220.33
-225.69
-227.81
-212.84
-226.35
-235.36
-226.91
-227.93
-222.67
-221.93
-224.23
-224.17
-224.01
-226.12
-206.93
-214.11
-214.73
-217.84
-219.99
-232.96
-226.03
-212.41
-223.33
-221.37
-222.71
-229.15
-221.11
-228.54
-235.25
-218.62
-224.63
-219.03
-223.23
-229.70
-221.81
-225.90
-214.43
-220.04
-230.44
-230.51
-228.68
-212.55
-217.78
-225.88
-221.79
-232.63
-221.68
-218.61
-217.42
-217.90
-224.57
-223.03
-213.27
-208.98
-224.12
-228.77
-220.48
-218.15
-222.25
-232.89
-221.93
-216.19
-225.53
-215.58
-235.17
-223.59
-227.24
-222.92
-224.48
-233.16
-227.39
-234.42
-218.11
-223.30
-221.09
-216.03
-233.49
-225.58
-228.74
-216.48
-229.74
-229.51
-210.48
-232.35
-217.45
-222.09
-222.27
-224.16
-223.42
-234.64
-230.17
-220.30
-216.82
-215.60
-223.71
-215.95
-210.38
-228.89
-215.34
-214.64
-229.88
-210.51
-233.08
-219.27
-224.73
-230.52
-224.52
-221.77
-213.47
-217.09
-226.89
-223.82
-215.19
-216.10
-225.84
-232.41
-226.70
-218.10
-220.71
-223.16
-219.84
-224.39
-228.40
-217.91
-218.48
-220.59
-216.44
-227.83
-218.13
-227.83
-226.29
-216.11
-231.90
-223.49
-227.94
-234.03
-222.76
-221.78
-220.61
-223.89
-222.42
-231.58
-212.16
-221.56
-219.32
-222.98
-218.64
-222.16
-228.98
-216.24
-226.95
-227.01
-212.93
-222.63
-211.63
-230.86
-217.45
-226.54
-219.22
-224.60
-223.70
-223.32
-222.27
-235.56
-218.02
-218.42
-222.23
-220.23
-223.64
-221.32
-222.86
-222.76
-216.63
-221.17
-224.69
-225.63
-217.99
-224.07
-215.96
-225.40
-212.36
-215.67
-225.92
-230.74
-218.36
-224.13
-227.56
-225.75
-216.43
-224.32
-217.61
-228.10
-224.93
-223.85
-221.65
-218.38
-223.04
-221.66
-225.15
-212.87
-222.24
-227.41
-220.55
-225.64
-227.14
-225.76
-218.86
-218.64
-226.69
-220.72
-209.84
-216.23
-213.59
-223.83
-228.49
-222.93
-223.71
-223.52
-223.61
-225.65
-223.64
-232.61
-220.84
-213.65
-231.78
-230.47
-222.38
-223.98
-222.41
-233.41
-226.67
-227.12
-220.57
-222.69
-218.13
-225.63
-220.53
-229.79
-222.90
-219.43
-218.84
-224.54
-216.17
-224.42
-223.44
-221.99
-219.79
-214.80
-224.30
-232.34
-225.00
-225.45
-234.08
-218.74
-233.86
-213.92
-229.95
-214.40
-221.89
-219.98
-210.43
-215.50
-225.69
-229.35
-232.02
-215.06
-231.40
-222.50
-223.47
-219.33
-229.21
-227.62
-231.92
-224.05
-228.97
-226.05
-219.42
-229.12
-219.58
-224.87
-220.16
-210.78
-223.99
-221.71
-229.93
-219.08
-209.15
-227.75
-223.79
-219.84
-214.25
-213.86
-229.36
-221.87
-223.90
-227.44
-212.36
-231.31
-214.78
-223.06
-227.96
-217.28
-214.58
-230.27
-223.27
-226.29
-226.12
-227.65
-217.37
-229.40
-218.49
-231.93
-227.54
-227.49
-217.07
-219.47
-228.65
-221.17
-213.30
-224.47
-228.43
-236.02
-222.50
-221.86
-224.62
-218.29
-219.40
-226.81
-220.26
-229.76
-226.35
-219.02
-217.50
-219.95
-223.22
-225.61
-217.84
-227.69
-232.53
-222.86
-228.58
-231.97
-210.11
-231.27
-228.96
-220.58
-220.74
-222.57
-215.51
-218.41
-227.34
-226.30
-221.28
-215.54
-212.87
-222.95
-218.41
-221.28
-227.46
-222.59
-227.78
-215.96
-215.25
-228.23
-218.85
-227.33
-230.07
-223.03
-228.45
-225.52
-220.66
-218.84
-227.14
-221.65
-215.36
-226.66
-211.31
-221.68
-229.34
-215.71
-221.10
-220.65
-222.49
-227.28
-228.73
-220.09
-223.17
-213.80
-221.67
-229.47
-221.00
-218.83
-214.44
-228.26
-212.33
-221.49
-225.01
-227.14
-227.96
-217.80
-232.52
-224.33
-223.50
-224.64
-228.47
-220.44
-224.97
-222.49
-226.74
-222.20
-214.30
-229.55
-223.16
-223.26
-220.49
-218.44
-220.28
-226.77
-220.71
-231.90
-236.96
-222.60
-223.67
-227.85
-224.43
-220.05
-213.13
-221.96
-227.37
-223.62
-215.70
-226.72
-220.49
-215.21
-222.88
-235.00
-218.69
-221.30
-219.75
-222.89
-221.61
-227.04
-215.93
-218.42
-222.39
-220.85
-229.23
-217.69
-221.68
-237.17
-229.77
-220.53
-227.01
-220.36
-225.39
-224.28
-211.54
-226.86
-223.47
-218.67
-219.71
-209.61
-223.30
-225.59
-236.44
-217.07
-219.62
-218.48
-225.34
-227.78
-214.06
-217.46
-226.66
-215.34
-230.01
-227.61
-227.15
-227.98
-214.48
-215.17
-226.81
-218.87
-222.01
-226.07
-225.42
-225.44
-220.03
-230.79
-223.61
-222.90
-223.77
-226.02
-221.96
-230.43
-228.00
-227.73
-225.24
-214.09
-227.24
-224.04
-219.16
-222.69
-234.69
-227.97
-219.70
-210.51
-233.04
-215.15
-221.64
-227.64
-218.91
-218.23
-214.23
-219.94
-225.32
-210.08
-217.87
-233.46
-233.70
-219.10
-222.59
-225.88
-229.54
-225.32
-225.84
-221.09
-228.11
-225.90
-225.29
-219.90
-227.64
-225.42
-218.55
-228.61
-216.24
-226.69
-220.76
-215.57
-234.02
-213.07
-229.38
-223.45
-218.55
-217.23
-225.15
-215.97
-225.48
-224.50
-226.24
-214.62
-223.42
-225.83
-215.12
-220.80
-224.53
-225.43
-209.14
-228.65
-215.56
-225.81
-223.01
-224.23
-231.12
-224.89
-226.76
-217.83
-228.87
-227.14
-219.12
-226.92
-228.16
-228.85
-229.32
-226.34
-221.73
-232.04
-232.03
-225.93
-218.11
-221.39
-217.37
-222.93
-216.88
-229.29
-219.71
-230.13
-222.15
-225.06
-227.98
-219.26
-226.04
-228.44
-222.17
-224.20
-219.06
-222.18
-233.26
-216.74
-219.67
-217.28
-228.81
-226.04
-215.82
-224.67
-227.99
-233.66
-228.85
-213.86
-229.60
-221.25
-224.65
-219.21
-225.08
-223.82
-225.25
-224.09
-226.71
-230.17
-228.21
-229.53
-226.74
-221.77
-224.97
-216.14
-226.30
-228.18
-229.59
-229.68
-221.28
-225.90
-221.33
-223.79
-224.85
-227.53
-225.46
-227.57
-229.58
-227.66
-225.45
-234.73
-231.90
-217.24
-220.73
-232.57
-234.82
-222.00
-221.30
-218.45
-226.04
-215.52
-221.69
-223.66
-224.16
-226.71
-224.74
-227.70
-228.46
-222.40
-236.29
-227.82
-215.24
-230.14
-221.01
-230.90
-223.87
-224.54
-216.01
-229.34
-221.47
-229.17
-219.74
-224.92
-229.37
-229.09
-217.41
-218.16
-225.25
-230.37
-218.07
-223.67
-232.68
-218.88
-223.46
-224.39
-226.50
-224.26
-227.27
-212.54
-226.77
-211.45
-218.96
-224.72
-219.78
-215.74
-224.15
-223.20
-220.29
-222.71
-213.42
-221.06
-218.79
-211.98
-224.59
-225.69
-224.65
-219.80
-218.78
-217.20
-226.13
-220.48
-218.80
-219.24
-209.14
-214.95
-218.33
-215.18
-216.99
-228.34
-220.23
-225.24
-230.65
-225.73
-228.13
-228.10
-220.83
-222.33
-222.95
-227.73
-218.67
-217.76
-224.84
-226.00
-216.67
-222.39
-221.62
-227.11
-213.87
-224.10
-226.16
-215.45
-226.76
-219.80
-225.04
-225.21
-219.05
-239.43
-226.19
-220.94
-223.95
-214.18
-223.58
-224.09
-222.75
-220.04
-234.53
-216.37
-228.84
-229.22
-219.79
-226.64
-224.78
-220.57
-228.77
-211.51
-218.43
-216.83
-216.05
-230.06
-227.97
-224.77
-220.44
-218.17
-225.88
-219.23
-223.48
-224.95
-215.78
-210.58
-228.46
-226.17
-233.30
-223.93
-222.57
-222.30
-219.92
-222.27
-221.47
-221.83
-219.34
-224.42
-218.48
-217.16
-222.21
-214.16
-228.75
-217.31
-207.60
-227.21
-230.42
-224.20
-227.39
-212.15
-226.02
-227.76
-220.66
-233.06
-222.62
-228.54
-222.55
-223.42
-212.32
-218.85
-215.69
-217.34
-235.94
-228.62
-215.56
-221.33
-223.21
-234.85
-239.13
-223.37
-226.25
-217.20
-219.79
-223.53
-216.28
-221.16
-221.62
-227.93
-222.63
-224.69
-226.20
-226.35
-223.66
-229.61
-225.94
-225.03
-228.59
-222.43
-238.70
-227.51
-216.80
-226.17
-221.92
-223.36
-223.63
-223.36
-223.98
-223.39
-227.92
-219.43
-222.28
-220.30
-225.50
-220.06
-219.07
-224.60
-223.46
-231.59
-223.01
-215.84
-226.51
-222.95
-218.57
-222.63
-216.03
-228.51
-229.44
-228.29
-217.20
-227.16
-221.20
-215.92
-220.87
-216.83
-228.77
-227.00
-230.18
-216.89
-226.91
-222.82
-218.21
-227.43
-217.56
-225.27
-216.55
-229.37
-220.11
-217.08
-226.74
-218.86
-226.82
-213.51
-225.04
-227.59
-230.39
-223.34
-226.14
-208.26
-231.42
-226.38
-225.52
-222.04
-222.13
-222.94
-224.05
-223.83
-212.83
-224.41
-221.29
-225.90
-232.74
-230.25
-218.39
-236.09
-218.03
-226.95
-211.98
-225.23
-231.55
-229.92
-222.27
-223.70
-222.63
-221.97
-220.50
-217.71
-222.14
-228.90
-221.51
-225.84
-229.18
-233.22
-219.27
-233.74
-221.26
-214.91
-216.21
-219.19
-230.43
-215.11
-222.29
-223.25
-229.69
-222.63
-226.86
-216.00
-214.48
-222.97
-226.06
-211.08
-232.29
-214.17
-215.60
-212.30
-221.73
-220.54
-225.02
-225.00
-230.06
-223.78
-226.89
-222.90
-218.87
-221.89
-218.06
-220.10
-220.45
-220.72
-229.78
-222.53
-213.59
-224.80
-223.73
-222.34
-218.80
-220.94
-220.38
-224.54
-219.92
-224.47
-226.56
-223.55
-223.95
-218.50
-227.64
-220.32
-222.18
-223.91
-222.00
-212.28
-227.18
-228.32
-218.97
-221.20
-222.63
-216.01
-227.39
-215.52
-223.78
-217.60
-220.63
-226.52
-214.60
-220.03
-226.74
-219.33
-221.32
-221.87
-221.29
-224.16
-224.19
-224.98
-216.45
-222.09
-224.79
-216.97
-219.54
-217.54
-219.58
-231.49
-231.73
-219.63
-222.45
-217.44
-231.13
-215.42
-220.86
-225.93
-223.95
-229.86
-219.24
-225.14
-216.76
-214.40
-231.17
-219.04
-219.19
-217.29
-221.59
-221.31
-215.91
-225.82
-224.79
-232.23
-226.88
-222.65
-219.89
-227.90
-218.78
-216.21
-218.55
-220.64
-222.95
-226.75
-229.70
-228.06
-222.37
-226.96
-221.76
-223.65
-222.65
-235.09
-215.07
-229.72
-226.25
-228.22
-225.67
-224.28
-224.53
-215.51
-224.84
-217.81
-232.87
-228.89
-215.31
-225.42
-222.60
-220.74
-229.06
-225.96
-224.77
-221.49
-223.63
-229.83
-223.34
-223.68
-213.75
-214.76
-224.32
-226.58
-226.63
-232.12
-217.03
-225.43
-230.45
-227.01
-222.55
-234.68
-227.37
-222.56
-226.35
-224.87
-223.46
-219.58
-227.58
-222.66
-223.59
-222.93
-222.07
-227.90
-224.19
-228.33
-227.58
-225.11
-215.29
-227.84
-214.51
-228.24
-216.31
-223.72
-227.76
-220.91
-221.89
-235.34
-220.59
-221.13
-233.33
-217.21
-213.69
-220.20
-227.40
-222.39
-235.72
-219.43
-222.06
-231.65
-230.09
-216.18
-225.40
-223.77
-232.83
-225.43
-217.16
-225.40
-221.89
-229.57
-219.46
-226.63
-222.87
-223.87
-229.19
-223.96
-219.74
-220.51
-222.48
-214.85
-228.54
-225.13
-217.39
-213.95
-232.24
-222.29
-227.95
-228.50
-230.26
-228.93
-227.48
-223.51
-222.40
-225.30
-227.21
-224.71
-228.41
-225.28
-223.04
-228.19
-224.61
-222.54
-223.72
-225.76
-224.02
-230.11
-222.11
-222.43
-215.03
-221.84
-221.62
-220.24
-220.85
-232.55
-220.78
-220.36
-219.22
-219.55
-231.86
-216.23
-221.24
-224.14
-218.14
-226.01
-229.16
-215.86
-211.61
-225.51
-216.22
-223.14
-223.06
-211.71
-234.31
-222.46
-226.04
-229.47
-214.69
-219.54
-227.29
-220.78
-231.20
-233.81
-214.24
-223.33
-223.48
-231.78
-234.52
-208.14
-226.80
-209.42
-229.96
-224.85
-222.41
-225.65
-229.00
-221.31
-227.49
-222.54
-226.10
-226.36
-226.68
-214.63
-210.34
-223.05
-229.25
-212.57
-230.64
-219.15
-228.00
-219.27
-222.75
-213.75
-229.87
-228.91
-231.67
-219.36
-224.04
-212.52
-221.61
-225.95
-217.06
-223.38
-231.27
-217.32
-223.09
-225.63
-218.77
-224.32
-219.03
-235.78
-217.61
-220.45
-231.32
-220.21
-227.06
-220.81
-224.89
-218.18
-224.46
-230.02
-221.95
-219.20
-222.16
-231.22
-223.89
-225.59
-224.50
-227.76
-221.00
-224.75
-215.55
-221.48
-224.66
-213.60
-220.03
-214.61
-227.81
-221.31
-215.17
-225.31
-216.64
-215.26
-217.26
-206.86
-222.75
-224.25
-210.71
-226.14
-220.44
-231.51
-218.41
-227.39
-225.26
-217.53
-225.73
-222.54
-213.06
-218.70
-227.60
-225.15
-222.79
-224.35
-219.16
-220.32
-223.61
-213.71
-220.60
-224.38
-222.49
-229.10
-238.28
-224.12
-235.65
-221.63
-221.27
-225.09
-219.34
-224.92
-230.79
-220.29
-215.80
-224.71
-223.88
-224.41
-218.65
-225.14
-218.74
-220.67
-226.85
-224.60
-226.40
-229.16
-213.10
-228.07
-227.03
-230.91
-229.32
-220.15
-216.68
-227.93
-223.69
-228.83
-223.36
-216.59
-209.59
-219.69
-229.36
-218.76
-227.59
-214.11
-225.90
-206.84
-220.53
-215.41
-222.24
-226.43
-220.42
-230.33
-212.98
-223.77
-229.70
-222.25
-207.35
-213.56
-234.15
-216.59
-220.17
-227.26
-219.98
-216.74
-227.48
-209.12
-209.36
-224.62
-222.77
-225.60
-221.86
-223.32
-217.17
-221.52
-219.95
-214.51
-218.47
-218.96
-213.26
-220.63
-219.21
-216.23
-220.34
-216.22
-213.46
-232.73
-223.12
-223.54
-224.24
-226.25
-223.71
-221.00
-217.83
-214.87
-223.87
-224.46
-222.65
-227.69
-231.67
-224.73
-224.14
-222.72
-207.65
-222.54
-222.52
-222.73
-219.94
-217.40
-216.48
-225.87
-225.85
-229.59
-218.88
-226.22
-218.73
-224.00
-215.94
-212.02
-224.34
-220.91
-228.82
-226.81
-219.60
-218.57
-211.48
-216.70
-222.43
-228.97
-218.19
-223.84
-219.54
-219.94
-214.69
-223.44
-212.32
-218.98
-221.86
-224.65
-224.04
-225.48
-232.84
-222.49
-217.45
-218.82
-226.29
-217.46
-228.41
-215.38
-220.52
-221.21
-230.37
-227.40
-232.74
-224.67
-221.87
-223.17
-226.91
-231.61
-225.43
-226.05
-220.24
-220.28
-228.99
-224.92
-224.58
-227.95
-220.17
-222.38
-229.85
-222.24
-216.99
-223.47
-226.42
-230.48
-219.63
-228.97
-214.01
-217.07
-215.83
-227.26
-217.42
-231.64
-225.46
-224.92
-222.05
-221.10
-227.58
-229.10
-223.03
-219.02
-220.51
-222.20
-230.58
-225.82
-219.00
-225.38
-229.85
-223.20
-227.58
-228.12
-212.87
-214.87
-227.51
-226.01
-213.22
-221.24
-222.89
-217.99
-223.08
-220.46
-212.11
-216.15
-223.30
-228.00
-223.24
-223.11
-222.72
-232.46
-224.15
-221.14
-218.15
-223.87
-222.51
-224.57
-229.30
-225.62
-223.18
-231.70
-227.67
-225.42
-223.41
-217.51
-230.13
-217.10
-223.84
-226.89
-220.11
-213.36
-221.68
-226.28
-230.41
-225.03
-233.71
-221.86
-211.17
-218.65
-221.69
-222.58
-232.85
-218.99
-224.52
-220.01
-232.39
-218.69
-228.34
-228.69
-216.16
-215.54
-219.36
-225.30
-217.27
-217.44
-233.38
-221.37
-217.53
-225.49
-204.11
-222.73
-222.81
-221.77
-226.49
-229.58
-228.69
-222.17
-226.97
-223.90
-231.63
-226.60
-227.64
-229.06
-221.66
-210.13
-224.77
-231.98
-229.49
-223.34
-229.88
-221.41
-230.25
-216.70
-230.17
-224.52
-220.63
-222.68
-217.61
-212.50
-218.97
-219.15
-214.28
-225.53
-224.82
-225.07
-230.98
-220.99
-224.16
-219.54
-225.97
-220.54
-214.87
-225.35
-227.56
-212.57
-214.08
-222.04
-217.01
-226.01
-221.30
-223.47
-231.73
-225.09
-230.21
-233.42
-224.23
-222.20
-216.53
-216.95
-221.91
-230.94
-218.54
-224.97
-219.72
-218.29
-223.01
-218.29
-210.57
-220.36
-220.83
-219.14
-220.17
-227.34
-220.64
-225.93
-229.55
-213.55
-224.22
-219.54
-223.05
-227.79
-227.04
-214.48
-231.19
-228.62
-222.89
-220.27
-227.98
-221.56
-221.76
-226.68
-226.06
-225.03
-219.75
-224.95
-222.84
-228.90
-231.48
-223.66
-224.55
-225.02
-226.93
-221.92
-228.34
-224.10
-225.90
-223.01
-216.91
-229.12
-220.52
-217.91
-215.95
-230.97
-219.65
-230.23
-230.47
-213.75
-218.44
-241.84
-224.29
-226.45
-229.55
-222.04
-214.68
-226.68
-227.65
-217.91
-220.29
-222.26
-215.08
-218.58
-217.97
-214.44
-222.35
-225.86
-225.66
-210.10
-223.73
-215.59
-222.39
-221.78
-231.13
-220.49
-229.41
-225.18
-219.74
-221.63
-216.31
-227.65
-225.95
-223.05
-226.84
-224.86
-223.64
-237.20
-220.69
-224.11
-226.17
-227.40
-229.43
-225.55
-225.85
-225.09
-225.64
-221.40
-220.58
-231.45
-217.49
-230.06
-222.89
-222.63
-236.38
-217.69
-229.75
-227.06
-228.39
-221.51
-218.91
-230.18
-215.47
-214.09
-220.01
-236.49
-226.06
-233.02
-211.57
-224.36
-232.42
-231.93
-215.82
-212.48
-221.85
-232.42
-226.17
-221.28
-232.38
-222.00
-227.87
-217.80
-227.37
-229.26
-226.94
-221.81
-232.66
-220.41
-217.34
-221.22
-224.43
-225.17
-225.14
-230.62
-227.02
-222.92
-222.11
-226.72
-219.36
-225.91
-216.97
-224.27
-222.05
-224.88
-229.47
-227.23
-222.26
-232.43
-231.70
-222.72
-215.86
-214.07
-214.88
-221.37
-226.18
-220.95
-224.93
-226.25
-225.44
-229.10
-231.27
-224.87
-224.24
-217.12
-224.04
-225.72
-221.04
-231.16
-226.17
-229.25
-216.31
-224.84
-226.06
-221.59
-227.05
-228.84
-214.03
-216.26
-223.00
-219.83
-218.72
-221.68
-221.21
-229.41
-226.95
-223.36
-228.88
-222.55
-226.36
-217.34
-230.87
-223.94
-220.65
-221.81
-225.30
-219.09
-222.25
-227.72
-224.91
-221.56
-223.29
-223.69
-219.30
-218.64
-214.11
-222.48
-222.62
-225.80
-218.51
-218.48
-224.35
-227.79
-228.25
-226.72
-223.04
-229.52
-223.66
-215.55
-224.65
-223.74
-225.06
-224.14
-219.97
-232.67
-228.57
-222.97
-226.37
-215.02
-224.52
-229.85
-228.11
-219.06
-223.65
-223.00
-220.77
-216.64
-220.81
-222.14
-223.45
-221.04
-217.92
-228.51
-227.78
-228.35
-219.98
-228.94
-230.70
-214.79
-217.22
-224.47
-209.26
-226.47
-231.14
-211.63
-226.76
-220.68
-220.90
-217.42
-217.92
-232.87
-220.82
-219.38
-225.70
-233.35
-231.27
-221.27
-230.97
-228.60
-218.71
-217.38
-226.53
-226.91
-225.58
-225.56
-220.71
-230.34
-222.94
-217.04
-224.42
-226.42
-222.79
-222.82
-221.66
-213.80
-221.93
-225.16
-233.66
-225.80
-225.76
-227.35
-214.45
-219.93
-228.21
-223.36
-221.12
-217.11
-219.97
-220.84
-211.04
-226.85
-230.06
-221.03
-213.65
-222.54
-229.29
-228.97
-221.20
-216.21
-217.85
-231.05
-223.00
-220.23
-224.62
-226.33
-219.83
-220.60
-224.03
-229.22
-223.29
-210.36
-218.17
-224.76
-221.29
-228.37
-216.69
-224.55
-221.11
-224.80
-229.80
-223.00
-226.35
-215.91
-217.66
-219.20
-217.40
-226.27
-223.46
-228.08
-225.18
-222.59
-227.15
-220.67
-219.65
-221.06
-225.91
-228.61
-212.39
-226.40
-227.39
-221.90
-225.20
-226.65
-231.84
-224.50
-216.73
-224.69
-207.51
-226.63
-227.29
-215.69
-220.62
-229.79
-231.70
-220.97
-223.91
-219.65
-223.56
-216.77
-218.80
-217.15
-222.60
-220.62
-231.46
-218.65
-223.43
-211.56
-219.98
-218.72
-219.37
-221.16
-226.22
-223.22
-216.69
-228.32
-224.16
-222.90
-218.84
-225.48
-229.63
-223.85
-216.73
-221.82
-224.98
-220.24
-221.90
-220.84
-216.09
-215.99
-223.80
-220.10
-223.72
-219.93
-226.98
-216.82
-227.93
-224.69
-231.00
-228.78
-213.06
-227.94
-218.76
-230.33
-229.53
-208.40
-229.89
-218.10
-219.37
-213.94
-218.05
-218.75
-231.14
-217.60
-218.70
-224.83
-216.11
-228.08
-215.30
-230.65
-215.49
-215.26
-226.78
-216.60
-218.57
-229.13
-221.01
-211.53
-220.13
-229.46
-222.64
-223.77
-217.11
-216.39
-225.37
-222.37
-228.55
-207.24
-221.80
-221.78
-222.55
-224.00
-226.02
-234.64
-232.38
-227.91
-232.02
-227.99
-226.16
-214.96
-228.87
-221.38
-205.93
-222.30
-223.38
-216.19
-217.70
-222.77
-229.45
-221.18
-216.27
-234.99
-229.04
-226.23
-226.75
-218.18
-210.45
-226.47
-221.83
-222.58
-218.41
-227.30
-226.95
-221.61
-220.34
-223.10
-228.76
-222.20
-219.66
-226.13
-216.18
-225.47
-217.65
-216.75
-218.32
-226.00
-224.79
-224.78
-222.21
-219.49
-219.51
-224.35
-222.99
-224.82
-234.75
-217.96
-233.72
-224.59
-225.97
-216.57
-220.77
-219.97
-231.98
-226.17
-217.42
-225.82
-224.20
-216.29
-223.60
-228.22
-222.18
-223.24
-214.60
-220.04
-223.09
-219.75
-228.70
-221.82
-232.53
-214.63
-217.72
-229.83
-231.22
-224.54
-219.32
-219.06
-219.96
-222.82
-221.85
-220.68
-224.01
-228.61
-219.28
-226.62
-216.29
-217.78
-229.47
-231.63
-219.96
-217.54
-218.72
-231.59
-228.91
-225.89
-221.17
-215.32
-222.94
-226.81
-223.33
-231.85
-225.30
-219.91
-220.86
-221.06
-213.58
-219.63
-220.17
-217.15
-218.04
-220.79
-224.84
-227.79
-220.01
-224.07
-226.52
-229.21
-223.37
-229.36
-228.49
-226.66
-222.16
-222.46
-230.44
-230.49
-220.93
-233.09
-221.65
-224.13
-213.84
-240.32
-224.86
-227.79
-222.66
-227.48
-226.52
-225.39
-225.42
-227.38
-227.36
-215.10
-210.75
-215.31
-222.56
-226.52
-231.72
-220.63
-220.60
-215.53
-226.40
-220.05
-225.02
-208.90
-221.38
-228.15
-229.55
-225.66
-229.35
-225.20
-215.86
-218.34
-220.10
-217.74
-219.40
-221.34
-221.82
-223.51
-214.52
-230.34
-217.71
-210.67
-228.60
-220.18
-229.34
-223.85
-206.30
-229.40
-218.83
-211.80
-224.04
-221.58
-218.54
-215.40
-217.87
-225.09
-220.36
-228.08
-214.07
-223.32
-225.22
-218.71
-227.36
-222.97
-220.96
-229.12
-227.74
-219.08
-219.20
-235.14
-227.86
-217.04
-220.84
-214.00
-216.23
-221.57
-227.08
-215.19
-231.57
-217.84
-222.74
-230.00
-226.14
-225.26
-220.93
-221.85
-221.14
-224.19
-221.60
-223.21
-224.72
-224.73
-222.01
-226.67
-218.15
-226.89
-228.00
-223.07
-223.80
-226.99
-224.56
-218.36
-208.55
-220.13
-220.47
-218.52
-224.95
-211.50
-222.56
-222.48
-224.39
-220.01
-221.78
-227.21
-221.08
-232.53
-219.91
-228.87
-218.80
-221.96
-224.82
-226.94
-225.77
-222.15
-215.85
-221.41
-216.61
-220.93
-219.00
-223.03
-228.07
-223.74
-231.53
-221.71
-227.84
-223.28
-222.31
-230.46
-224.97
-207.22
-217.11
-235.76
-211.67
-221.00
-227.27
-221.59
-223.80
-222.84
-229.47
-226.77
-218.29
-217.11
-223.20
-212.08
-220.57
-227.50
-231.26
-226.70
-226.02
-223.17
-218.81
-214.79
-232.04
-226.29
-224.17
-219.49
-217.95
-218.99
-224.77
-225.84
-226.65
-218.95
-213.34
-209.16
-215.20
-218.33
-222.27
-225.60
-221.75
-222.80
-222.72
-229.35
-226.14
-227.54
-223.42
-226.17
-223.02
-231.67
-222.79
